10111100110110001000111101101011
10111100101100110111000010000001
10111100111001011111011100101000
10111100100101110000000011001011
10111101010111101100010101010100
00111100000010000001010010001001
10111101010001000010001011000010
10111011110001101111001011011000
10111100110010011010001101111111
10111100100100111111001001101110
10111101010110100110010001110010
10111101001101010100000101011010
00111001111110011010111101101010
00111010011011101110111100001010
10111101000100000111001100100000
10111100001001011100010011110011
10111101010010011001111111001111
10111101101001110111111000010010
10111101011100010000100000100000
10111101100001110100100000011011
00111101001110110110101111000101
00111100000011100110011100011101
10111100110000010011011101100110
10111100010110101011101100011100
10111101011000011110001000001011
10111101010101010000011110000001
00111010001101101111111110111101
00111100001011111100000110100110
00111100000011101010110110110110
10111100100001101101001000011101
10111100011000001000100001011010
00111100101100100111100010010100
00111101100010110100000111100111
00111100111001011000001011100000
10111100101000010000000101010001
00111100111000110101001110101110
10111100111011011101111010010111
00111100100000001010110110010011
10111101000010100101010111110111
10111100100111011001001001001001
10111011110011011111001000110110
10111100011001000100011110001100
00111101000101000100000111011000
00111100110111011111110011001100
10111101001101110010100001011101
00111100011101110101101110110010
00111100001111000110011110010010
10111100011010001110110100111100
00111011010001010011001111000110
10111100101001111011001100111111
10111100001111111011010110011100
10111101000110101100001000000101
00111011101110111111110101101010
10111100101100011101111001011010
00111011100010000101011101000011
00111100011000101110111000110101
10111101001001110001110100010100
10111101000011001010110100001100
10111100101000011111110110001001
10111100111111111110000000110100
10111101001100011011000110100011
00111000000101100010000110000001
10111010000101000110000101001111
00111101101000011111010010011010
10111101000110100111111010010111
10111101010000011000110101111110
00111100101011100011001000011000
00111100010100111000000000110001
00111101001111001000100001001110
00111101000110100101100111010111
00111010111110100001100101011110
00111100010011011000110011111110
10111100011000010000001001011001
00111100111000101111001000110100
00111101000011000110101100101011
10111101001010001001110001011100
10111101010000001100011101001000
00111100101100110001010110111111
10111101100010111001010110110000
00111000011011110100000101000001
00111100110110000001010010100111
10111110000011001010010111001010
10111101010001110100110001111010
00111011011101101100111110011110
00111100110101110101001000000111
00111101010100101110110000000011
00111100111101001101000000011011
10111100111101110111010110011010
00111100101011001011100100100101
10111101101110111101110110000100
10111100111010010110001011000011
00111101010010101001001110100110
00111100101111011101101111111011
00111011001100000110110110001010
10111101000011011011100101000110
10111101001101101001011000100100
10111101010101010001111001001101
10111101100010011010010101100110
10111100010001010100101000111010
10111011001011100101110101100000
10111010000000100101110001000011
10111100101111110100110111111101
00111100110111110011000110111110
00111101100011001001000110110110
10111100001011011011010011010001
10111100111000110101110111001100
10111101101001110011010001111111
10111101000110100010110010100000
10111100100100000110100110110100
10111011111110001100001000001001
00111100100100010101110110100010
00111011000001100111100100001010
10111100111001001111000101111010
00111100000111111000010010111100
00111100100110011011010010011001
10111100111111001001000011010000
10111101100101000100011100101110
10111100101110101111001101111110
00111100101011010001000010011110
00111100110001000101111110010101
00111100101100110011001100010111
00111101000000011110100000001011
10111101000100010011110001000000
10111100011110000101001011000001
00111100111001011010100111001000
00111011101000000000011010011010
00111011001100000100010001101111
00111101010011111111110010011110
00111100011101100001011110110110
10111101000010101000100111110101
00111011100100100101001101001010
10111100010110000011100001111101
10111100110010110111100100011011
10111101010101011000001001011001
10111011000000000001101001101111
10111101000011100001010110011110
00111100101001101010001011100001
00111101000010100110110110001000
10111100100011001111001111111011
00111011101100100111110011111111
10111100100101010111101100110001
10111100011111011110011111011000
10111100111000001001101101100110
10111100000101101101001011101110
10111101011010111100001001001001
10111101000110100000010001011011
00111011011010111011010000000110
10111100100001101110011011000101
00111101001000101111010011010110
10111100110101101010011100001111
00111101001011101101111111110001
00111100100111000100111111100001
10111100101010001111111101110101
00111011111001010101110100111100
00111100110101011101100101001101
10111101100001110001101001000110
00111100000010000000000000110011
10111100111100001110101000110100
00111100101110111001000001000000
00111100101101110011100001100101
10111100100000110000100110000111
00111011010110101101010010010111
00111001001100100011001111011100
00111101010011001101000101001011
10111101000110010000010111010001
00111101101011101001100000000000
00111100111010011001001010100010
10111100110000000101111110000111
10111100110100111111011010111111
10111101011010100010110100011101
10111101001100011001101100110111
10111101010011110110111101000101
10111101101000011010001100101111
10111100001000011000100001101111
10111011110001111101011111110111
10111100010001110001111011001111
00111011010010101110010100011010
00111011101110010001001010011010
10111100111111000101110011101101
00111100010001010110111100010001
10111100100111000111100011001101
10111101000100001010011010011100
10111101010010111000110111111001
00111101000011110000111011010110
10111100110111001010001001010000
10111011100010111110111010101011
00111011000110000111101100000011
10111001100010001111010010110000
00111100011011011111011101101010
00111010101101101111011100010001
10111100100001011111001011001001
10111100100001111100101101101000
00111101000110001000010110111111
10111101000110111010111100000010
00111100111010101111101010100001
10111101010100011101001100010010
10111011101110011101001100011110
00111101001101100011011011110011
10111100100100111101101111010001
10111101100000000001111011001000
10111100010011111100101100001011
10111011101011110000011010100011
10111101101000011111111110010101
10111101100110001110111010110000
00111011100000000010011111011100
00111100001010001011000100101110
10111101100100000010000110111101
00111101001101101111000111110000
00111101011010101000101101101111
10111100101000111000101011101011
10111100100010011001010010010100
10111100010110011010111001010001
10111101011111110111000111011101
00111100101101101000100101110011
10111010111001001001010111101101
10111100101001100010101001111101
00111011010010111011011010000001
00111101010000001000011000110111
10111011110010110100100111101000
00111100101101010000111000010011
10111101010110101000010011010011
00111101001101000101000110111111
00111100010000100001001000100111
10111010001011010000000010010101
10111101100001011001001101010010
00111100000001101101000001010111
10111100011011000110001001011110
00111101001011101010110101111111
10111100100010111101010110001101
10111100100000010100010101111010
00111100001100101101001010011100
10111010110010011000011110001010
10111100101011100010111111110111
10111011011000000101011001110100
00111101000110111000001100010100
10111100010011000010011010111100
00111100111110111010001011111011
00111100110010100010011111011110
00111011101111110111110111001010
10111101101010011010010000001111
10111100001110011010001010111011
10111011011001001010000111111100
10111101001101001011000101110101
10111100110001111101000111100100
00111100110111001111110111010011
10111100100100111010110111010001
10111100100000101100101100101001
00111010110000101010110000000101
00111100100010101010010111100100
00111101000100100000111000111110
10111011101110110111011010101111
00111101010101100011101001101001
10111101110001011100100110100110
10111100101000110010100100100000
10111100110000000010000111011100
10111101001100101001011111000010
00111011011000100101111010010111
00111011111110101101110001100111
10111101011011110111000010010000
00111101010101010110001000011101
00111100111001011011111110100110
00111100100000011000100100000000
00111011000011010111111111010101
10111100110011101110110001010111
00111011111110011101110101011111
00111101100000100110000010011101
10111100101100110111111101111001
10111101000001001001001001000000
00111100101100011010010100001000
10111100110010100001000011101011
10110111010011110110010101110000
00111101000111111011000010010001
10111101100000110011001001110011
00111100000111101101110001000000
10111100001101000110110011111000
10111100110100101011000000110111
00111011100110111001110101010110
00111100100011100101001100111110
00111100100010000111001011010100
00111101101001100111111100110110
10111100101100111000101111100110
00111100010011101111100001101110
10111100110010011001110100100101
00111101010010010011011100000011
10111100001000111010000010000100
10111100100111010000110010001100
00111101000110101111111000000101
10111101010101101101101000111111
10111101100010010101100100111010
10111101101011011001110100110001
00111011011100110110110111110010
00111011111101000100001000001111
10111101100011011000010111010000
00111101001101011110000110101001
10111101000011111100001001001111
10111100100101000001010011111100
10111011101100101101100111101100
10111100110000001000010011110111
10111100101110010001100001111110
10111011110100000000010111001011
10111101010100010001011001100010
10111100110011101101101101111111
00111011110100011001000100010111
00111100111111100011100100000111
00111100110101101100111010111110
00111101001001110100010000001001
10111100111100001001111110111000
10111010101010110001110110010110
00111010111100111100010101001111
10111101010001101100000011111001
00111100000000001001010001110001
10111011010101010000110010100111
10111101001001011001000101100100
00111100101011110100111010011010
10111100110011111100011101001111
10111101010101011000101011110101
10111100000110010100111101100100
10111101001111110101101100011000
00111101001001011101101101010010
10111100110110010010111100100101
00111101010111111111001010111101
00111100100101101110111101010111
00111011010110010010110001100101
10111011110101010100011001000111
10111101000010000101110001100010
00111011100000111001101001010111
00111100111110000000010001110101
10111010111110011010011000111011
10111101100100110011000000010111
00111011111000101101011101001011
00111100100111011101110111011110
10111100111011010100100101010000
00111100010000000100111111101000
10111100010111000111111011010111
10111101000001010001010111100100
00111100111111110100010001101011
00111101010111111111001011011100
10111100001010011110110001100000
00111011001111011001000101110010
10111100110100111011010101101000
10111100000010111110010011011000
00111101011000111000010011010100
00111010101110011000100111110010
00111100101101010101000101101101
00111101010101001001010001001111
10111011010110111011011011110011
00111101001001000000110110111011
10111010101011110000001111000001
00111101000000000101111110001101
00111011100110001101101100111100
10111001011101000011000010001000
10111101010110000011000000111100
10111101001000101101100001000101
00111011110110011110111010010110
10111101100101100101001100000010
10111100101100010000010110110111
10111100000001111101011100000110
00111100001101100100100001111111
10111101000101100100110001011110
00111101001010101001011101110000
10111100001001110111110000101011
10111101101100001100011001010111
10111101001001010110001010001110
10111100111100010011000001101110
10111101001001111100100001011101
10111101011110111001011101110110
10111100010001000101010010101011
10111101100100010001001011111110
10111100110111110111111001101000
10111011110011111011111000011011
10111101001011100000110011010111
00111101010100100111101111010111
10111011100100111011111001101010
00111011111010111011100000011010
00111100011010011111100110111011
10111100001010001000110101110111
10111100111101000011010000111010
10111100101100111001101100000000
10111011111010001101001001001100
10111100101010000101010101110000
10111100111100010101000101000101
00111101010000001100110011011000
10111101001101001010110110011001
10111100100110011111111110101001
00111101001110001110001110100000
10111110000100100111001001100111
00111100111001001001100110100011
00111101011010100110101001100110
00111101010010110101100111101010
10111101001010111000000001010001
00111101001100111000001111110011
10111100010000000111001000110000
10111011111100000110111001111111
00111100110111100011001000111101
00111011011101110001101100001011
00111101000011110110011111110111
10111100100100101110101010011100
10111100100011100001011100011001
00111100101010011010001000011011
10111101000111000101001011110110
00111100100110101011111010110110
00111011101111000110010011111000
00111100010000000110110001110110
10111101000110000011111010001111
00111100110110101111100111011110
00111100001101110001010110101000
00111100001101001001001110110001
10111100001011001010001100110000
00111100100000000011110100111000
00111101010111001111011011010011
00111010101110010011000111111010
10111100101011101000111000011011
10111100001010010001101100011001
00111101001001110110111000000000
10111100101011011111010010100011
00111100101001100001111010110111
10111100101110101101111001001111
00111100111010010101000100011000
10111011000001011010110110110010
10111100110100101000100101001011
00111101000101110101001010111011
00111100000100001111100111101011
00111100100101100101101110000101
00111101010100001111101001010101
00111101010101010010010000010011
00111100011011100001100001001100
10111101000101100110111100010101
10111101100010000001000011000111
10111101011101001001001011110000
10111100111101100110001000100001
10111100111110100101011001010110
00111100111001000111001100010101
00111101100010101010100111110110
00111100000000000100011000000011
10111100100111100011100110010001
10111100111001110011100011111011
10111101010011011101000101011100
10111101000011111011010101100100
10111101010010000000010111110100
00111100110110110111101100111010
10111101000101001101100110100101
10111101011101001110001010101110
10111100000110100011100111100110
10111100001111010111011111100010
00111100111000100100010011111011
10111100101000000011000000010111
00111101010111011101100011001001
00111011110100100101110001001011
10111100011011011010100001001011
00111100111010010010100110000011
00111101010111010111100111001001
00111100101000101011100111010101
10111101100101010011100100000101
00111100011110111101011010010010
10111100100010000110111010000110
10111101001100010100100001001101
10111101001101010010100111000100
10111101001111101000101100001010
10111101011110000101001001010100
00111100100001011101111111001001
10111100010010100100001001111010
10111100011111011100001000101001
10111100111101101001000011001111
10111100111111111011100000101111
10111100011000000100010011111010
00111100101010111110000011010011
10111011111000111101010100001011
00111011010001111101011001001111
10111100111000100011011110011000
10111100010001000111000101010101
10111101000111100011111110011010
10111011101010000001001110110100
00111100000001111111110101100000
10111011001010101111000011001011
00111100010101111011100011101100
10111100111101010001100100001101
10111100100011101010110011011100
10111100100010001011011110010011
10111011100111010111100011111110
10111011110100010110110000111110
00111100111111100010010011110111
00111100110101000111011001010100
00111100100100110011001100111111
10111100111101111101011000101000
00111100110001010111011001011000
10111101010101110011011000010111
00111101001000101101100101001111
10111100100101001101010010010000
10111011110000101010010001001010
00111101000110110110011110000100
10111100000110010011010000001011
10111100101111111000011110011000
10111100101001111101011100000011
10111101101000010101001110100111
10111101011000100110101101111101
10111101011100011110110111000001
00111101000100001010110011100111
10111011011110110100111010111110
10111100110011111001000101101010
10111010001110111111111110010101
00111101001010010000010110001111
00111100010111110011001111111001
00111101001110001000111001011101
10111100010001001110101010010000
10111100110000100101101100011111
00111100111001101000100010000111
10111100101001000011110101101001
10111100111100011111111001010001
00111100110100111011100001100010
10111101001111010101110000000000
00111100100001010111100001111101
00111101100101011111111001011000
10111101001111111100100010101011
10111101100101001111110101101111
00111101010000010001100110101101
10111010011110010010100111111100
10111101001011101110011010100101
10111101010110110010111010010101
10111100110111110111101010100100
00111011000111110001011101010010
10111010010110101110010000010010
10111101000010101110100101000100
00111000100011110000001000001011
10111101010001000110000010100001
10111011001010111010100100100101
10111011000001010101010100001101
00111100100010011001110010111011
00111101011011010010001100110000
10111100101101010100101110110011
00111001110011001010010110000010
00111100110000000000010110000010
10111100110011100110111011000101
00111100101001110101100100111110
00111001011011100110010001111001
00111100101110000010101100111001
00111100100101101000010101010101
10111101000001110100101101111101
00111011110000001100110010011110
10111100100000111011001011110111
00111100011010000001101001010101
10111101000001001111010000010010
10111101000101001010101010111011
00111100001000111011110100100100
10111100100110110001010001110000
00111101010001100000111010111010
10111011010000101100001110100010
10111101000101110101111100011000
00111100000001010001011101001100
10111101001101001111101111111100
00111011000101110100110010101101
00111100110011100111101111100100
10111100101100100000101011000110
00111100111100101001110101010000
00111100100100011101110001001000
10111101000111100111111001100101
00111100101101101110110011100111
10111101100111000100011110101111
10111100011010111010100011010110
10111100110011100101011010011100
00111100010011100111111010011010
00111100010100010101100010010111
10111100111000000110101100111000
10111101011011111110011110000101
00111100001011010100000110100001
10111011101101101110010011110011
00111100110101100011000010101011
10111100101100100001001110101100
10111100100111011111101010011110
10111101100001010101100000001101
00111100111111000010100001001100
10111101000010100000011101010111
00111011110111101001110001011101
10111101000010011010001001000000
00111100011100110101111010011000
10111101011000101000100100111110
00111101001011011111000011000011
10111101000110010101101000100100
10111101010010110001001111111001
10111100100000000100100001101011
10111100100000101100011001110010
10111101000111101001000100001101
10111100110110010000001101000101
00111010010000111101000001111110
10111100100111111111010010011111
10111100010011010011011000100011
00111101010110101001001001011110
00111100110100101111101011100101
10111100101001011110110110111110
00111100110000010010001110010110
10111101100000001001111010100010
10111100000100011001011001110100
00111100110101100111110111010000
10111101010100101101100010111100
00111100000000100111001101010100
10111100111010011000010101000010
10111011110010000111100100111101
10111011110000101001100001011100
10111100000100010111001111111010
00111011000100011010100011101000
00111100010011100110111000111101
00111011100101000000011110000100
00111100111000110100100010000011
00111011011000110111110010011100
10111100110101100001110000110000
00111101000101001010000100001110
00111100001111010011101110100000
00111101110000011110111101100011
00111101011001000001011101001101
10111100000001100111100010101001
10111101010110011101011100101000
00111101100111011011111001001001
10111101100000110001000010001100
00111101011010101101110101100100
00111101010100100101010011001001
00111100011111010100000000011010
10111101001011101001110110010010
00111100100011010111010010001011
00111100100110101101000110110010
10111101101001000011011100000101
00111100101101101101001100110101
10111011011111101100011001011000
10111100101011100111101110111110
10111100010010001011000001001011
00111101000101111100111011111011
10111101011011001100101100100110
10111100101000110111011010000101
00111011010110110111000110001001
00111100100010111101000010010011
00111101001001001010101001000100
10111101001001000011111011100011
10111100110101001111100110000110
10111100111100110110000010011100
00111011111001101001110010111111
10111100111101101000010001001101
00111100000010111111110110011001
00111010000100010001111100110100
10111101010000001010011101110110
10111100111101001010011101111010
10111101010011100001111011101101
00111100100100110110100111010100
00111100010010011110100111100000
10111100101001101010000100000101
00111011000011001011110000111100
00111101011111011011000100100110
00111100110001110101111110001000
00111101000001001101101000111001
10111101000001010010011100011010
00111011000101100101101101010010
00111101001000011100011001100000
10111101001000111100010101100101
00111100100100100111101011000000
00111101001110001011010000110000
00111100100011111101101101101001
00111100100101010101011001111000
10111101010101011001101110101000
10111101000111111010110100000110
10111100011111010111011010111111
00111011000011011111011000101100
10111101000111100011010000001001
00111101000010000101101100010001
10111100010100100100110111001100
10111011101100011000110100010011
00111100010101111110010111111010
10111101011110111110100000100100
10111100111000111011011101001111
10111100111111001000110101110101
00111100100111011010101000100110
10111011101001000100001000000011
00111011101111111000000011111010
10111100000010110100000000111110
10111101100000011010000000000011
10111100000001100011001111111010
00111100101101001011000000010010
10111101010010111001100010010001
00111101000100010101111111010101
00111100110110011010011011011101
10111010111100010010000110011001
00111100101100100111110110011011
10111100010011111010011110110101
10111100010101101110001100100101
10111100100111101001010110100111
10111011110001011110000000110100
10111101011100001000111110110011
10111100111011011001101110101111
10111100110010000001100000101000
00111011010100011001101111001101
10111101100101101011011101001100
00111101100111001011110101000111
10111100110000001000101110101100
10111101101111111111001111001001
00111100110101100000010010111111
10111100011111011100000000101000
10111101011011000111000100111000
10111101010011000010000011011111
00111101110001100100000001010111
10111100001010000110011110001110
10111101110011111110001100100100
10111100101010111101000101000001
10111101001010000110010111001001
10111101100000001111111110010011
00111101011011000011101000011110
00111100001001101011011111101101
10111100101000101100001000011000
00111001111111010100000100110010
00111101000011101010011100010111
10111100110001010001011111100010
10111101000011101111100010110001
10111100111100000100110001010010
10111101110000010101011110101000
10111100100101011110011000100111
10111100001100100100111011011010
00111101000100101001001010011000
10111101001100010100110110111011
10111100111000011001111101111011
10111011101110111010111111111001
00111100010010001011110110110011
00111100111011011010110100010000
00111101001101101001110011010010
00111100100101110110011011100011
10111100010110101111111001011100
00111101101000011100010001010001
10111101110000011000101000011010
10111100010001100001001000101010
00111100101011100011100001111101
10111100101111000110101010000000
10111101001000100100011001111100
00111100100101110010010010101000
10111100101011000011111101000100
10111101010110011000000111111101
10111101100100011101011010011100
00111101101100101001010101000011
00111100101110111010000100000111
00111100110110010001111000011101
00111101010100110101101011011100
00111011000101101101010011110001
10111100011101111011000101010001
00111101100010010110011111011001
10111100101001100110000111000011
10111011100101101011100010010010
00111011100100101010110111100110
00111101000001101011101010111111
00111101010000101000000110101101
10111011111111011101111101101110
00111101001111001001110011000000
10111011100010010010110000110100
10111100110101010000011011101001
00111101001001011011000111101100
10111101010001111110111110100001
10111100001011111110111001011011
10111101000000111101101001010100
10111100001101100010101111100101
10111100011000010101010011101000
10111011110110011000000000100101
00111100110111111110100101110101
00111101001000010110010100100000
10111101000101010100000111111000
00111011010001101000011101100000
10111011000010111100111010100001
00111101000101011110011100011111
00111100000010111111000000001111
10111100010001101110000101001110
10111011100001011011010111110001
00111101001111001010111010010100
10111100011010101010011001111001
00111010111110001011010010011001
10111100110100011000011111101110
00111101000111101000000011100110
10111101001111111010000001011110
00111011111110100101001000110110
00111101000101111100011101000011
10111100010001100001000011001011
10111011100000101001111101110101
10111101000001001101000010111110
10111101010100000110100101111110
10111101000110111100000011100001
10111100011001011111111110101010
10111101010111111100011001011011
10111100010111011111000110111000
10111011101101100001001011010000
00111100101101000011100100011010
00111101000010010101101010111101
10111101000000010100110110101111
10111100110100010100110000100110
10111100111100000001101100111010
10111101001010100110110110100101
00111100000111111001111110111110
00111100100110001101000111100101
10111101001110000111001010011110
10111101000101001010010101011101
10111101000011111011010000010101
00111011000100111101100010100000
00111101000000110011100111111100
00111011111101010011010001000111
10111100000010011011011011000010
00111100101111001110010111010001
00111011101000001111001110011101
00111100101111010010001011010111
00111100100100100111101000100101
10111100110111011100100001000111
10111011011010101110011000110111
10111101001101111101000101100100
10111101010011111001101111111110
00111100010001010001111000011101
10111101010101010111101000100011
10111101010010101111010111101111
10111101001001111011111001000001
00111011100011000100110101000101
00111100110011000001010011001011
00111101000001101100101000001111
00111001100001010000101110100010
10111100111000110011010100100101
10111101000011100110010100110100
00111100110100000010011010010100
10111101101001111111100110011000
10111101000001101101110101010110
10111101011010001100010010001001
10111101010111000001001011001101
10111101101111011001000010011010
10111100110000011010100001101000
00111101000110011011001111101001
00111101010111001110011011011010
10111100010110110010001010101010
00111100111000000001110010110100
00111010110100101001101110101010
10111100111010000110110100100001
00111101011011001111111000010000
10111101000000000011101010111111
10111100001000101100000100010000
10111101000011111011001111100100
10111101010011100111101010000000
10111101011000010101111101111000
00111100011110010011001010111101
00111101011000001011111010001010
10111101100010110100111011001000
10111010111100000000101010100111
00111100100011101111011111101001
00111101000001011011000101111000
00111011101100001011011101110100
00111100101111000000111100101101
00111100100100010010000010100000
00111100100000011001100011011010
00111100110100011011101101001100
10111101000111000011111011000010
10111010100000101000010001110011
00111101001000011111111001101011
10111100110100010001111010010011
10111100100011010101011111001011
10111011111000110100010001010111
10111100111111110100001100110110
10111101001010001001100010000111
10111101001001000100001010001100
00111101000000010001100000110111
10111101011111100100100000011011
10111011100010110000110110110101
10111100001010010110011100110001
00111011000111001110101100100110
10111100100011011000011110011000
10111100111011101110010111100100
00111011111001110001010100010100
10111101100001110010011001101100
00111100011101001110001111101001
10111010000111010001011100001101
00111011101100110110001101100010
10111011000100000110111111111111
10111100111101111111100000000110
10111100101010110010011011011011
10111011000010001001101100101010
00111100110010000011110011111110
00111101000101111111111111110001
10111100010000110110101000001111
10111101100100101001111010000111
10111101011010101011101000110000
00111101011010010101110111101111
10111101000011001000000100001000
00111011101010110100101111111111
10111100101100111001101000100100
10111100110101010110000110001111
10111100111101101011110000001010
00111101000110100100000011110111
00111100001011001101101110101110
10111100110001011000100111001101
00111100100100010110101011011111
10111100110011011010101001101000
10111100000111100000000111100100
10111100100110000101001100011011
10111101000010001101011011011010
00111101010001101111011001110100
10111100100100101101111110100000
00111100110000011100001011010101
10111101000010101100110010111000
10111100101111000111000001001101
00111101001110001100011101001010
10111101010110110110001001110110
10111101010101011110111110000001
10111101010001011100001100100000
10111100001011110000110001001111
00111100000100110100011110011000
00110110000001010011110110110000
10111101100001011100100000110001
00111101000010111101011110101101
10111100010000011101101100101010
10111100110101101100011110110100
10111101001101000110011110101010
10111100110000111101000101101000
10111100000101100101001101000001
10111100101110111111011001001011
10111100000010111010100100111110
10111100000010100101000011100010
10111010101010000001101011100100
10111011000011000101010111110100
10111100001011000110111101001101
10111100100011110011100001101100
00111100001001100011100111000110
00111010011001111110101100110101
10111100110011101111110110100110
00111011101001000110001010111111
00111101000010001011001001101000
00111100101001100110011010000011
00111100100000111101001101011000
00111101010100100001011110000100
00111100000101110110110011010111
10111011110100100010001011100000
00111100100001101001011000010010
10111011000000011110100100100111
10111101001101010100110011011011
00111011001100100110110001101011
10111101011001101101111111100100
10111101111110111001010110110001
10111101000011111101110010111010
10111101100110100000110000100010
10111011101111000000101100101010
10111100001110101101101011100011
10111101001101100111111001101001
00111100110001011100001011110101
10111101000111111010001011111011
10111100101101011000010111101100
10111100000000101001111101110110
10111011100011011001101000101001
10111101100011000010011101000000
00111101100010010011010000010010
00111100001000001000001101001100
00111100111010001010000110111000
00111011101101111001111100110000
10111101010110111110011000010111
10111100110010011011000100000110
00111100100010000011100111111110
00111100011101011010100000101110
10111101010010111101111011010010
00111100000110011111000000001011
00111101000001101101101100001101
10111101001111111100010111110110
10111101001110010100101011011110
10111010101010001001111011011001
00111101000101101111110000001101
00111010101100011100011111100100
00111100000100111111110000100100
10111100101010000001011101101101
00111101011101000000011010000111
10111101011001101001010011000011
10111100000010111100110100011111
10111001110001111011010000000111
00111101001001100011000100110101
10111100101000011101010010101110
10111100100010010101111010011001
00111100110100111101100000001111
10111011001111101011011100111011
10111100011000111111101000011001
10111101000000100110111011110111
00111101011011011001111110000101
00111010110110101000110001101100
00111010100110111000100110011000
00111100100100100011011001010110
00111101001000101010100011110110
00111100001100110101110001100100
10111100000100110010111011110100
00111101000100110011100111011100
00111011100100111101110111000001
00111100101011100010110100101111
00111100100101101011000000111010
10111100010100100101101001011100
10111101010101100000001001001110
10111100010010001111010111000101
00111100010101011111000001000111
10111101010101001011010000001110
10111100001110010100100001011011
10111100110011010010111101001100
10111100100011000111010101010001
00111011110111001110001111011010
00111100111011101010111110011010
00111101001011101010110110110111
00111011101101010010110001101111
10111101001110101110010011100110
00111011101110111010000000000110
00111100101000010110001101000110
10111100101010111011111000010010
10111011100010111100010101001110
00111100011100101001011101110001
00111100001001110101010011001010
10111100100001101001101000001101
00111101111101010011110111101000
00111101011000100111011110010001
00111100101101111110000011101000
00111101010101100011010001010000
00111100001100001111000000100111
10111100011111100001001011101000
00111110000001001110000000101010
10111100111110001111101010111100
00111101010100111101011111010111
00111101000010100111111000000100
10111100001100101010000000110101
10111101000100100011011100110000
00111010000110101010010110100001
10111101101110011110100011111011
10111100100110110111110101000010
10111100100110100001011000101101
10111110000100011101001110101110
10111100111010010010111111001111
00111101001010110100100110100010
10111101010100100100111011101001
00111101000010100000011100110111
10111101000011010000111010100111
00111100001010010010010110111110
00111011111110011001010001100000
10111100101110011001110010100011
10111101101000010110001000100011
00111011010000011101010111110010
00111100011011110000011100110101
10111100100010111101111000010010
00111011010100011010111011110000
10111101011010111010110000000100
10111100010100000110101101001010
00111100010110010100000110001110
00111101000110010000010011010000
00111001101100001011000101101010
10111101010111111101100010111001
00111100001011010111111000010011
00111101010010011101100000111001
10111100000000100101110101000010
00111101000100110100100100111101
00111100101000111010111100001100
10111101101000000100110100110011
00111100101010001000001000000100
10111101100011011110100110111010
10111101010101000011100000000100
10111101011000101101110110110011
10111010001000110010111000001000
10111101011101010111011010100101
00111101000010001001111100000010
00111101000110001110110000001111
10111100101111110100001010111100
10111100110100101001111011011101
10111100111010000111010001010100
10111011100000001101000001101110
10111101011111011010011100101010
00111100010111101111001110101100
10111100100110100000100010010100
00111101000010010100001010001011
10111101000011001000010100001110
00111011101010111011100011110111
10111100111011011111110100101001
00111101000100011001111110000000
10111100110111111110010110010000
00111100010011001000111011010111
00111101010111111100111111011101
00111101010000001100001111011110
00111100011011111001110111110111
00111100001100001000110111101001
00111100101010011111010101111011
00111101000000001000011101101111
10111101000110111000000100111011
10111011111101010101111010000100
00111011110010011000100110010110
00111100010110000010100111011101
10111101000100100100001100011111
10111100101001100001111000101111
10111100100011111110010011111010
10111100011110000110101011000101
00111010100011010000110010011001
10111101010101011000000101110011
10111100000111011110100011011001
10111101100001010111100010011001
00111101011000110010110111101000
10111101000101010011010011010111
10111100011100100101000001110010
00111101101110110100000001100010
10111100111010000111100011011000
00111101001001110011100111110100
00111101000110101001011100101110
10111100101100000010011011111111
00111101011001000101101100011111
10111101100111111010001100111110
10111101001111000101100011110000
00111101100001001110000000011010
10111110000110011010011110000101
00111100101010100100101010001110
10111100001100101110111101100101
10111101110110100100111010011011
10111101101001110100010011100000
10111011110111110100101101010111
00111100101100000111111111111010
00111010001001011011101011010001
00111100001011100111000100010110
00111100001010011110100110000111
10111100111010111010100110000001
00111010000110100000100000100010
10111100010001001010010000100000
00111011110011100001110111011011
00111101010010111110110101011100
00111101010010110111110101001111
10111100110000101000100000110101
00111101010010011001111100001001
10111101000000001000011111100010
10111101001101010011111001110000
00111100000110000001100100000010
00111010110100111110111011001000
00111101010001001011010000110111
10111100001011101100111100101111
10111101010101000010000100010001
00111100011011110100110000111011
00111011100110001000011110100000
00111011010110000111000010111010
10111101011100111001101101111010
00111100011011111101000010111100
10111101100010011110110011110000
10111100111011010100011010000010
10111101100101101000001101010111
00111100110010011000111111110101
10111100101100110110000110111000
10111101001111100011110001101001
10111100000111111001001001110000
10111101011001000000100000001111
00111101001101110001111111011111
00111101001101001110001110111110
10111101100000001011101000011110
10111011110110110000001110001110
00111101001011001001110111100110
00111100111110100000111111001010
10111011010110010000010011011011
00111101000101001101101011011011
10111100000111100110001100100000
00111100001010001111100000001001
00111100001110110110110000100010
00111010111101111111010011001100
00111101000110101110100011101001
10111100011010101011110101101110
10111100111100001011000100111100
00111100101000100011011101101101
10111101000101000010100100000000
00111100100110110110110001101111
00111100100011001110000101001101
10111100111000110001000001100000
10111100110110110110001000000111
10111100110100000011010101000001
10111100110001001100101011000010
10111101011110000010010110000001
10111101001110100100001100111111
10111101101001110010100000000110
00111100110011000111101010110000
00111100011011001110110010101111
10111100111001010001100110000011
10111101000010001011101101111000
10111001110101100001010100000100
10111101001010000100000000000100
00111100011010011001001011001101
10111100000011111011011000110001
10111100101100101100010010100010
10111101000101101011101010010001
00111100110010000011101111111010
10111101010011000010100101101010
10111000110110101010101111111101
00111100011001010011110101101100
00111101000011100010101101011101
10111011101000101000011111011000
00111010110000101100000100010011
10111101010011100011011111010000
00111010101101101100110101101001
00111011100011100101100010100110
00111100011000100000110000100110
00111010101100000011110110001110
10111101100011011010111001101000
10111011100010010110001101110011
00111101010011111100111001000101
00111100011100001110011100001101
00111100011110011100110101110110
00111101001000100111011010010011
00111100100111000001111010111011
10111100001000001110011101000100
00111100110111010111011010101011
10111101000110100011111001010000
10111100100101111011111010111100
00111101011101111010110010011111
00111100010110010111110100100001
10111011010010110011101010100100
10111011100100111010001011010010
10111011101010100101001100000001
10111011010001010111110010110000
10111100110010111010000010000101
10111101100010111101110100110010
10111011100100100001101000111111
10111100011110110100001010000111
00111010110100110000001010010000
10111101011101111111011000011100
10111011110101010111101111001011
10111101010010101010110100001011
00111101001101100110101010000111
10111100101111011001101111111101
10111100100001110110000000001111
00111010110001101111011000101100
10111100111100000010010111100011
10111101000000001001010010000010
00111010101001100001100101010111
10111100110100111111100101101100
00111100001100100011010000100010
10111101011001101101100011100011
10111101010001010100110101000001
00111010111011001001100110111100
10111100001111000001111010101011
10111011100010110111110011101000
10111100101001001001111111010101
10111100101110010011000011101001
00111100100001000111101110000100
10111101011101101111100100010100
00111100100011001111001100100010
10111101000000101010010001101110
10111101000101111010100000000101
10111100001101101110001110101010
00111100110110010011001010111010
10111101011000100010111010011001
00111100011000010010101111001110
10111101010001001001000011000001
10111100010111100100100101000100
00111100111100010101000101111101
10111100111011101100110011100000
00111101100000100110000000010100
10111101010110101011101001011011
10111100110000101011010001010101
00111100000101000111110001110110
00111100100110100010100011100111
00111100011101100010011000101001
00111011101111000010111101110010
10111100110011111111101100100001
10111011001001100100111100010111
10111011111011010000110111101010
00111100000011010001010110000011
00111011100010000010111100111101
00111010111100111110111010100111
00111101001111100010100111110110
10111101100111010111011110000000
10111101000100010110111110101111
10111101100111010101100101011000
00111100111011110001010001011110
10111101001111101010111001111101
00111100110100010010101101001001
00111100000011001110000000011100
00111100111011100111011101111110
10111101100111110011111000010001
00111100011100000011101110010011
10111011110101011110011010101010
00111010100101111000010000111100
10111100000011010011110001101100
00111100110101010101010101010110
00111101100101110000001010100010
10111100001101001000011001010001
00111011001010110011011101111101
10111101010000111111000001100111
10111101001101100001100111010011
10111100011000101101111000101101
10111101111001110111010011000010
10111101000100010001011111101100
10111011111100011010111010000110
10111100111111111010001101010100
00111011001000011100001000011101
10111100101011101011001110011001
00111100110100001001010100011101
10111101001100100011110110000001
00111100111100100001100000101111
10111100111111110101000101100101
10111100010100011110100110100111
00111100001001011010000101111100
10111101001101011000001100101000
10111100110011001111000111100100
00111011100110111010001100111100
00111101000000001110000111001010
00111101001011101111100010000011
00111100111101111100010010100000
10111100110000011010011111000111
10111011111000110100101001000110
00111101011111011010110001011011
10111100001000010100010100100111
10111101001010001100110101010001
10111100101111000010110100011000
10111011111011010101001010101110
10111101011100010010001010100100
10111100001010101101011100010000
10111100101010110101100001000000
10111100110100000100001111001011
00111100011101000100101111000010
10111101001010001000111100101000
00111100001110111100010110100001
00111100000111101010001110001100
00111000000001100111000010010101
10111101000110010111011011110011
00111100101111000110001111100010
00111100000111001001110110010001
10111101010010111111110100111111
00111100101111100100111000000110
00111101011010001111111100100000
10111101100010010111011111111101
00111100011011111000101101110110
00111100010110000101011001001101
00111011001110101100101001101010
10111101101100000010111011111010
10111101000010000111110001011001
10111101001001000000100101000001
00111101001111110010111100010110
10111100011110010110100110011110
10111100001101000101100011001011
10111101011000100100011100111011
00111101011010100111000001111000
00111011101010110100011110110000
10111010110101101010001100101111
10111101011011110011101011010000
00111100110011010010001111101001
10111101101101001100110101111101
10111100111111100111101011010010
10111101100011001001011100111101
00111100010100100000110110010010
00111101100110111100001100000011
10111101101011111000011001101000
10111101001000110111101100011100
00111101101001000111011100110010
10111100111001001110100110011110
10111100101111100110110101110011
10111101000100011101000000111010
10111100111110111011101110110000
10111100010100001001100111010011
10111011111010101111101101010011
00111101000100110100011111001011
10111101011110111111000010000000
10111101000101100111011100000111
10111011100010100010011001101110
10111011000010111000111111000011
00111100101111001111100001010100
00111100010111001011110101110010
10111100100100001010101001101000
10111101011010001101110011011000
10111011101010000100111001110001
00111011100110101111100101111100
10111100101000101011100111011001
00111100100101100110010011100000
10111010110011011011100000001100
00111100010010101100101001110100
10111001110110010000110001010101
00111101001111111011101111010001
10111100101100101100100010111001
10111101000111110100010011001110
00111100111110010101110110000100
10111101011001011100001101110000
10111100001011001110110000100010
10111101001001101110011110100001
00111100101110010001010000011111
10111001101010000100000001000110
00111100010001100000110100010110
10111101000011000101111111111010
10111100101101100100000101111101
10111011101010101101000011010111
00111100011111001011101001001010
00111100010111001010000011110010
00111100111111110100000111100110
00111101110110010000100111111001
10111100010000100111111001001101
00111011111100001110100100110101
10111101001110001110000111000100
10111101001001000100101011000101
10111100010101000000001100100001
10111101110001010011101010001101
10111101000000100111111000000101
00111100100100100111101111001101
10111101001111010000100110100001
00111100100000100100001111011101
00111100010110110000010110111011
10111101101011010100100100101111
10111100100111001000110000001001
00111101100111000111101011011100
10111101101001011010111000111110
10111100110001000111100110011000
00111100100110001010011110110111
10111011100110111111011010010111
10111100101000100010010101100111
00111101010011100110001001101100
10111011001011010111101110111000
00111101010010001001001100011011
10111100000000110001000101100000
10111100001111101100010111011110
00111101001111101111010101110010
00111101011100101000110101100101
00111100110010010010011111001110
10111101101110101101000011001001
00111101000110110001000010001100
10111100111110100110110010010110
10111101001000110100000001011000
00111101000000010111011111011110
10111101110010111111000101011111
10111011110011001010011001010011
10111101011001100000010110110010
10111100111010011010111001110101
00111100011110100011100101010000
10111101000100100111110001011010
00111100110100000100101011000000
00111100000111011010001101000000
10111100110010000100111000010001
10111101001111100000011011000001
00111100000011111111111000100100
00111100110001100001000010011011
00111100110011101110111010011101
10111100111010100110001010100010
00111101100110010110010011111100
10111101101101000011010001111111
10111101011010000000101000001000
10111101011110001011110001011000
10111101110111000111100010110110
10111101101110100001001110111110
10111101010011100001101100000100
00111011001100011010011100001100
00111100001001001100111110010010
00111101011001000110110100100101
00111100101010100110000010010111
10111100101101000110000011111110
00111101001000110011010010011110
10111100100100011011100011101011
00111101010111000001011000001101
10111101100110011010101100010010
00111011000010001110010100000101
00111100101100110010100001110000
00111011001101110100101100101101
00111100010010011011011010111101
00111100101111000101011001100000
10111101100000110011000000110001
10111100100110111111011000100101
00111100101101101101000101100100
10111100101000011111000111111101
00111011100000000010100110010011
10111100001010001011100011000111
10111101000111111011111111101000
10111010010101100110111001001000
00111011110011001101001001100011
00111100110011000010001001101100
10111101000011110010101011011001
00111101001000110110001000101010
00111011100101011000100110101111
10111101001011100011100110101010
00111100111001110101100101111101
10111101001010100010010110010010
10111101000000111011000001011100
00111010010110000100011001001111
00111011101011100110101011101110
10111101100001111101110100000110
10111100010011110011010001101001
00111100111100000101011000110000
00111011110110000010011111111100
00111101001000111010111101000100
00111101001110111101011001100000
10111100110000100100010101110111
10111100110110010110111110100011
10111100101101011101000111001100
00111100010100010000010111110001
10111101010010010011111010110100
10111101010011111111001101111000
00111100110110101111100011110001
10111101100101111100001011010111
10111100100011010011101001010001
10111100011100101110110001101000
00111100101010101010000100110001
00111100100111001110001100001111
00111101010101000100111000000100
10111101001100000100000100001100
10111101001110100000000101111011
10111101000011010010111001111100
00111101001110110010001101000101
10111010000111101100011000101001
10111101010011010000100100101010
10111101001000101010000010111101
10111011111101011111000100011001
00111100101111010000001101111010
00111100110110000000001011100101
10111011001100010011110001011110
00111101101011110100111101010010
10111100111000110110010011000111
00111101000101010000101000001100
10111101100001111000101000110110
00111100000000001101010000001101
10111101000110000100110000110001
10111100001011110101100011110001
00111100100001010000011011010011
00111011010111010011000010100100
00111100000101100011110010000111
00111100011001010001100100110011
10111100001000111110011100110111
10111100110111100100001101111010
00111101000011001001001110000000
00111101001000100011101111110101
00111100011001000101111100111100
10111101001111101101110000110101
10111011010100100110110101101110
10111101000000101010111110101001
10111101011011111111111011100011
10111100001110100101010110011111
10111100100111101110100010110110
00111100111111101000101101100111
10111100000000110111100101111000
10111100100101001110010010111110
00111100011110000111010000110110
00111101010011000100100010011010
10111011001111110000111010110000
00111010101000101111111100100001
10111010100001001110001000011000
10111101000110011101011100111111
10111100100111100111101011111110
10111100001101111101100000000011
00111100110011010010001000000001
00111011111111111110001111011000
10111010011001011111010100101110
00111100010101010100100111001110
00111100111110000010000110111110
00111100100001111010101010100110
10111101000111001101010101100100
00111100001001011010000100111001
10111011111000100010011011000101
10111100100010010110110001010111
00111100111101111100101011100101
00111100100110010100101111011101
10111101100000101110011001011010
10111101001011111100100011010111
00111100101010011111111011101000
10111101001100000100111101001110
10111101101001100001010100001011
00111101100101010000000001101001
10111100111110000101101101011000
00111100101110010100010000000001
10111101010101101100000010001111
00111101001010101101111100111001
10111101000100011010111010000011
10111101010101000110010100110001
10111011110100011101100100011001
00111100101111100001001111100001
00111011000000101111011000000111
00111100111011110000010001011100
10111101000101001010011000001101
10111100000001110101111010101111
00111101010101011111000101010101
00111010011001011010111110000100
00111100110001011101010000010000
10111100100001010100011110010001
10111011111101111101101101000011
10111100001011011000111010111101
10111100001110000110000110000111
10111100001101110001000000001100
10111011110010011110000011101101
00111100011001000101011100110101
10111100010110010111001000101000
00111100111111101001110100101011
00111101010110000110111010010011
10111101001000101010000000100000
00111100000001010011001110001110
00111101000111001011111001101101
00111101010111111111101010010111
00111100001101100000111000110000
10111101000000100001101101000110
10111101100000111011000111100010
10111101010101010110100111010100
10111100110101100000010000001110
00111100110100000111100110010101
00111101000001111010110000111001
00111100100010100101101101111100
10111100111100010010101000111111
10111100111100110100110111111111
10111101000001000011110011110000
10111100110101101010000100110101
00111100010110011111111000111010
10111100010100101011000100010001
00111100110000110000100011111111
00111100001111100110011001010000
00111100101100010010010110000011
00111100101110100010010000010000
10111011101110000111000001111001
00111100000000010011000001111010
00111100110001000011001001011101
10111101000000110011000100110001
10111100111010011110001111100011
10111101000101000000011010011000
00111100001000000000101011101101
10111011101010111000000100010000
10111100101000011001001000100011
10111101010011001111000111011111
00111100110000100101000011100110
00111010101011000101110111111010
10111100001000010010101000111100
10111100111100100101001001000101
00111101011101111110010000101011
10111100011011011010111111001010
10111101000011000101000100111110
00111100010100010110010110110100
00111100101111000100101110111101
00111100001110111100101000001000
10111101000111110011010110100001
10111100111011110110110101011010
10111100101011110101110100010110
00111001110011100000011110010011
00111101000001100011000111110010
10111100100111000000110111000110
00111101010111101000101010001110
10111101001011000000010101101110
10111101100011111011011001001000
10111101100100110111110000001000
10111101010001001000011101110111
00111100110111011100111000100000
00111100011110011100011001110100
00111011001101111000010101011000
00111101100001111001001100011101
10111100101101111010100110111100
10111011011000111101011111000110
00111100000101101110101011111111
10111100011000001100111000110100
00111101101010110010101010100101
00111100110101010010000001101001
10111010001101010101010111101110
00111101011000111000110011110011
10111101000010000111111010110011
10111100100111010100000110101000
00111011011011001101001100001110
00111100101101111111011011011011
10111100001100010001001100111101
10111101000110010000010111011111
10111100101111001000110011000111
00111100010101111010111010110001
10111100101101110101000010101110
00111100011100111101000011101011
10111101000000000010001101010010
10111101100000111011101000000010
10111101000010011101100110000001
10111100100000101011000000110100
00111100010101100110010110000000
00111011010010111001101101110110
10111101010110110111000001010000
00111101001110010110100110011011
10111100001001100010000110010010
10111100111100010001010011010000
10111100000111011101110000110100
00111101111011001110000100010100
00111101011100011011101000001001
10111101001010010010010011001100
10111101101111000111101100111000
00111011101000011011101100110000
10111101000011000011011110111010
00111100100111100001001001110010
00111101001001100010001100001100
10111101110010001110100110101111
10111100110000000001000001000000
10111101010100111000001010100111
10111101100001100100011011100000
00111010110010101111110010011110
10111101011110111010100100101101
10111011110110100110111001100100
00111101000010011100010011001000
10111100111111001100010001000010
10111100110110100100011010011101
10111101011101000001010111100001
00111101000010111101010011010010
10111100010101111100111101100110
00111101000110100101000100011000
10111101010001000101000111000010
10111100011110011110000101111110
00111101010000111010010000010100
00111100101001100010001010110110
10111101000101010100101000011111
00111011101010011000111101100000
10111100110011000000110011101001
00111101010100101000010100010001
10111011011010001110001111100110
10111101000011000110010110010001
10111010110110011100101100111001
10111100001010000000000111100110
00111101100001101011001000010110
10111010101110111111011010111001
10111101001100111001110110001101
00111100101100001011111110111100
00111011111010110000101110000110
10111100100100101110110010100010
10111011100011011010010010100011
10111100011100000011011110111001
10111100100011110101001011011111
10111100100100001011111110011010
10111100010001100000000011100010
10111011111111110010111101000010
10111101000101110010111110110111
10111101010010110111110010000000
00111011101000000001001011101000
10111101001010010101001000110010
10111100101010110010100001010111
00111100100111010011010000101010
10111101001100011111010111100001
00111100011101000011001010111000
00111100010001101011011100100101
00111101000000000110100000001011
10111100000101011100111100110110
10111101011010010100101100101010
10111001101111100001100100011110
10111100101011111011000011101000
10111100100010011010000100110001
00111100101111001001001000110101
00111101001111001001110000001000
00111100000100001111000111001010
10111101000100001111111111011101
00111100111101010011010100100110
10111101110111110000001110110010
10111101011100011011001001000101
00111011110111101111100111010000
10111100111111001100110010001101
10111101100110101001110101001101
10111001000100001110000010010110
10111100101001100111100011100000
10111100011011001111010010101111
10111101000001010111010000011000
10111100110010101111001110010100
00111101001111100010111010010000
00111101001100100111101110001000
00111100101100001001110110011111
10111100010011101101001010000001
10111101100000111010111110111010
10111101001010110111110000001010
00111100101011000011001101000100
00111011010100101111010011011100
00111100000011000011101000011100
10111101101001101100101100000001
00111101011000101000010100011000
00111011001011100110110010001000
10111100001011001100011001101011
00111101100000100101111110000101
00111100101010111101110001111101
10111100111010011100101101011001
00111101011101101010110100011110
10111101000101000110100100001110
00111100110111011000110011010110
00111010110000100011000000010110
00111100011111010000000000000101
00111101010100011101011000000110
10111101001110001111110001011111
10111100100001101010011101001000
00111010101111101110111000001110
00111010001001100010101011111011
10111100000010010110010101101100
10111100110000110011010010110101
00111100100010011000100100001111
00111011100110011111000110111001
00111100001100001111001011001111
10111100011111010100101101000011
00111100001011001010000010010010
10111011111110110001000111001111
10111100010110000110000001111000
10111011110111000101000000011001
10111100100100001111001011101011
10111100011111001110110101010010
00111001001101011011110001101111
00111101001000011110001010010010
00111100110011001001110000011000
00111100100110010000001000110001
10111101110100111000110010111000
00111101010100011111010010111000
00111011110001001001001010011111
10111100111000110101011010001010
00111100110111001101101000100000
10111100101011101111100100111011
10111110000000101101101100001000
10111101011000101101110111000011
10111011101010010110011011010010
10111100111111001110110101011101
10111101101001111111110101101100
10111100110001100110101101000010
10111101011110000110110110010010
10111101101101100101100011110000
00111101010110000000110010011100
00111101010110001100010011111101
00111100101010001010010111111000
10111100011100000010101000001001
00111100101001100010011010100010
00111100111011101010011100101111
10111100110011101101001111110110
10111100101100001101111101110000
10111100101001000100000001110011
00111100111111000001111011100000
00111100101100010000101110111111
00111101011100101011010001110111
10111100010111001110101101110111
10111101110000011111001000010001
00111101001010110101111000000010
10111100110101110100011000011010
10111100010100001001011010011110
00111100110111101101110010101100
10111010011001101110100101111101
00111100111101100011001001110001
00111101100000010111101101111101
10111011100001111111010101111010
10111100011110101100011101100101
00111101000101101111010011010000
10111100100000001111111000100000
00111011100011001001111010010001
00111101100011100100011101101011
00111101000100001011010010010000
00111100000000010011000110100100
00111011111010110010000100000110
10111101010110101101101111111110
10111101001001111110100001001011
10111101010110010010010110100000
10111100100010110110101011010011
10111101011101110000001100100110
10111101110000010110001001100001
10111101011101010111011100010110
10111101001000101101100010111000
10111100101010111011010001000111
00111100001101010000110010011100
10111101011000100101000010010010
10111101001011110101111000111111
10111101000001100000111100110111
00111101000111010011101100010110
10111100011101110000110011001010
10111100101011100001010010010010
00111101010110010000100111101100
00111101011010000011101101101111
00111101001100011110010101001010
10111101000010010110101110011001
00111011001110011000111111110000
00111100111000111100100011001010
10111100000100110000000011011000
10111101001111001001111111000110
10111100110101100001111001101011
10111011101111101000110110000110
10111100101000101000011000010010
00111101000110101011011010101010
00111100001111001011111110110111
00111101000001010001101101010011
00111101010001000110110101001010
10111100100111110011001110000011
10111100101110000100001000110001
10111100000100011101011010011101
10111100101100111110101100010101
10111100111011100110100000000101
10111100101111101010000001101110
00111100101101000001011101010001
00111101000100011100010000101101
00111100111010111001010101100010
10111100011111100011111001100111
00111101000000110010001011010010
10111100101111000010111001000101
10111101100100101011101110111001
00111011101101111100111111110110
10111110000001011100010011000110
10111100101111001000110101101101
00111100100110110110001111010011
00111101000011010111101011010010
10111101100110000101001110010010
00111101000110111001100111000111
10111101001101101001010111110000
10111101000110001111001011100000
00111100000011001110110101001011
10111101010010100101010101111100
00111100110010110001111001110111
00111100111101101000101010000011
00111100100110001011101011001110
10111100101000011011101000011100
00111100100100100010101010110010
10111100011111010011111110001001
00111100011010001011100101111001
10111101010110011000110100001100
00111100100110011010001101110111
00111101011000000011101001110001
00111101000100100000101001000001
10111100101100101111010010010010
10111100101011111010100101100111
10111101100010111010100011101011
10111010010011001100110100010100
10111101001000101111000100110110
10111100101001111101010111110101
10111100100000101110000011000100
10111011101111101010010101001100
10111100111101101000000001100110
00111101011111001100001111010001
00111100100001011110101100001100
00111100101010100110110101011001
00111101100011010111110000111011
00111100111100000111000000111101
10111100110010111101001010001000
00111101010100010100101000110110
10111101011111111000100101110010
00111100100100011001100010100110
00111101100000110100001110101000
00111100101100000100010011110010
00111100101100011001000010111010
00111101000000001010001101011001
00111011100110011111100111100000
10111100111010011100110111011010
10111100000101000010010111001011
00111010010110001101000010110000
10111100101110101110111101001000
10111100011010000110101101011100
10111101000001000101000111101110
00111101011100101011111000001111
10111101001010000110101011101110
00111101001100001010011001000000
10111101000110001111011111000100
10111101001010101111011100111000
10111011101010100000011011010000
10111101001110100100011100111111
00111101001001001001100010100011
10111100010011100001100111111110
10111101010000000100001010001101
00111101010100111001010010101101
10111100110010000101100101000011
00111101001110111001100100110011
00111010000110101000111101110111
00111100100111111001101101100000
00111101101011001110100110111011
00111011011001100000110111011100
10111101010110110010011010000011
00111010111101101101000101101001
00111011001010110100010011100001
10111101001001011100011101000110
00111011010111110000010110000100
00111101001111011101000011110101
10111101000011110111000010010000
10111100111011111100001000000001
00111100100100111101010111111101
10111100110011000010100001101010
10111011001100100111000000100001
00111011100111001100010011101010
00111011100011110100000011000101
10111110000001111011111101110000
00111101001101100111010101110100
10111101001100110011101011000000
10111101000101010011110011011110
10111100001111110010100111010011
10111101100011011001011100111111
10111100111111111110110010100110
10111101100111110101000110111010
10111101010110001100111100010101
10111011001100101001111010001000
00111101011011001110001100100110
10111100110100010100011101000010
10111100001110111101110011110000
00111011100110101101001110010101
00111101001110101111001001010101
00111100011111100111010110000101
10111101010000000000010110101100
10111100000000110111111101100101
00111100111111010110111010100000
00111100100110100011100111111111
10111100110101101101010101110101
00111011111011100010110011001001
10111100111010001010000001011101
10111101000010000010010000001101
10111011101010011111111111011010
00111101001000101010101100100100
00111100011000110111010110101000
10111011111001010110110101100101
10111100110010000001000111000000
10111011101000011011100001000010
10111101010001110000010111111000
00111100101010100011100100001111
00111010010001011100111010010111
00111101001010111110000001110011
00111100001000011000110000011111
00111101010111100001101110110000
10111101100011110010000011100011
00111101000101010110100111010011
00111010000001011110011000011110
00111101011111101101011000001011
10111011110000011101001001110000
00111100101001001100010110000001
00111101011011010110111100010010
10111101001001110001111000000001
00111101000111101001001010000100
00111101000111011010101110111100
00111101001100010001110110101001
00111100111011100100011011111100
10111101011011010011110110100010
00111101011001011000110000110101
10111101010000010000010001000110
10111100011100110001100000100010
00111011011001011100111100000011
10111101010011101101011011010000
10111101010010111101110100000001
00111001111100111100111000110111
00111101000111111100010010111101
10111101001010111110110011010111
10111101100110100011111010110110
10111101010101001110100001110011
10111100010111000101100100010111
10111101110101111111100001001010
00111010101011010110100011001010
10111101001101001100001101111110
00111101000000000101010101011000
00111101011010000100011111011011
10111101101010011001011001100010
10111100100010101101001010000100
10111101010001000001110001001101
10111001100110100010111100111110
10111100110101000010000011111010
00111011111110010111000111010111
00111101100100111100110110100011
00111100001111101101000111111110
00111011111010011100111101111101
00111100101000111100101100100010
10111100101110111001000110001110
10111010011010001111001110100001
00111101101110111001110101101001
10111101010000100100001000000111
10111100111001101101001011010111
10111101001001110111000110110000
10111101001011101110101010111100
10111101010111000000001111011100
10111101100000110111000001001101
10111101100100010100100010110111
00111101010110010100100000010011
00111100011101001010110110001010
10111011111010001101111010101011
00111101001001100101010110001000
00111100100001000010110011010011
10111100111101011111011010101000
00110110000100110111010111010001
00111101001100110100001010101111
00111100011001101101000111000000
00111011011111100001100011000011
00111100100110110111100011000100
00111100001000110110111001100100
10111011100000100101001011000011
10111101100001010110000111001000
00111100100110011001011010100011
10111101001010101011111011001110
00111100001101111001101111110111
00111100111100000011110101111100
10111011111010101011101000101000
00111100111000100111010001010111
00111100110001001101110100001101
10111100011011110000110100001111
00111101111010001101100110110111
00111100110110101001001000000011
10111100111101001100000111110101
00111101100000010100111010000000
00111100110000000110010010010001
10111100111100100001100111011100
10111100001001100110001100100100
10111100111100011010000101100010
00111100110100010001110110010011
10111101001101011001000010111011
00111010101101000001100111111001
10111011110001001000001110111101
10111101001011110001100011001011
00111100111000111010000010100011
00111101001100001111001001010001
10111100011001000011101010111010
10111101001010011110001011101001
10111011011000101000111010000110
10111100111101110001101000000111
10111100110100110010011101000101
00111011110100110111000010011111
10111101010000101000100001100111
10111101001110010010011001010101
00111100111101100000000000000100
00111101011011101000111101011110
10111100101110001110010111001000
00111010101101010101000000000110
10111100000011111111100100000001
00111101010101000000000110011010
10111011111101000000111001110011
10111011111001110001101101001100
00111100111011010101000001100001
10111101000110010111101100011100
10111101011110000101110111010001
00111101001110100010110110110111
10111010100100101100011000010101
10111100001011001011111101101000
10111011100010011011001001000100
00111101010000100110001000011010
00111101001110010000101101011100
10111100010010101001101000001110
10111100011000000000110111110110
10111100100110100100111110100001
00111101000001001101100001100000
10111101000010100111001101010100
10111100111000010011111100110100
10111101010100001001100100001011
10111101100011000100110111010100
00111100111111111111111000110100
10111011110101010000100011000010
00111011111110000100010111010000
00111100001010001111010001110111
00111011111110001111111111101100
10111100100001001001001011101000
00111100010001111100100001100010
00111101011001000001110001101011
00111100101110100110111100000000
10111101000001001101101110100001
10111100101100110011100011001011
10111101001001000010001101010100
10111100100100000100001110110110
10111101000000000011101000111101
00111101001010000010011001010011
10111101011110000001110011111110
10111101100101111010010000001011
00111100011110001010111000011001
10111100110001010000011011011101
00111101101100101001000100001101
10111101000100100001110111011000
10111101000000101010001111110111
00111101100001111010000001110110
10111101101101100110111000000111
10111100110110001101011010000110
00111011111000111100100100001110
10111100011111100110011000111000
10111101000000100001000011111101
10111100011111110010010011011100
00111101000111111010001011000110
10111100011101100011010011010110
00111101000100100000110011010010
00111101000111100100000000110111
00111101001100101011000100011011
00111100100101101000110001011000
10111100101010010110110001111000
00111101001000010011100000000011
10111010101101111001000011101111
10111100101010111010101100110000
00111100001110111110101111000010
00111100100000101100100011011000
00111101001101101110001000010000
10111101001001100010110101011100
10111100000101000011101010100100
10111100010001010100000100010101
00111100111001100110110001110111
00111100000111101100011000010010
00111100010110111100010101100011
10111101010001101010100111010101
10111100111111001110010111011001
10111101010101001110001001111011
00111101010000011001110101010101
10111100010001110100101011101011
10111101001001110100001001010011
00111101101010111010010110110111
10111101000011101101101111011101
10111101010111101110001010111010
10111010111000011010011111000000
10111101001001011101101110000111
10111011110100110010001011010000
00111100100101111011001011101011
00111101100011110000000110111011
00111101000110110010001001011110
00111101011000100010011010010001
00111101011100110010010011111101
00111101000110111111101000110110
00111101011100100010101000111001
10111010010110001110100110000110
00111100101010101100001110101110
10111101001011111100001101001011
00111100101110101000111001011110
00111101100001100000111101101011
10111100010101100110010111111001
00111101011010011110000101111011
10111101010011011101001010010001
00111101000101001011101001111110
10111011111010110101101000100110
10111101001111101100000101010000
10111101001000001001001011000010
10111100001110010100011011001111
10111101000110000001110101101101
00111100100011101100010111000001
00111100111010010101001100101000
10111101000110111100011110101010
10111101001000001101011000110100
10111100101100101001001000000011
10111101001000101111010100110111
10111101100011011011010101011001
10111100111001010100000001110100
10111101001000110111100001110000
10111100011100011011011001000001
00111100010100011011111101111010
10111101100101001110011010011100
10111101100010010000001011000111
00111101010111110110010100011100
10111100110111111111101111000011
10111100010111101001001010010001
10111100110001110111000011000000
10111101001100101101100001101001
10111101001010000011110100000011
10111011101001011010111001100010
10111101000111000011001100111101
10111001100110101000011111001110
00111010111111011111010011110010
00111101011001010100011000011010
10111101101100101110010010000110
00111101000100110101100010100111
00111100101101110000000011001011
00111100010010011001001101110101
00111101001100111111100011101010
00111100000001010100101110001101
10111011100010101100111101111001
10111100011110101100100001100111
10111101001001110010100001011111
10111100000010101111000110101100
10111101000111001110100000001011
10111101010010101100001111110010
10111100001110010011110000101001
10111100000001000110001010011000
00111100111011011011110001101000
00111101011010110111110110010101
00111101000111100111000010110010
10111101000001010011110011110001
10111100111001000000101101101110
10111100000010110001111011011100
10111011100010110111101101100001
10111100000101100001110011000000
00111011011100000011001000001101
10111101100010111010100100010000
00111101101100000101101111001000
00111101000100011100111000000001
10111100110001110011110101100000
10111101010011110011000100000000
00111100101100111011110011000001
10111101000110100111110011110100
10111100110101101011001001111011
10111100001001010011100001100000
10111101010111111100010001001011
10111100110110100110100001011010
10111100111110010011011100100001
00111101000010110010000001111101
00111100011001100100001101000100
10111101000101110011111110001100
10111010100111000010000111110010
10111100010001000110011010110111
00111100011000110001011100001010
00111100010001001101110111110011
00111100110110101010101011111000
00111101010011011000110110010101
10111101000100001111100111100001
00111011100000011100000100101111
10111101011000111001110001011110
00111101001100100110101100101100
00111101000111110011110100000000
00111101001111011100100000110000
10111011011110000110110000010111
00111100110011110111100011110111
10111100010101010010100101000010
10111100111101101001011101101011
00111101000010010010100001010000
10111101010001000000101010111010
00111010111011110101010010110010
10111100011010100110010110111011
00111100001111101000111011111011
00111100101010001000110100001100
10111100100001000110001010011001
10111100100010101010011110001010
00111100110001100001110111111010
00111101100000011000111101100111
10111101100010011000001001101011
10111011101100111011001010011010
00111011001001001100110001011100
10111101011011000101111010000111
10111100111010110001111011000111
10111010101001011101100000101010
00111011111010010110111101111000
00111010111010000100010110110100
10111101010100000010000011110101
00111100100011110001000111101110
10111100101001111000101011110110
00111011111100011100010101101110
00111101000010100111010010100100
00111100111111000011101001011111
10111100110110000110110100000010
10111100110000010110110110011111
10111011000011000011101111111101
10111101010000110110000100110110
00111101000100001110110111100111
00111100101001001001110110110101
00111100101101110110000001111101
10111100100100111110000100000000
00111100001001100001111111010011
00111011100011011110000010110110
00111100001100110110001110100100
10111101011010010010000001100010
10111101100010000101111011000010
00111101001111111001000010111001
10111101000101110100111011010110
00111101000010101001111101000101
10111011110000110100110110010111
00111100110000011110001110010011
00111100110010011100011100100101
00111101001111110010110110111100
10111101000110011010011101010101
10111100010010000010011011111000
00111101101111001101110100100001
00111010100011110111001010100101
10111101001101101101001010000000
10111100110101101010000101101001
10111001010011010101010101100110
10111101000000000100101000010101
00111101010111001010100000101110
10111101000101001110010110111001
