00111100001000011111000100111010
00111011000111100110111010111011
10111100111110101111101101011010
10111011101011001010010101110001
10111101100010110101000110110010
10111101100000010100101010111000
10111101000001001101110101111011
10111101001101100111101000000001
10111101011010011111000001000111
00111101000000000101111010100000
00111100000001001011011000000010
10111101011001001011011000000000
00111010100100010111010110010111
10111101100100101001110101001111
10111101111010111101110110001100
00111101001001110010100111011011
10111101100110011000100110011110
10111110000101111011010001000000
10111100111111010100101101100100
10111101001111011110111110011101
00111101001111110011010111110111
00111100011000011010100001011100
00111100011001100101011111100100
00111100101110111001101110010001
10111100001110101010010001100010
00111101011010101110011000110100
10111100011111000100011111000110
10111100111101111001111110000100
10111100111000010011101110011011
10111100101111000001001010010111
00111101011010100010101001100100
10111100101111101111101100110011
00111011110110100111001011010011
00111100101000111001110100011011
00111100011111001000001011011001
10111100000001100010101011111010
10111101010111111011011111001001
00111011000101011110111101011001
00111100000110001101100010010001
00111100000000101011100110110001
10111101000111001110000000101111
00111011110100111001001100001011
10111101010101000010010001001100
00111011110010110100110100100110
10111101000101000000011110011001
00111011011010101010001111010010
10111100001110010111000101011110
10111101010000000010101111110000
10111100000011001011100110011110
00111101001111100100011101101010
00111010101100001101111110100111
00111011110001011100110001100011
00111100000101001001111100101000
00111101000001010101000001001101
00111100111100011010110101101110
00111100010010010100111111010100
10111101111011110000011011001100
00111011111001011101011110010101
00111101010011101001001000110111
10111100010011010101001110100100
00111001110101011100011101111100
10111101000000000100110110000001
10111100111011010110001110001111
00111100001101111010101000111110
00111101001111011101000110100001
10111100110101101001110010001001
00111011110000101101010011010101
10111100101101011101000101111111
00111011110001011111110101010100
10111010111101111110110011011000
10111101010010101010010101001101
00111100010000101001011111100000
10111100110010011111010010100111
00111100011010011011000010001100
00111101001101111000100001100101
00111101101100100010001010111000
00111101011101111110100110001000
10111101001010101010000100010000
00111101000001101100101100100001
10111101000001110111011010110100
10111101101011001001010100111110
10111101001100010000001000111100
10111101101011100100110001110001
10111101001100101101001110111011
00111101000011011111010010010011
10111101011111111010100111011001
00111100001101001110101100000010
10111011101000110110111100110100
10111101010000001010100110111110
00111100010000110001100011100101
00111101000100000101010110111000
10111100000101100101101101101001
00111100000100010000010111000011
10111100110110011110101010100011
00111101010010111111111101100100
00111100000010110010110110101110
00111100111001111010100111011011
00111011100010100110100000010110
10111010111011000010010011111011
00111100110101110100101010111111
00111101101101100011001101100100
10111101010000110111000100001100
10111100010110001111111010000010
10111010111010101011011111111011
10111101101000111111010001101010
10111100101011011000000100111110
00111100100000001111001100100100
10111101110101010111011111110000
00111100110101000011000010100110
10111011001001111100000011001111
00111100010011010111111111101000
00111101100000101000011011110110
00111011111011100000001000101101
10111011111110010111111110110011
10111100110100001111110101001001
10111101010110010010000011111100
00111100110111111111011010001101
00111100101010011111001001001100
00111100000111101010010100000000
10111100110000011001110110111100
00111101000001000000001010011101
00111100010111011010110100010100
00111101011111010111001011001010
10111100111100010000111000110011
10111100110010111110100010010001
00111101010101011101010010001101
00111011101110000100111101110001
00111101000100100111000111110110
10111101010010001001110011111001
00111100101010000000000010110111
10111101011101010101101110100100
10111101010100010100011000001101
10111100011110010110111001010011
00111101010110101100001111100000
10111101101001001111111000000001
00111100110000011001001111100111
10111101001011000001100110001100
00111100010011110010000110111111
00111100100001101111001001111000
10111100100010010010101110100010
00111100000011000001101101111101
00111001111010110010110110111001
00111011001100110000011001011101
10111100111101101001010011001100
00111100010011001111000001010010
00111101010001100011011110001110
10111011101101111001010011011101
10111100110111100111100101111001
10111101001100110010010110001001
10111101001001011100110111110110
00111100000111110000010011001010
00111011110101100000100010010110
00111101010010110110111011011001
10111101110110000100111001011000
10111101110000101000011011111011
10111101011100100111100000111111
10111101011111100101001011001011
10111100010011111010100110011011
00111100101100100001101010011110
10111101000101110001110101011001
10111011110001011101000101011111
10111100011000010110100001000101
00111100100001001010001010001111
00111101001001001111101001110111
10111100111010001011101111000001
10111101000111010011111111110000
10111100000000101000000101011001
10111101010000011000100011100010
10111101100110010000010010110110
00111101101000000111100110110100
10111101001110010001111100001000
00111100110111001010000000000111
00111100000000101100000010011011
00111100001010011101111111001100
00111101000011001101110100111011
10111101100000100000111110010001
10111101100101111101001100001011
00111101011000100111111100010101
10111101001011011101000110011001
10111101101010110101100011010000
00111100001111001110011110010100
10111101101000010011011010100111
00111100010111111000000101100000
00111010110011011110111010011010
00111100100101010001100011010000
00111100010001110011101111001101
10111101010110110000010101100101
10111011111110101110101000000111
10111100011110100010001011101111
10111101001010101010111100001101
10111011111010101001101011010101
00111101000000010110011110011101
00111011110101010001011101010000
10111100001011110000111010010000
10111101100100010100000001010011
10111100010110010000111110011110
00111011100001100000110001000101
10111101000000101001011000011011
00111101001001101010000100110110
00111100111101110000001101001101
10111101001001010110010111011101
00111101101010100010111111100000
10111100111000101010111011001110
10111101100011110110001010101101
00111101010001010000000110111000
10111100110110101101011100100110
00111100110011110110110110100110
10111101001001110101000111101101
10111001111010001000000110000010
10111100011010011010001011100011
00111100111111011011010101101111
00111100100111111000001101000101
10111010100100110000001000100011
00111101001100100001110000010000
10111100110000100101110111100010
10111100011000001110000011010101
10111101011000001100010001100010
00111011101010111110101101001000
10111101001010011111101111001001
10111101001100110111011110001100
00111101011011001110101100001001
10111011110100110010100001110010
10111100101010100010011110000000
10111101011111011110100000011100
10111010011010110110011101100111
10111101001111100011010011011100
00111101010011010010011100111001
00111010100000001100101011010011
10111101100010100101010000010011
00111100001110011000100011011111
10111100100011110101001011110100
00111101010000001101111110010001
00111101011110110001111000100100
10111101000100110011000100111101
10111101110011011111011110011010
00111101001111111011001001111101
00111100000000001001100100100101
10111101001111101110110010001000
10111100110100001001110110110100
00111011010010101110000101010100
00111100101001111011011011001111
00111100010011110100101101011011
10111100111101100101101001111100
00111101100101110000100000101000
10111100011110100000011001011011
10111101000011011111100000001001
10111101010010001101011010010101
10111100011010110011001011110111
10111101000110110100111011100001
10111100110100111100011111010110
00111100011111101010010110011100
10111100001110110101010001001111
10111101100111000111011111101001
10111101101001010111011100000110
00111101001100001101101010100111
00111100011100101110101101100101
10111100100110100111100010110101
10111101011011010011010000000110
00111100100110011011100110101110
10111100101111100111001101001101
00111100101011101111110111100111
00111011010001001101101001000011
10111011011100111100101101100000
00111100100010011011001011101101
10111101001110110100110110100011
00111011110001100001110100000010
00111101000111000101110000011100
10111101011011100001010101011100
00111100100001010101010111000001
00111101010101110000011101000101
10111101100101111011100000000000
00111100000100100000011101001000
10111011010011000001101000101000
10111101001110111000100100100111
10111011101101100000111000100011
00111101000111111100011101101101
10111101100100101010100100110010
10111011111111101101100111110010
10111010110011001010100010100000
10111101100101110010011000100001
10111010100001101001010110110010
00111101000110010110001000110010
10111101000111111000010100001001
00111100010100010110100001001101
00111100110000100110100001011000
10111101000011011001100000101011
10111101010100000100111100001101
00111101100011110011011101000001
10111101010010000010011000011010
10111101010111101011111011100111
00111011001000100001001111011110
10111101001010110111001101010101
10111101011101001100011101111011
10111100101000100101101111100111
10111101010111110110101110011111
00111101001100001100101000010111
10111011110101101010101101000101
00111100111011100011100010100101
10111100100110011000000101010000
00111100001010001011001001111010
10111101000100111000110100110101
10111101010100001110011001101111
10111101011110100101011011010000
10111100001010001100000001010111
10111100010000111011100001101100
00111100011100000001100011100101
10111100000101010000000100110111
00111101100000100001111001001000
10111100000000001001100111110000
10111101010111111110010001101011
10111101010001011000101100100101
10111100101100101000110011001101
00111100011011101101010100010101
00111011010011110101011111010101
10111101000000100110000101110011
10111101001011010111000111111100
10111101000011110110011001111000
10111011101110110011100111000111
10111101100001011110011100100100
10111101001010000011000101010100
00111100100000011001000011000101
00111100011011011100100110100000
00111100010111011101111000011010
00111100101101000110111011000110
10111101000000000000011010011011
00111100111001100010010011111000
10111101001001100001011101111111
00111100000100110010111100101001
00111100100010101001101001011000
10111100100111011000100110000011
10111101100000111111011110000111
10111101000001100101001100001101
00111011101111011011000011001000
00111011110110101011110100101111
10111100110001000111110100011000
10111100000101101110001001010010
10111101001111000101100111111101
00111100010110001111101001010010
10111101001101110010101000010011
00111101000011010010111010011100
10111011100111100101101010000110
10111100111110110111101100110110
10111100111010101110010100001010
00111100001010011101011111100011
10111010101101001000001100010010
10111100101101001111001001000010
00111101010011100001111101101111
10111101000110001000100110000011
00111101000001000010000110111000
00111100100100101011101011110101
00111100110110010011110001011001
00111100001001000100100001010110
00111100000001101110010010000000
10111100100010001001110110110100
10111101110001110101010100101101
10111101101001011000101001001010
10111101101111010100100001001001
00111100011101101001100111001111
10111010110110010000000010011110
10111101110001001101110010010100
00111101011100000110101101011001
00111101011001111111100001100001
00111101001101000011001111100000
10111011010111111001000001001101
00111100111011010000100001101100
10111110000011010010111111010000
10111101001000110001000011011001
00111100000111010111001111110000
10111101100101010111011000101001
10111101001010010111011110000110
00111100000001110010100110111110
10111100111011110101010110111100
10111101101001010011100011010000
00111101010000100010001110101110
00111011110000110010111001000110
00111101010011111100111011000010
10111101001111101100111000100011
00111100111001011000001010000111
10111100111101111100000100000100
00111101110010100001011001011011
10111100000011110001110111010100
00111101011100101011100001100100
00111100010011010110110110001110
10111101111100011010001000001101
00111101000011100001010001001001
10111011111000001100100100000111
10111101101100010110101111100111
00111100110000010001101100110001
10111100010110011110000000111101
10111101000011111011101011100001
00111101000000000010010111001110
10111100011101010000010100110000
00111100101010011100100000100001
10111100110100010111001100011100
00111101001010110110110100011101
00111100001001101110100101110110
10111100110010001001010100101010
00111101000101001100001110111101
00111101110000100101101001011100
10111100110110000000011001000000
10111101001110111001100111101001
10111011111010100001100000001110
10111100110001110001111010111100
10111100100011011010110011100110
00111100101001010100010001101111
10111101000100101000001011110110
00111101000101000001100110001000
10111101000100111100011010111011
10111101010001100110011000010101
10111101010100111010001010010001
10111101000101010111010011110001
00111011100000101001110100111000
00111100010010001100101111101111
00111100011110010001010001111010
10111101100000100100110010010001
00111010101001001110001001000101
10111010001101111100001111000001
10111100101111100100101011100011
10111100100100011000110101100011
00111100000000110000001101111011
10111101000000010001010010111000
00111100000011011000011001000000
10111010101111111011001111001110
00111010100110111011011100101110
10111100000111101010100110010101
00111100110111010010001001000111
10111101001001110101000011100101
10111100110111100000001000010100
00111101001000010101100011011001
10111101000100001010000111100111
00111100000101001100000110001010
10111101001110001100100011101000
00111100111001111001011101010111
10111010010111110001010010111010
00111100100100000010100110111111
00111101000111101010000011011001
10111100110110011101101000000001
00111100001101110010001101001100
00111100110111011000101011111101
10111101001110001010101111100000
00111100110110001011110010000111
00111101000110111101110011101100
10111011100111000011100101001010
00111011101101101001010010111000
10111011011001000111010101001011
10111100100011010001000101101100
00111100000110010000100110110010
00111100100111110010000000100111
00111010100010101101000110000010
10111100110100111010100011110010
10111100100111011111000100100110
00111100101110111010011010000000
10111101000010111010110111010110
10111101000011100010101001100110
10111101011000101001101011111000
10111011100100001111101101101110
10111101010111011111111010100011
10111101100010100110011000001001
10111100100010101001010000011111
10111100000001001001010110011110
00111101010001101100110100111110
10111100101111001100001011101011
10111101000001001010000110100111
00111101010101000000000101011000
10111100110101000001101101111010
10111100011010101100100100101011
00111011101010101001100100110010
10111101000101100100111001100011
00111100101000110011101010101001
00111011000100101000011101101010
10111100001000000011110001011111
10111100110010010100000110101001
00111100001011000100011100101111
00111101000010101001110100011100
00111011100100111000010010010010
10111100011010000100000110010110
10111100001000110000011101010011
10111100110101010101111001101001
10111100111010111101110001110001
10111100000010110001001111010111
00111100101110011010011000101110
10111100111000010011001101111001
10111100011010000000110010011101
10111101001100001011010110010100
10111100100001011111111101001000
10111100110101010111101010010100
10111101010100111101011100001101
00111101000100000010000010001010
10111101000010000001100100101101
00111101010011100110000011010000
10111101000110010011100001000111
00111101000010010111110101011111
00111100100111000001111101000010
00111101001010011111011001101010
00111101001010001100001000111011
00111011101011010010111110101011
10111101100000000110011110000011
00111100000001101111000100010010
10111101001010011011001110010011
00111100000101101000001001000001
10111101001101010011001001011100
00111011111100000001101001110011
10111100110010000100101011000100
10111101001000001011010110000011
10111100110000001101011001110110
00111101010010000001011101011101
10111101001011101011111011010011
10111101100000001010101100001011
10111101001100101010011010001000
00111100100110001111110010111010
10111100111011001001100011101000
00111101101000011101001101010100
00111010110000101100110010010110
00111100110110111000011111010110
00111101100000011010100001110000
00111101011111001010110110011001
00111100100001110011101010110011
00111100101111101101101001110001
00111100001110000111011000010111
10111100101101110000010100101100
10111100011010000110000111000000
00111011011001000001100010001110
10111100110011101010011111011010
00111100100110011101111100011101
00111101000001011010111111001101
10111100000111100100011011100011
00111101000100101011000000100000
00111100010111011101100101001110
10111010100011110010111100110000
10111100100000101011011101000000
00111101001111111100110111000000
10111100110101110100111010001010
00111101001001000100110110101110
10111011100011101001011101000010
00111101000111100110011100111101
00111100100101000010101101010110
00111100110111011000010111000010
10111101001001000000011001000001
10111100110000110011011110011010
10111011100011010111000110001100
00111101000111101111001011101110
10111010010101001101000000010000
00111100100001011101100100110001
00111101010010110101111001101001
10111011000001010101001110010001
00111101000110000001001110001011
00111100111111110010110100101111
10111101000100010010000101010110
10111100100000001110111010101000
00111100001011010101000011100101
10111101001110101101000111101111
00111100010111000111111000110001
10111011100110110110100011110000
10111100110111111100101100001000
10111101010101011001000100101011
10111100101100010000111110110000
10111100111110110000101111100001
10111100100000111110001101110110
10111101000100001101101010111101
00111101001110100101001000010011
10111100000111101111100001111011
00111001010000101001000110010100
10111100110010110111110001000110
10111011011111100101011000111111
10111100111110000101001001010011
00111100011100001110010000001111
00111100011001110110001000001001
10111100001000011101101010000001
10111100000011010101101100100111
00111101000101010000110111001000
10111100111111100010101100011111
10111100110001010000010101110100
00111100000000011101111011010110
00111100001000110000110000000111
10111101001110001101001111111110
00111100010111000011101111100010
10111011001111110110000000000111
00111011010000110000000100000000
10111100001001110110010011110011
00111101110100110100100000001100
10111011101100001100000001011110
10111101110011011010010010111110
00111100001000100110001111111011
10111101101111000001011011100000
10111101001011101110010110111101
10111011101101101000101011100000
00111100101001000011101001011101
10111101011011110001011111000001
10111100011010111001101101100001
10111101010110010001000110010110
00111011001101111001011011011110
00111100111000010111110001100100
10111100000101100001101000010011
10111100100001100001011100110001
00111011101000110110010101011111
10111011100001010111110001011011
00111011000101111000001000101000
10111101100010001011000000010110
00111011111111001100110001101100
00111100010101001000110000011000
00111101000000101001001101000011
00111101100011110101100100110000
00111011010111110101100010011010
00111100010111000011100000100011
10111100101000010111111100011110
00111100101111100001010100001001
00111100101111011110010010000011
10111100001101110110010110100100
00111101011101101110101000110011
10111100100011100000001001010100
00111100101101000100100101101110
00111101100001111011001000111011
10111101100000001100011100100010
10111011011110101000010011010000
00111100100101011000100000000100
10111100110101011010010100011111
10111101001011110010001111111111
10111100100101111101010110110110
00111100000010011010101010001110
10111101000010111000001110000101
10111101110011001001101110010111
00111100010000010110100110011001
10111001001100100110010010100111
00111100000101011110110010010010
10111101010101001010110010010100
10111011110011100000001100001001
10111100100010010001011010111100
10111100100011111010000010100111
00111101010100110000010000000101
10111001101111111001100010110110
10111100100101010001100100010001
10111100010110011111010101010010
10111100101011001101111010100111
10111011111111111001001101100111
00111100110101000001101000011101
10111101100001011010101101010001
10111100001111011001000101110000
10111100100011011100111110111010
10111011101001101001000110110101
10111101100011111101100010010110
10111100110100010100001101011111
10111101011101000010100010100100
00111011001010101010010111000010
10111100110000110010000011011000
10111101101110100110011111110011
00111101000101010110010100101110
00111101100111011001101011110011
00111101000001101101110001011010
00111101001000001110011011101001
00111101011110010000001010100110
00111011011100101010001011110010
00111101001100000011011011101011
10111001101001011100111111010011
00111101001001101110001110111100
10111101001110010100010010011011
10111101011100011010110110001111
10111100111100011111000001010111
00111100011111010100000111001100
00111100101010100011111100101000
00111100110110000010100010000111
00111100100011011100000000011001
10111100100001100111101100010111
10111100100001101001001001111001
00111100111110101111100010000011
10111101001010110101011000110011
10111101011001000101010100011001
10111011111100110010101001011010
00111101000110001110000110010010
00111100110101101111001111000101
00111101100001110100001011000101
00111100011001000001111100101001
10111100101111000011000010010000
10111101101001100110101010101010
00111100000111001010101111110110
10111100011111111011111011111011
00111011110010011111010111111001
00111100110011110000011001101010
00111011110011101110110001000110
00111011001101110100101010011100
10111100111000011100111111010011
00111101000010000011111000000111
00111101000011100101000000100100
00111100010000100101100110011110
00111100100100101000000011100110
00111011100100100101011000110000
00111011111001001000001010110101
10111100101100011110100111101100
10111100000000100101011110000111
00111101101001011101010011101101
10111110000001011011010101100010
10111100001111101001001110110110
00111011111010010001110111011110
10111101000101111000111101111010
10111101010001010101011010010110
10111100010110001010111101101101
10111100010000100000101000011100
00111011100001011110010011001100
00111101000100001100101111111110
00111100011010010011000101000000
10111101000110011001010000011000
10111101100001100101110010100010
10111101111011101101011110111011
00111100101000010111000001111111
00111100111111110111101110000010
10111011110001110101000101111111
10111011111001000111111100011110
00111101100000100111010000001000
00111011111101111110000010110100
10111101011101001011011000100011
10111101001000111001010110011001
10111101101010000111000011011000
10111100100110111101001111010001
00111100110100000100100110101001
10111101010100110101011101101110
00111100111001100111001101011000
10111100111111000010010100110001
00111100000010000101011011100011
10111101100001000011101111011010
10111101011000100100101000111001
00111100100000010101111100001001
10111101010001010101000001111001
00111101011011001110010110111100
10111011111101101100110110111111
00111100011001001011110111111001
00111100101110101001100010111011
10111101100010110110000101101110
00111100110100001100100001110011
00111100100000101000100011001111
10111100000001001001111100111010
00111101001001011100010101111001
00111101011011000000011010100101
10111011111000001011100001100100
00111100011111111011111001101110
00111101001011011110001101111001
10111100100010110001000000100100
00111101011100100010111100011100
10111010111100011101111001011111
10111101001100110010001110000111
10111101010101100101110111111011
10111011101101101111100111100101
10111100110100000101101001001101
00111011101010101010101001101110
10111100010000110111011011001001
10111011001010011100101111010010
10111101001111010010101001001110
00111100101110001000101111001000
10111101010001101010001110101000
10111101001000110001100111101101
10111101000010111010011011101110
10111100110101010011001001010101
00111101001000011000100111111100
00111101000010101100111011010000
10111101010110000000010000010011
10111011100000000101101111000101
00111100110001010100000010111101
10111100100011101000001110001100
10111101001111101101000100111001
10111101000010001111001011101010
10111011110010100110110110100001
00111100100001001101100110110010
00111010111100010111010001101011
10111100110011011101010100100100
00111101001111011110101110010100
10111101011001010001001001110000
10111011010111011111001001111011
00111100101001010000010010010011
10111100000111011100111000010010
10111010101101100111101000000011
10111101011100011101100000001010
00111101000010000101010100110101
00111011111100001100001110011011
10111100101101010000101100011111
10111100100110101101111010101011
10111101000100001000010100001010
10111100110100111101010111111000
10111010100011100011111000001100
00111100000111010001001010110101
00111101000110101011011110111001
00111101101100001011101010110001
10111101000000011011111001100101
00111101100000101110011100001011
10111011100100010011100101000100
10111100101100101110101110001111
10111101100101100110000111000111
10111101011010111001000111010000
10111100010010100100011111111000
00111100111110010001001111001011
00111100110011101100001111000100
10111100101111101001111111010110
00111011111100001100110111001100
10111011010000111010101110101010
10111101100001001001111100001101
10111101000011011001101010101010
00111100111110100110101011110011
10111101010001000111000001000101
10111101100000001000110010001110
10111010110100011101101010000010
00111100000001101101001001001101
00111100010101111000111111101000
00111010101110111100101011111110
10111011100111100001000111010111
00111011111101000010011010111100
10111101000101010101110001011100
00111101001101011000000111110000
00111100000011100001101110111101
00111011000100000000011001110111
00111101010011000000111010011010
10111100101000000101111001100101
10111100011110111100111001111000
00111101000100000010101011101001
00111101001000100010000001000001
10111011100110000110111001101001
00111100000101111010010110111010
00111101100110100001010001100010
00111101000100100101011111000001
10111101010110010110111010100011
00111100101001111101110001011100
10111011001101110010110110101000
00111101011101001101000011111010
10111100001000111101010010001111
00111100110010100010010101000101
10111100001010110101100111001111
10111101010111001010001100000010
00111100010001010000101011000100
10111101001010011100110010101110
10111100110110010001011011011100
00111100100111001110000111010111
00111100100100101110110011000110
10111101100100111011100011000110
10111100110111110011101101110111
10111010110011000110100111110111
10111100001011101001101101010101
10111101101010010100000101110101
10111101000001110011110000110100
00111101000110111000011010001010
10111101011000100001110110000111
10111100000101101000011010100010
10111101000000110110000100000010
10111001010101000010100100101111
00111101010111110010011000010000
00111100011100010010010100111101
10111101000100100110100101110000
10111100001000010001100101111010
00111101000111111101000011110010
00111011001111101000001000001100
00111101101111011101010100010011
10111100000000100111010011010001
00111101101110001001010010101001
10111011110011010100001100100011
10111100100111010110010011010010
00111101000011000100010001011101
00111011111110000000011111111100
10111101001101010111010100101000
10111101101110000011011101011101
00111100110111111000111010000010
00111011101010001111110010100111
00111101000001100101010110101101
10111100101010110110001000000110
10111101001100110010010101100011
10111101101001100001001101101111
10111101011110110101100001010011
00111101000101101001100110010000
10111101001110111111111101111001
10111101001111011101101111101010
00111101000001000001101011100001
00111100100010111111100001011001
10111100001101001101011110110001
00111101100011110100111110001000
10111101001010000110100110010110
00111100001101001000011100010000
00111101010000101101001100100011
10111100001000010011100111111010
10111101000010100110011101101011
00111100001111111010010100000111
10111100101010011111111110111001
00111100010011001000011000101110
00111100011110111111011100101000
00111010101010100000110011010101
00111011011101010000001011000101
10111100000000010100101011100111
00111101011101100011100110110010
10111101010110111000100010101110
00111101100000101111110110110001
10111101001011100000100010001101
10111101101010110101101011010101
00111100100101111010100010101010
10111100011011000100011111011000
10111101011010001011010101010101
00111101100111101110100000110111
10111101100111010000000111010111
00111100001111101000100111011001
10111011111000000011010100011110
10111101100001000001010011000110
10111100000010000010100011110001
10111101100101000011100111111111
10111100100011100010101011011111
10111100001111001000010100100000
10111100010010110111110000100111
10111100110111100100111110010110
10111100111001111000100111111100
00111010000000110111010011010111
00111010111100001100101110011011
00111101010001100010010111011011
10111100011011010011000101100111
00111011111110011000000111010000
10111101000000001101111100000011
00111100000010000111110000110110
00111100010011001011110001000100
00111100100110010100011011101010
10111101010010010100110011110010
00111101000111100101100111001100
00111101010110000110010111100101
10111101010101000100011110000010
10111011111011100101000110000101
00111101010010100111001101110001
00111101001010101110001010001100
10111101001111101100000111101000
00111101101010000010101110010100
00111101000100000000101111101111
00111011100101011100000101011010
10111101010100111111011010111000
00111011111000101001111110010111
10111100011001100111110000100111
10111011100001100111101010011010
10111101001100110001001000001001
00111100101011010010000011011000
00111100011010010110010101101100
00111101001000000011011110100101
00111101000001101100110100010100
00111100111000010100101101001011
00111101100010001101001111010110
00111101001010001011110000000000
10111101110111001100001111010001
00111101001011100011111011101000
10111100100111111110100000111100
10111101101011100000011000110011
10111011110100000100001010010111
10111010101011100110011000001110
00111100100110111000011110000001
10111100110100101110000001111010
10111101000111000111011110100111
10111100111000011110100110010110
10111101100000111101100100001011
00111011111110000000000010111000
10111100110110011100100110101001
00111100110110101111000000011010
10111101000010101000001110110010
00111101001111101110101011110001
10111011001010110000011100111101
10111101000010110000111010001011
10111100000010100101110010110011
00111011101100100100000100110101
10111100001001110011011001000101
00111100001110000011110101111001
10111100011100111110010011001110
00111101000101100110100111100001
10111100100101000100010100110001
10111101000010000110111001100010
10111011011101101111011110001110
00111100110110011011101100111110
10111010000101011001010010101010
10111100010010011101101110110110
00111011001001010011000100101110
00111101000010010100111000010000
00111011100110011110010111101111
10111101000000110110110000111100
10111100111010101111000000001110
10111010101001100000100001000011
00111010011100111011001101111000
00111101010110100001000101110101
10111100100001111000100010001101
00111101010001100110010011001100
00111100101111011011000010001111
10111011111000000100011101101110
00111100000010110010101000100101
00111010000101001100100110010100
00111101001011000000000011110001
00111101001000100110000010111111
10111100100110001100011110110000
10111100011000001111100101100100
00111100100100001110001011001111
10111100010111011101100111001010
00111100101001111101010000111111
10111101000011001101111110001100
00111100111000111001010000001101
00111101100110000101010001000111
10111101000111000110101100110100
10111101001000001011010111001011
10111011010110010101100111011101
00111100100000111111101110111001
10111100100111011000101000110001
10111100100000001001101100000100
10111100100011100111010000100110
10111100001000011001110101010100
10111101011010011110010000110011
10111100111101001101100101011000
00111011010110011001110000101101
10111100001000010010000100000111
10111100011000110010100010101001
10111101111000100111111001010010
00111101010001001110101010010110
10111101010000010000010111110010
10111101000110100010110011000000
00111101010010101011100001011111
10111100110011001100100011001000
00111101000100101110010110001010
00111100110001001110010010011110
10111101000011010110011110010100
00111011011100111000010001101001
00111011111011101111101011101010
10111101001100010000110110101011
10111100011001111010110110100100
00111011100010001111010010110010
10111101111000100110010110011011
00111100100011011011110111111010
00111100011101111011111110111110
10111101110101000011011001110011
10111101001100110101011110011011
10111011111001001010010101001001
10111101000000000001101101000100
00111100100110001010001000111001
00111100000010010001110111100011
10111010101011100100100100000110
00111101100010001110111101111000
00111011000110111001011001010000
10111100011101101001111101100010
00111100000011111000101001000011
00111101001101111010000111001001
10111101000101101101100001100110
00111011111011111100000001100001
00111100011000100000101001101011
10111100110100101101011100010100
10111100101100111101000101000111
00111011110111000001011011000100
10111011110001111011110111100111
10111101011110010101111001001111
10111100011011000001110000011000
10111101100001100011010000010110
00111100111010100110100100111111
00111011000111001110001000111110
10111100110010001111000000100101
00111100100101010111001100011101
10111101010000101011100000000100
00111011110110100000100001110110
10111011101101010001010100111101
00111100100010000000011000001101
00111011110101100000100001111001
10111100011010011100010001011011
00111011001110011110111100111000
10111011100001000101111001111111
00111100011110100110011011001101
10111100010000000001011101111010
00111100001100111011100101110011
10111101011010111110010011110111
10111100100110011011110001110011
10111100101010100110011010010101
00111101101111110010111011001100
10111101001100110101110000010001
10111100111111110110111010110110
10111100110100111111011100100110
10111100101010010100010011110101
00111101000111011000001101100111
10111100011000100110110010111011
10111101000101010100010011110111
10111100000000000111000111100111
10111100110001100100001110100100
10111010110100101111001011100011
00111101010000110001101000100111
00111101010110011110000010110111
00111100011100011011001001100110
10111100111100000001001111111110
00111100111011101001111001110010
10111100111111110001001000100101
10111100110111100011100101001111
00111100011011111101000011100001
10111101000100101100100000111011
10111011001101001110001111111100
10111101001111100110111111110011
00111100100100110111001010100110
10111011101000111101101101100110
00111100101110110001000000011101
10111101010000110011100011010111
10111100010001001101000101001011
10111100110110100101100111111001
10111101011010011111100110100000
00111100110111010011100110101110
00111101101000111000011110101110
10111011101001010111110000111101
10111100111010111010010011001100
10111101101000011100001010100111
00111101000111010100100001100000
10111101101101000110010110100001
00111100101111100011000100011000
00111100100001101011101011111010
10111101100100011111011001111000
00111101011101011000011001100111
00111011111100111100010000001110
10111101001011011010111100001110
00111101101111110101100010110101
10111101101000111100101101001010
00111101010011111000101100011000
10111100100100111000010111001011
10111100101011010101110110110000
10111100010100100011101101111000
10111100011010011111111010100111
00111101011101101100100100100111
10111100111011110001111010000010
10111011111010001101111000111010
10111101001000100111111101000101
10111101010000010100001001110000
10111001110110011100001110110100
10111101010000010011100110110101
10111101100111010100010001010000
10111101101001100001101111111100
10111101010010101010010011011000
10111101100110111111000010011111
10111101101000111100010000000010
10111101000110011001001000001110
00111011000101101010110011111101
10111101011010110101111011111001
00111101000110000001101110011011
00111100000001110110110110100000
00111101010000011100011000010100
10111100101100110100000001011000
10111100111100000001000100011111
00111101100110111000010011010111
10111011001000110011111011101101
00111011101011101001011000011110
00111100001100011011101011111000
10111101100110011111001100110010
00111100011110111001110011111111
10111100011000111100111111101000
10111100010001100111010101011111
00111011110100110101111100101101
10111101000010000110001001101111
10111100001001101001110000000011
00111011111010111011000111000110
00111101100111010001110010100011
00111100010100101100010010010001
00111100111101110010110101101010
10111101010110111100010110000101
00111100100100000001001011010111
00111101010101011110110110101101
10111011100010011011101100011100
10111101001101100011011110010101
10111101000111000111011001011101
00111100011001110110101000100100
10111100000100111001100110000000
00111101001001111010011000110001
10111101010001111110001010100100
10111100100011010111010001110101
00111100001011101001010110111111
00111100010101111000101001111100
10111100001100110111001100111011
10111100000001011110110000000010
00111100011010011111000111001010
10111101101010010000011101111111
10111101010101101100111101101101
10111011110110100110110001010001
00111011100111111010010111010011
10111101101000010011011100110011
00111011011001100001001001010001
00111100010101001001000101101011
00111001111000101001000110011001
00111101000010100100010100001011
10111100110111001010001101011010
00111100101101100001110011101101
00111101011111110100000111011010
00111101000000000001000110100010
10111011010011100001010101100110
00111100100001110110010110100011
00111100111000101100010010110011
10111101000101111101010111111001
10111011011010100000100111001010
00111100111110110100111100110101
10111100101001011000000010010101
00111101000101001001111010101011
10111101000110011000101111111001
00111100100100011000100010010101
00111101100101000000001100010011
10111001111100100100101011001111
10111100010011111111011011101110
00111101000011101000111101010100
10111101011110010010111011010111
10111011100110011011100010110001
00111101101100111111100111111100
10111101001100110111110100001011
00111101010111101001110111011100
00111101100101000011110101111011
00111101001001101001011101111100
10111101001110000011001000011001
00111100111001101011111100010100
10111101011111100110001001011101
10111101010011100001010100001100
10111100000001101111000000010001
00111101000000011001000000111100
10111101100100000111101100011110
10111101000111000001110001100101
00111100001000111110111111011001
10111100111101010010100011111001
10111100101000100110110011010101
00111011011100010100111000101001
10111101000010111000010110001010
00111101100001101000000000110100
00111100101110110000100111101110
10111100111110111110011100110100
00111101001110010101011000111100
10111101001001101100011010010111
10111100010001101000011110011000
00111101000001000100010010001110
00111100111101001001101100010110
00111101000100000100010010000001
10111101010100001010110011010110
00111100010110011011100111000111
10111100001100100110000101011111
10111010111111101110011000110101
10111101000010101001011001101110
10111011111100000100100000101110
00111011100010111001100111011100
10111101011011100001111111100010
00111100111100000001011101111011
00111100100110001101101111011010
10111100110001101001010000111000
00111100000100011110101011011011
00111101000111001011111000111101
00111100110001111100101100010010
10111100111110101111101011100001
10111101010000001100011001110110
00111100100111010001001010010100
10111101010111100100010001101011
00111100100110110011010111110100
00111100001010110011011100100110
00111011110100111010111011110110
00111100100101101101010100110100
00111101000011101101110010110100
00111100100010010001110110001000
00111101100111000001111110011000
00111101011100010101010101110001
00111100001011000100011110011110
00111101101110001001010010100100
00111011100101000100011011000010
00111100001101110001101000101000
10111100100001100101101101011011
00111101001011001111011100011111
10111101001010011001001110111110
10111101011111000000110010001101
10111101001001001000101011000011
10111100110111110000100011101010
00111100110101101010011001010111
10111100101011010111010011001110
10111011100111101110000101000100
00111011101010001101011100101000
10111100101000110101110100010111
00111101000010011001001101010000
00111101010100000010101010111111
00111101001011001110010000101000
10111100100010001010000011111011
00111101011001010010011110100110
00111011101111001001011111011010
10111101101000001101001101001000
10111101011010001100000011001011
00111101101101100000111110100110
00111011110011000111010110011001
10111100100001101010110101101100
00111101100111011101111000010001
10111101101000000000001001011100
10111101000001101111100000111100
10111101000101001011010101111000
10111101101110000011011101101101
00111101000011010001010101110000
10111101000000101011011001011010
00111100111100011110000001101111
00111100011101000001110011010111
10111100111001100100010110011001
10111100101100110001101001011011
00111100101000100001010000110000
10111011011001111111111010110101
00111100110100010001111111010110
00111101010101101110110010111111
10111101001001010111111100110001
10111010100111100111001110101101
00111100111011111111111011001011
10111010111100100000110100011110
10111011110100100100011010011111
10111100000110010001111011110000
10111010100010101000111000100001
10111101001000101000100100001011
00111100011100001100100010010000
00111101100110000110111010100101
10111010000001100001011000110101
10111101100100111100101010000011
00111010110010011001101010010101
10111100101001100011110001010101
10111101001000010010100100010001
10111100010000100000001111110101
10111100101111010011001010001000
00111101001100001001110010011000
00111100011111010111011111001000
10111101100110101101100101101101
10111011101110101110101010001111
10111100011100100100100110010000
00111011001100000100011011000000
10111100010110001000100001110010
10111101010000001010110010011100
10111100001011100001001101110101
10111101011101110111101111110100
00111100110010110000010001010001
10111010000010111011011111001011
10111010110000110011011001100101
00111101001010100100010000100001
00111001101011011100111011100111
10111100101010111011101100101101
10111101001101100001011101010011
10111100001010111111011101011100
10111100101011010011100000110010
00111100011111011010110100100001
00111100100010100000011010010001
10111100001101001101010011110011
00111100101010111111011100000111
10111100111100101110000111100101
00111011001000001100000100110000
00111100001101110100110111110110
10111100111111000100011111111101
10111100111100000000001010011001
10111101100011001111101110100110
10111100100001011000110001110110
10111101100000000110101000000111
10111100110111111011100100001000
00111101101011010111000010100010
10111101001001100101100011010010
00111101011011010001010100100010
00111101111101100001001011011101
00111101001011011010010011010011
00111010101111001010101011100111
00111100100000001001011100001100
00111101000101100001011110110110
00111011111111010001110110010010
10111101110000110100111110010011
10111100110101111101000000110101
00111011101110011100011010111111
10111101001001101010011111101110
10111101011100010100000001010000
00111101101111011011000010011001
10111100011011111100101100111011
10111001110111101001001000001100
10111101001001111011010111011001
00111011111010101100111000100011
00111101001100011100000100001000
10111100110100010001110100011111
10111100011000000110101111010100
00111100011100110000011000111100
10111011111111001001101001111010
00111100100111011001100000011100
00111011101101000001110110110000
00111101011011001010100000011111
10111101000101010110101110100011
10111101000100011000001101000001
10111011111010111100101110001110
00111100101111111011100100010000
10111100101101111110001110001000
10111101010111101110100111001111
10111100111000010100101011011001
00111011111111101101011011101110
10111100101111101110100111110110
10111101010100010101111100001110
00111011001000011011000000101110
00111100101000000101010101011000
00111100111101000010100100101000
10111100110110100111101100101001
00111100111011100000100011001110
00111100101010000110100011011010
10111101000000111000101100110000
00111101011111101000000110110100
00111101000110110000111010100010
10111101001101011011111010011111
00111011111101110001111010010001
10111110000011001001111101000000
10111010011101001000111100001100
10111101100001110000111100010100
10111101010010000001101111001011
00111100110110100100111101001010
00111101011011110001000000011110
10111101001111101100111001111101
00111100101010011101111001110010
00111100001000111000110111100111
10111101110000010010010001001010
10111101001011010111111101100001
10111011110101010011001001011000
10111101001001001101101011000011
10111100101001010011100101000100
10111100001111010011000001001110
10111101000001001110110111011111
10111100100001011010110100100110
00111100101011000110010101100110
00111100111001101000100100000011
10111011100101111000011010100101
00111100110110001101011010111111
00111101011000101110100000000101
00111101000101100010010100111101
00111100100001001101100000001001
10111101100000111001100101011101
00111101001100000101010111110100
10111100011101000000001100111010
10111100100001000110011110111001
00111100100010110010001110111011
10111100010001101000011110000100
00111101000101001011111001100010
00111100011010111111111101101000
00111010111000011001101110110101
10111100100001000101001001111101
10111101100110000001000011010011
10111101010011000010000111101110
10111100101111001110110001110111
10111100101110010000000101110111
00111100100000100101010001111010
10111011101011000011001000101101
10111011011010000101101010001010
00111100110111011000110111011011
10111100101001101101111000011110
00111100010100001000011100001111
00111100000000010101011000100110
10111101110000110100111110111101
00111100011001101001000010111100
10111100111001101100000001100110
00111100000100100100010110010100
10111100100010101001101010001101
10111101011001101010100111000110
00111100111001000010001010001001
00111100111011011101101100001000
10111101001001110010111100000101
10111100111111011110111110100100
00111101000011100000000000000001
10111101010001111011011100110110
00111100010101010111010100100111
10111101100111110100010011011101
10111101011110111111011001011011
10111101010010101100110000001101
10111101111001110011111101000100
10111011110110010001100000001010
00111100000111001010111000011010
10111011101010101101101011001001
00111011101111000000100011111111
10111001101110111001000100001100
10111011111100100010101110100100
10111101000001001011101100001001
10111100110101110110010001100110
00111100101001101000010000000101
00111100000000000011111101110111
00111100111110100001101011011000
10111100100001110001111111110001
00111100111010111001010110010011
00111011110100111001101010011000
10111101100001011010110001100100
10111100011011110101001110010001
00111100110000100010110110101011
00111011111011101100011100011110
00111100010001001110011001001011
10111101001111100110000001000001
00111101001110001011111101000111
00111011101111100101110111011001
00111100000110001101001110110100
10111011110011111100001001000111
00111011100110000010011111101010
00111100000110010010010011011000
00111101000101001101101100111111
10111100101101011011101111111110
10111101001010011010101000110100
10111100111001001111010111000110
00111101000000010110111001000001
10111100100011101100101101101100
00111101000100001111000000001110
00111101011100010001011110000101
00111100111000000110010111011000
00111100001000001110000110101000
00111100101100110000100100110010
10111100110000000110100000001100
00111100000000000000001000110111
10111101100101010110100110101110
00111101000110001010101100010010
10111101001100101001101111010111
00111011101011000101001111011000
00111100001100010101011110111100
00111001001010001001110011111010
00111101101011010111000110111110
10111100111001010110001010110101
00111100110000001111111101101100
00111001101010100101101001101111
10111101000111000111111011000010
00111011110101110010100100111101
10111100110010111111100100011001
10111100101010101101100010100010
10111100100101011100000011100110
10111101001010011100000000101110
10111101011011001000111001010111
00111100111011011011100001101010
00111011000010110110111010000111
00111101010000001111011101100101
00111100101011010100111111100111
00111010111111100110110011101101
00111100100110010010011111010001
10111101110010010110110101100100
10111100111100111000100000010111
10111000000001111111110111000000
00111101000101101011100100011010
10111100010111001011001100011001
10111100100000111011110111111000
00111011101101111101101000110010
10111101011111001000101110111111
00111100010011111100001110111111
00111100000100001101001100011011
10111101000111000011010000001011
10111101010010010111100011001010
00111011110000000111000001100101
00111100011011110001110010001100
10111101001000011100111100000001
10111100101010100101001000011100
10111100110011110001111100000000
10111100110000000101111101101110
10111101011011011000110100010100
10111010110011111100110110110011
10111011000001010110101100011111
00111101011111111101010001111011
00111100110110011000110000000101
00111100101110010010100111011101
00111101100100110011110001101010
00111100100001110111111011100111
00111100101000111100100001110000
10111101000010100100110000111100
00111011101100100001101100101110
10111101000101001111110011100000
10111101011100110111111000110001
00111011111110100101111100101001
00111011011101000111101100000011
00111011100110111110010100110010
10111100010011010000100010011111
00111100001111010100000010000010
10111100101111100100110010110011
10111100000111101000000011111100
10111101000010111001011100110101
10111101000001101010010100000001
10111101010111011101100110001101
10111100000010001101011100100111
10111101001000000010100000110110
00111100110011010011110001100111
10111100110000100111100000101001
10111101001000101101000101101110
00111101001001010010101001100001
00111011100111001000001111000111
10111101000010101100000000011010
10111101100001000010010110000000
00111100001100001110111101110100
10111101101011010111001000100010
10111101000111101010001101000010
00111100111110110110101110000110
10111101100010001010001001101101
00111101001010100110000001101000
10111101001000010110011110110001
10111100111010001010110111100010
10111001010011101101011010001010
10111101100101111000101011010011
10111101001011101010111101111101
10111101000111110111010101111011
10111011101010101100110111110010
00111010001011011100011001111000
10111101001010011010100110000111
10111101011010010000001111011101
00111100101000000100100100011010
00111101001011111111100110110000
00111101000101010010011000010011
00111101010001101100011010111000
10111011001011001010011011010100
00111011011000001001110100010001
10111101010100001000011000100000
10111101100101001001111001110101
10111101100010010111000111101101
10111011010001101100011011011101
10111101100011100000000010011010
10111101101011101000110101101100
00111100110100100100011001011000
10111100111001100101000110011111
10111101010011001100100111001100
00111100101011111111101000100111
00111101010000111101000010110111
00111100100100001001101110001110
10111011111100101011111110011010
00111100110010111111110010010100
00111101101010100011000110111101
00111011110010000110010110001100
10111100110111111101000110101011
00111101001001100110000111111110
00111100000011001010010101000110
00111100111010000100111100101011
10111101001001101101001010010110
10111100110100001110101000011101
10111100100101010111010010101010
00111101010101100111001001100001
10111010110111010001001011001010
10111101001011111110100011111101
00111100110010010101100011101111
10111100001001000101010111101000
00111011001111110000011011011011
10111101101001011000011110010010
10111011001011000000100001101011
10111101011101011001000111110001
10111100111100010111100000110001
10111100110110001110001101000111
10111101100010001011010101110001
10111101001100111110001001000101
10111100111010001111111100110110
10111010100101111101100111000110
10111100001101000001010000111001
10111100111011010100011100111000
00111101001010100001010101110101
00111011100000110001100100111111
10111101011011010010011111101100
10111101101011011111110001010100
00111101000000111010100110110001
10111011100011011101100001010010
00111011000000011101101001011110
00111101001100010000101100010101
10111011010111100101100011010100
10111100010001010110001000110110
10111010001011111000011101111101
00111011111100111100100111110100
10111101011001110011010101110010
10111101010111110100111110000011
00111101000000110101011100101001
00111100110101011001111000111111
10111101010010111001001101100101
10111101011001010000110100111001
00111101001100011010100110100100
10111101000101100111100010110010
10111101001011011100111101101110
10111100010011000111101001010001
10111100110001111011101011011111
00111101001101000100010010001110
10111100001011010011101011111101
10111010101111111111111101011000
10111100111100010101010010010010
10111101000011101100011100010110
10111101100111100101111000110010
10111011100101010100101011010100
10111101011110111101000001000001
10111101001111111010010000101111
00111100110000001101010100001001
10111100110000000000101101101011
10111101011101101000000011010101
10111101110100010011000101111110
10111101010101011010110111101110
00111101001101101101101111001000
00111101100101011001100110010110
00111101000011001010110001100100
00111101000111101111111101100111
10111100100101111011001110110000
10111100101100110101010000001101
10111101100010001111001100011101
00111100111000100001101111101101
10111100111000111110101000110110
00111100100100101011011010011000
10111011111110011011101110100000
10111101100010011101000101011110
00111100111001110110100111010000
10111101000010010011001101011000
10111100100011000000111010011010
10111100101000010011100110111001
10111101000010011010101111110101
00111100111001100011110101110100
10111101000010000110001100100100
10111100111001010001101010001110
10111100110010101111000010101000
10111100101000000001110111010011
10111101010100101110000110001010
00111011110110001101001000111011
00111100101110101111100101000100
10111100100011010110010011110000
00111100100010011001100001010111
00111101000011010000000110010110
10111101000101010011000100100100
00111101001010111101010101111111
00111011110101100110110010000000
10111101000101000001000100101101
00111100101111101101000001010100
00111100101010000000100101100011
00111010100000111001011000110000
10111100000100101110011010101001
00111010101001101111100011101001
00111100001110011100010101110011
00111100101100010110000110101101
10111100000100110111111000011001
00111100110001011000101011010100
00111101000111010100000000110001
00111101011011011110000011100101
10111100101101110000111101100001
10111101000001101110011011111011
00111100110011010010100111001011
10111100111010111011000000110111
00111100101111110110001011010000
10111101001011110100011100001010
10111100101001111000010001001110
00111100100000011101011011000101
00111100110100001010000100101011
00111010010011000110010101010010
10111100111101111100011111011111
10111101000101000100101000001110
10111100010001001110110101101011
10111010001011010000100111111111
00111101000010000001100010010000
00111100010100000110010101011001
00111101100001111111001000101000
00111100001110001010101011001101
00111100101011101101001011110110
10111100110101111100001001011101
10111011111100101011100000100000
00111101100110011000111011101111
00111100100101010010110111100011
00111100000111000011111110101101
00111101010011111110100011111101
00111101000110011000110111100011
10111100000111000001011101001101
10111100111001011110011101000101
00111011000001101101000011101110
10111101011111001101111100100001
10111101101000100101001101100111
10111100011011100001100110000000
00111100101010101111000000100101
10111011101110011101111011000011
00111100110111100110001011001111
10111100001110010011101011010110
00111101011111001101111111001111
10111100000110110001111111001010
10111101010100001001010100001111
10111100101000111010101001110011
10111101011010101001111110110101
10111101000010101001011101011110
10111100100110110001100100001100
00111100111010111111101100100010
00111101101000100111111010001101
10111101000100011100001110001001
00111101000011110111010110010111
00111100011100000000000101111110
10111101011000111110111011101000
10111011110000000111100001100101
00111100101010010000011110100100
00111100110111001010000001100001
00111100100011011000100000000010
10111100100100001100010110001000
00111011101001001101101000011000
00111100111101111111100101011000
10111100011111011111010100101000
10111101000101001110111111010101
10111010101101001101100110111000
10111101100001101000111001001001
10111101000110000111101110011001
10111100111001110100010110110011
00111101001111011011010011111111
10111101001010011010111110001101
00111100010101001110000100101000
00111011001010111010111010000000
10111100110100011000010101101011
00111101000000001000111101011111
10111100101011000011100011010100
00111011111011000010011011000000
00111011011101010100001001101011
10111101000011010111110001100100
00111101010100111111101000110111
00111100000010011011101001101111
10111101001000011000111000010000
00111011111100111111000101011010
10111100001000100110100000111110
10111101000001000010011001111010
00111100011000111111111100110001
00111100111001011010111111010000
10111100000110011101000110001001
00111101101011000100110111001101
00111100000101000100100100100000
00111101011010010001000001100011
10111101010001101100100111001111
00111101000101100100101111100100
00111100100001010010010100111010
10111101001011111101011011000001
00111101110000110101011011111101
10111100010000001111110110101001
10111101001111010010111011111000
00111100110010100101100101101101
10111011101001001101110101100100
10111100111100101001100011011000
00111100001101101100010100110000
10111101100011000001110010100111
00111001111000111011001111010001
10111100000000000101100110000111
00111101010111111111110000100110
10111101100000101110110111001111
00111100100110010011001010010101
00111011100110111110110111011011
10111101001001111011001100000111
00111101101011001111001001000000
00111101110001011010010100111100
10111011110010101001010110010010
00111101101000101001100100001111
10111100110000011001110001011011
10111011101011111110110011001110
00111011100110100011000100000101
00111100010101011100110111110111
10111101000000111111000000000001
10111011101101001000100110000111
10111101001100001110111100001010
00111100000100111011101100001101
10111101000010000111001100010001
10111101001011001001110110010001
00111011101001000001010001011101
00111100101011101110001001000100
10111100001001100111100001101110
00111011100100101110010110100001
10111100011001110000001101000100
10111101000111101111111110111111
10111100001110000101111001111111
10111100110100001101110001100011
00111101000000000101001111010000
10111100010011101101011001101001
10111100000101111011010100110100
10111100100101110011101101000001
00111100110101001001101010011110
10111100001010101101000110010011
00111100111001011111110011011111
10111100101101111101111110000001
10111011101111011110110000010000
00111100101010110010100110011001
00111101011100011011000101011011
00111100011101111100111110010000
10111100001101001111000110100111
00111101000100011101011111110101
10111101000100000110001100111100
10111100111001101010111110011110
00111101001111001011111101100111
00111100101011100110110000100110
00111100101011000110001011110001
10111101000100110101011011010001
00111101011101000010100011001000
00111101001001101010010101010010
10111100110101111111101001110000
10111100101011111000101101111100
10111101100001101000001101110111
10111100101010111011100000100010
10111101100100011000011001011100
10111101001000101101001100010101
10111011101011111111111101001111
00111101000101000100010000000010
10111100011000010010100011010101
00111011101011010111001001110110
10111101011110100011100010001000
10111101010001010000000100100010
10111001111101001000101110110000
10111100001000000000000011100100
10111100100110110111111101100000
00111100101000111010011110100001
10111100010010111010101110001001
10111101101000111011110111010100
00111100100010010011111101001001
10111100010110001110011010000100
10111101110001010100100110111001
10111101000010111101100010010011
10111100001100111101110000111011
10111101001000001011111111011101
00111100100001100101010101011100
10111101011010111100011000110110
00111100101000100010000110101001
00111100000110110100010111010100
10111100111010111011110001110000
10111101000100111100110011110100
00111101100001010010000010011011
10111101000010101001011011110110
10111100101011100100111111010011
10111101010001101010110100001111
00111001001101000110111101001011
10111101011000111010011110000111
00111101010100000100110001100100
10111001101110100111000101001001
00111011111111010000010001000000
00111100100001111100110010010010
00111011100101000101101101001011
10111101101000100101111111100000
00111100001010100011001000011011
10111100110010111010111100001011
00111101011010100011000110101000
00111011111101000010000111101000
10111100110100101100101100101011
00111100000110111000101100001011
00111101010110001001000100001100
00111101010000110001111110110111
10111101001010110011101101001001
10111101000000101110011000000010
10111011100111001111010101100110
00111010001101111011001110100101
00111100110010000110100001100010
10111100100011011010110010000110
10111100101001001001110101100101
00111101000011010110010101011100
00111100011100011001100101100001
00111100001100011000011001001111
10111101000000011101111001111100
10111100000001101111100110001101
10111100011111011110010111001100
00111100011111000100110011011101
00111101011001001000010100110101
00111101010010000101111000010001
10111100100100001101101100111000
00111011110100101101111101100100
00111100110100011001000011111111
10111101001110101101011101001100
10111100010111111000001101111010
10111101011100001011001101101001
00111100110001110110111001000011
00111101000100101101011110111111
00111011111001010011010101111000
00111100110101111000101000111001
00111010110111010110000111110100
10111101001000000101010100101011
10111100000010001100000100011101
00111101011111001110110001001000
10111101010011011100011110111010
00111101001001100000101100001100
00111011110010001011001110111111
10111101001010110000010101001001
10111101000100100010101101101101
00111100001110001001001011111110
10111101010010111111001111011000
10111100010001000101011000100101
00111011011010100101101001101111
00111100001011111010110101001011
00111011111101111011101110100000
00111100111111010111101000111110
00111011111101111110111011010011
00111101000101011111011111111001
00111101001011010001000001000101
10111100100100001000011100111101
00111101001011100110001000110011
00111101011100010110101110010101
00111100011101011110111001111101
10111101011011001000001101100010
00111101000100010111010100011001
10111101010100010110111110111101
10111011101000000011111110001000
10111101001100000100101001110000
10111100000011000011000010111101
10111101100001010001011000001101
00111100001101110111101101000010
00111011011000011100100010011001
00111101001011000100100000011110
10111101001110001000011010000111
10111100101010100111100110101111
00111101001000101010010101110000
00111100011101100101101000000100
00111100100010101110011011101010
00111101001011000111110110001101
00111011000111000111100000001101
10111101100010010101111110111001
10111101010001000110101111111100
00111011100111111010011011001100
00111011010111001110110111110000
00111101100000110011000100010001
00111101011010110001110100011000
10111100100011011000111100111011
10111101010000110011001000111111
00111101001111010001001001011101
00111100111000001011000011001111
00111101010011011100110001010011
10111100100010000101100001000011
10111101000001011100011010011011
10111101001001110010001100001100
00111011111011100001111010110111
10111100010100000011100001000101
10111011100000001001101010000000
00111100111111011010001010010111
10111100011100010011100010010000
10111100111110000110000000011001
00111101001101101111000110001001
00111011000100001110011011111110
00111101010010011010001001000101
00111101011011011010101110100001
10111100000001100000000111010000
00111100100101100000010001100000
00111100000011011010001110110101
10111101000101001111110101110010
00111100100101001000111010010101
10111100010000001001011111101001
00111011111111001010000110011111
10111101010000100000010101110000
00111101010110011100100001010000
00111101011100100010101000010000
00111101000111111110000111111010
10111011100001000111011010010011
00111101000111111000101010001000
10111101001100110111100010010011
10111100010101100010110001101000
10111110010000111100111010110001
00111100001101110000111100001000
10111101001001101110011001100001
10111101011101001000001000010101
10111100000000110011000110111011
00111101010000100011010000011100
00111011100000100111000100111101
00111100001010110000000111100101
00111101000100011100001010110101
10111100101011000001011011000110
10111100000001111010111001011000
00111101011001010110101000010111
10111101011011000010011111101000
00111011100000101011001100110101
10111100001100110100001101101101
00111101101001110011000100010110
10111011000111011101010110001011
00111101101110100101110111000010
10111100101100100101101111000101
00111101100010001101101001011111
00111011100010001110101101111011
10111101010011110101001110111110
00111101100010110110100110011101
00111100011000111111011000100111
00111101011011010101100011011011
00111010100010111110011000000000
00111100101000111000100001111100
00111011010111011000010101010001
00111100000000011011100100110111
10111101100011101110111101001110
00111101010101100100011011101111
00111100000111101001000001010000
00111101000011100011111110111101
10111100100011010011011001101001
10111100011011000101101101101000
10111011111010111111010111010110
10111100100100000001111011011101
00111101011000001010011000010101
10111101001001101010010010001100
10111101010110110010101000011100
00111101001100010000100100000011
10111100111000010111011000110011
10111101001101011111100000011101
00111011110101111110111110100101
00111100110110111101101100101000
10111101010000010100011111010111
10111101110000001000001001010110
10111100011111000010001000111001
10111101100110000010010000111101
10111101100000001011011011111110
00111011111000111110001010011100
00111010100100110110001101110010
10111101001011100000101110111010
00111100001010010111001101111011
10111100100010101011011000111000
10111101000111101000001010100011
10111100001010101010011110100010
10111011010011010001110101011000
10111100111000010110000110011101
10111011111110100000110110001110
00111101000001111011011110011101
00111100111100000011000000001100
10111100100110101100001001110000
00111101001010100011010111011100
10111101010000101100001010011101
00111101000110010110010011000010
00111101001100011000111000010101
10111101100001000010011111101110
10111101100111110010001110101101
00111100100111111001001111100100
10111100100010101111101110110111
10111101001110010010100011001011
10111011111100100010110000100100
10111100001000001100110100010101
10111100000101000001010010000100
00111101001101010000110101010111
10111100000001100000110011111000
10111101000011000000001010100100
00111100111000000111110101110001
10111100001011000101000101111011
10111100111011101111100110001110
10111001101111000110010111101101
00111101010011110011111100000000
00111011110011110000011110000110
00111011110001111001111000100000
00111101011100011111111100010000
10111101010001001100100000001101
00111101000011010010101111100111
10111101000100110001010100001000
00111101010110100001110000010010
00111011011001000101001111010000
00111101110110111111010110110010
10111010110011111100011001110100
00111101001111111101110100011000
00111011011000111100011001111001
10111101100010100010001101111000
00111100100011001001111010111111
10111100110000010010111001000001
10111011110000110110110111101000
10111100101001010110011110111100
10111101001010010110001010100010
00111100101000101101001011110000
00111100011001111010110100101110
10111010110101000100110010010110
10111011100001001011111111000001
10111100011010011100110011110011
00111011111101111110000111111100
10111101010000111100101010001011
10111101011011111011000000111001
10111100010001110010000100111000
10111100111100110010111100111101
00111100011001100000010100001101
10111100011111101100100111010101
10111101001001011111111010101110
00111011111110101010110001101010
10111101000001001010000111001100
00111100010000100011110110100000
00111100110000100001110101010101
10111101101010100010011001011101
00111100110001110011101000100001
00111101000110010011010101110111
10111100110101111100100010001011
10111101010111011100111001101101
10111011000101011010110011101101
10111010101001000110000011100111
00111101000110011101111010100110
00111100110001011010010011000100
00111100100011011100111010111100
10111101000000101101001000010100
00111101001000101101000010010001
10111101100100100111101111010001
10111100100100011010010000101001
10111101101111101101000001101010
10111110000011101100000001111101
10111100101101110001011001111100
10111101000010110101111001011100
10111100011001011100100110101001
00111100101110011001110100101001
10111101000001111001001101100100
00111100111111000111010100100111
00111100110101101110000010000101
10111100100001001010000010101100
00111011100110110100011001011000
00111101000110111100110001010001
10111100001100100110000101011001
10111100101100111001101110000111
00111100001010100000101001110110
10111100001111101001100110000001
00111011000110001101111110000001
00111101100010011011010100010111
10111101100111100100111111100010
00111101001111111111110011001101
00111101101011000011000111100001
10111100010001101000000111111111
00111011100100101111010101011111
00111100101010000110111011111111
10111100010101110110111000010101
00111100110010010101100000001111
10111011111100110110011000000011
00111101001100101000000101001001
00111100100111010010110111110111
00111011010000101101010111110111
00111101011000110010100101010000
10111101001010010010110000010110
00111010100111101001100110000001
10111101000101101111010111100100
00111101100010000011000101001001
00111101100100000011011000110110
10111100100110101001011110110111
00111100100011101111000001010000
00111100101101101010110111101001
10111101011101010001101100010111
10111100000000010010101100111110
00111100110111010111100001110000
10111101001001111000011101000010
00111100000100010100111101001100
10111101011010100010000100111011
00111100011001101000110110111010
10111100100000000110100100110010
10111101000110011011111011101010
00111101010001111001111000010010
00111100011010001000010000110010
10111101001011011110100110010111
00111011101001001011110001011110
10111101000111111101001111001001
10111100101001101110111010110111
00111101000110100100101100000000
00111101000010000010101001000101
10111011110101010111010000101100
00111011100001100000110011100100
00111100001110111011101011010000
00111100101111110001010111100101
00111100111100110111001001010110
00111011110100110100001011100101
10111100110001110101000101000100
00111101000101110110100010000011
10111100101101001100101010011001
00111101011001010001101000110010
00111011110110100000111000110111
00111011101010010100101100101011
00111101001001001000111001110100
10111100110011111011011001110101
00111100110000000111110100011000
00111101010011111111101110101100
00111100001101100000111000010001
10111101000111011101010100111000
00111101000110001001010011111010
00111100100101010000001000101100
10111011110110001001000110010100
10111100111100111010101000001100
10111011101010100100100111101101
10111101000111111101011011000100
00111100000100010001100001000010
00111101011111010101111110110000
10111100110111001110010111111001
10111101010010001010011000000100
10111011101001110110011000101100
10111100100100000101110000110111
00111010001001100111011011011001
10111101001111111010101011110000
00111101100111111011000111000100
00111100101000001110110101010100
00111011011110101101100000001100
00111011010101110011001101101000
00111001110111101011011100101011
00111100101110000001011111000011
10111100110100010000101100011111
00111100010111101110110000110010
00111011011101001001010011110111
00111011101001111101011010000111
00111011110011110011011011001100
00111101010000011001111011001010
00111100000110010000000001110000
10111101001101101100010100010111
10111100000111100111011001101101
10111100000011010111111111000101
10111100110110100011010111110101
00111100010100010000010100011110
00111100010110101010111010011110
00111010101011100110010001000000
00111101001010011001010000011001
00111100000101000111011111010101
00111101001000111100001011110101
00111100110100101100111010000010
10111100111011100000010001100111
00111011111000111100011011010010
10111011101001100101011100100101
10111101010000100001100010110111
10111101000010110111000100001100
00111010100100010101110001000110
10111100110101001000100100100001
10111100010000110000101010111101
10111101000100001010010110100011
00111101010001101001101101101110
00111101000011011100010011010100
10111101010111100001110011011000
00111100000000100111101011001101
00111100000000010111001001100011
10111101001110011010100100000111
00111011110001100010010000011111
00111101001101111010000001101101
00111100101010001100000111110001
10111011000101110100010111110101
10111011110111100011000001100100
10111100111110100001010111100111
00111100110101000001111110001001
00111100101111101100001001011100
00111101001000100001000100110000
00111100000011011110111001110000
00111101010001100100011111111010
00111101010011001100100101100001
10111100001100001110111110001000
10111101010011111011110010100111
10111101010101111110111110110011
10111100010110100011000110000000
10111101100000111111011000010001
00111100111101001010101100100010
10111101011100101100111100001000
10111101010000110000000011011010
00111100010111000001011000101101
00111100110110110100101000101110
00111100001001111101011000101101
10111011101100101011101011001011
00111101000100111010100111101111
00111100100011100000110011110001
10111100100001000010011000100011
00111100011110010010111001011011
00111100111111000111101111101000
00111100100101100001101101000101
10111100000100001110000010000111
10111101010000000101101001110001
10111101100110000111010000101101
00111101011010001111100011000111
10111100110011100101000110011100
00111100101000001100111100101001
00111011100110111110100110001111
10111101000111010001000000100101
10111100010110101000001100000011
10111101000000110001101001011100
10111100001111100000111000100001
10111011100110110001000011100101
00111101001110110001001010100101
10111100101000100011010000010000
00111101001110001110011111001010
10111101001001010000111011100001
10111101001100010000010100011001
00111100101011110111011111010011
00111100011101111111001101101001
10111101100000010011011100001101
00111101000101011000010000010000
