10111100110010111010110100110010
00111101000010010100010011101100
10111100001100101000001111110011
10111100111110001100000101001111
10111101001111101110110001101101
10111100111001011000100101010010
10111100100110100100111101001000
00111100011011011001000100100100
10111100001000010001111000100111
10111100111111011101111101100101
10111101000001011110101101011010
10111100111001100000101101110011
00111101010010000000010101111100
00111100101010001000100010010011
10111100101100110101100011100111
10111101000010100110110000010110
10111101001000100011110010110011
00111011100010000011010001011010
00111100011101010100111100100011
00111011111000001101000001010000
00111101001100111110100100001101
00111100001101101101110100011111
10111101100100001100101111010101
10111011110100111010010110100100
00111100111001101100000111111010
10111101100100011111101010111100
10111100100110000100000111011101
00111011100010100100011111111001
10111010001100110100110111001001
10111101000110101111110111010111
00111100000100100111000111010000
00111101000010101101110001001010
10111011101011011000111011100011
10111101000001001001110000101101
10111101010011001111110010110011
10111100101110011011000101010001
00111011010000101011100110111110
10111101001100110011101011011000
10111101001011011011000100011010
00111011100000111001000001011010
00111011011100010000000000100010
10111011010000000010110100111010
10111100011001100111010001001101
00111010100000110101100000101010
00111001010110111101100000001100
10111100001111011100101100011000
10111100000010101111000101100111
10111101010010000011010100011000
10111010111011010001111010011011
00111101010001111100010010101100
10111101100100000011110010111100
10111011101011010111000110110111
00111101001101011010100001111010
10111101000111110110000110011101
00111100101000001001011010001000
00111011011001101100111000111100
10111101000010110011011011100011
00111100000111000101110101011101
10111100000001111100000110010001
00111100111100010001101101100111
00111100001100010100110111000000
10111101000001100101010110101001
00111101001101101010111111110001
00111100100100110101111111110000
00111011110010011100110100101101
10111100111011010010001001110001
10111100000011110111100110011011
10111101000100101010010110111110
10111100001001010100000000111000
10111101000111011011100111010111
00111100110100111011100110000111
10111101001101111001100110000110
00111101010101001011011011100011
10111101100110101011011011101001
10111101100100110100001111110001
10111100110100110010101001111110
10111101000010011011111011110010
00111101011001100000100010001011
10111100110000010110111011000010
10111011100011101011011011011111
10111101000011011100010000001111
10111101011010110110001001001110
10111101011011010111011110100100
10111101011000001101111101011011
00111101000010111111000011001001
00111100100001101011110110110011
10111101101110111001100001000001
10111101000001110100011100011111
00111100111101000000110111101110
00111100011101000010011111011010
10111100101110000100111111010100
10111100000010001100100010100111
10111100101010011010101100101010
10111011001010110001010110011001
10111100100011101000110111000011
10111100110010001010011101100010
10111100100011010000111100111111
10111101010110111011111000111110
10111100101000000011110000101001
00111010011100110111101010100011
10111101011010001100110010111110
10111100000000111000010011000110
10111100100111011111001110011001
10111101000000000011111000100001
00111100010100010010101000100001
00111101011001011111010000111000
10111100101100011111010101100101
10111101000101010010010111110010
10111100101111011111111101110001
10111100100110101011101010110011
00111010111000010000011001100100
10111100110101101001101010111001
10111101001110101100010111110100
00111101001011111110101010110100
10111100001011010000111000111001
10111101001001001000011010110010
00111011100000010110011010001110
00111101100100010010100101110100
10111100000100000101011000101100
10111011100010011001001111101000
00111101010000001000010101110000
10111011001100110011000011011111
10111100100100000101101001011010
00111101100100001100000101111000
10111101011010000111001111100001
00111011100011100110100111110111
10111011111011101101110100101101
10111101011011101101111101100111
10111101010110000011001010001111
00111010011011011100011110001000
10111101000110101000111101111000
10111101000001110011110010000101
00111101011100000111000100000000
10111101000011111100000010011011
10111100110101111010111011001000
10111011111000101101011000111111
00111100010101101011110000001010
10111100000100100011111010000000
10111100110101000001001011011001
00111101000100001101010000010111
10111100011111001001110011011011
10111101000111000101000011000100
00111011010001000000101111000011
00111101011011001010100000001100
00111001111000001100010110111100
00111100100000100110000101011100
10111101010011110011101100111001
10111100010010111000000000001100
00111001010000101010010110110111
10111100000011101100111011110010
10111100010101010100000101100001
10111011101111010000101010111101
00111100100111110001100111100001
00111100110110101000101110111010
10111100001110000011101111011110
10111101010101001010001000011001
10111101011011000000011110100111
00111100101011101110100010111001
10111100011000011111111000110100
10111100101011010011111011110110
10111000011101110011000100000010
10111101100011010110111101100011
10111101001010000100110100111110
00111100010101100110100000000000
10111101011011000010010010011111
00111101001100101111100111111011
00111100100001000001010000010101
00111100100100001001101010010001
00111100110110001000000101010000
00111100101110111101010011000010
10111100111011010100110101101101
00111100001110111000100100011101
10111100100111111011100000111011
10111100101111001011011100101110
10111100101100100100001100001011
00111101001011010111011010000011
00111100011001110110000000111111
10111101000101000011110100011110
10111100100010100011100111010001
10111101011011001110011000001000
10111100100111111011101010100110
10111100110101101001101101101011
00111100001100110010111101111100
00111100000000011000100110111010
10111100011110111100000000100010
00111100000100001101011100000101
10111101010010001010010101110000
00111101001110100011011001110111
00111100100100100101000110001111
00111010010001111010001000101001
10111010011001111111110011110111
10111100111010001111010000101111
10111100110001001001000110010001
10111010010110111111111110000100
10111100111111011111100100100000
00111010100100000100100111001000
10111011110010000010010010000010
00111100100100110110101011001011
00111011111111110001111011000000
10111101000000111110110110101110
10111100101101111010100011000011
10111101101001010101000011010000
00111100111110001000010000101101
00111100010000000000111101100010
10111100011001001100100010100111
10111100111011101011011010011110
10111100110110111100010100011001
00111101011100011001101010100110
10111101001110000111011001111110
10111101011000100111101010101000
00111100101000100100110000110100
10111101110000001010111111000110
00111100000110111001110011000011
10111100111001111101010100101100
10111101001111101010110101001001
00111100110010101011110011010100
00111101011101111010100010101010
10111101001001101100100001010011
00111100100011101011111111001011
10111100110011101010100101110100
00111101000111100110001110111001
00111100110101101100000111101010
10111100010111101010111010110011
10111011101001101001000011101100
10111100100111011000011101000110
00111100110000000101001001000001
10111010111110100111110101111000
10111101010101000101100000110101
10111100011111110111110100010110
10111101010001000010111100111100
00111100001001110001110101011000
00111101010011110100100011110000
10111100111101001010100001110000
00111100110011101101001010101111
00111100101101000101010000100000
10111101011101100010101111011000
10110110011100011010111100101111
10111101010011110010111101111101
10111101100100110011100111100111
10111100100010100110100110011101
10111101010001111100000110011110
10111101010101000100010111011111
10111101010110011100101111101010
00111100000001010001111010110000
10111010001110101010011110101010
10111100111011010000010010011001
10111101001100001101100110011100
00111101010111011001001011010011
10111100100110100100010000101010
10111100110011100000000110100011
10111100101000011100101011000010
10111100011100011101110001000110
00111011110101111000001011000111
00111100011000011001110010111000
00111100111001111111110100100101
10111100110100111000100111001111
10111101011000010110010101001011
10111011000101101111001010011011
10111101010100000000110001100010
00111011110100110011100101110111
00111100000101100110001001000111
10111100101111110000000111110010
10111010101010111111011010001110
00111101000101011101111111100110
00111011110011110111111011100011
00111011001010110100011100111101
10111100101100100100010100011111
10111100000001111101001001011010
10111100000010010000010100101110
10111100001100110110110101111100
10111101000000010011010001100101
00111100101000001001001011001010
00111101000010000111011011001110
10111100001101001000100001101111
00111100100000100000001111111100
10111101100111011100101000001001
00111100101110100010100101101010
10111101000011001000001100110001
10111101101111101001011011101110
10111100000110010001100000011000
00111011111101111111001001110000
00111100000111000000000001011010
10111101010110000110001101011100
10111101011011010000011101001010
00111101000001000010110101011101
10111011101101011111010111010000
10111101001011001011100100110001
10111101011101000000011101110101
00111100111011100010010000111100
00111101001100001001110110110000
00111100101110101011011011000100
00111100111101001011101101010001
10111100001000100001101101110001
10111100101100110111011110111001
00111100101100010110010101100111
00111101000010011100110101110111
10111101001110011110010001001010
10111011101001000101000100001011
00111001110101000111001111011110
10111101001100111110010101011110
00111101010001111010111110111110
00111100101001111011100101110000
00111100001001111101110011001101
10111100010010010100111110110111
00111100100000011110000100001011
10111011001011000100110001011010
00111101001001111110000000111011
10111010111110010001001101100001
10111101011001101111000010110010
10111101000010000101000101111101
10111101101010000111111000100100
10111101011001110100011110100111
00111100111011010000111001100110
10111101100011110000001100100110
00111100100010001000101101111111
00111101001011110000101001011100
10111100000011000000111110111001
10111011111111010110101011010110
00111011110010110110001001101010
10111101010001111000100110101010
10111101001010100011111000100110
10111011101100101010011111110101
00111101010011010110000010001100
00111100001011000111011011011101
10111101001010011011010011001101
00111101001011101000010111000110
10111101001011011111000101011010
00111011000000011011001111010011
10111100011101011010000101111110
10111100111100000000001101110100
00111100001110010011010010110010
10111101011111111000100010101101
10111100110110011010110011010101
00111101011001011000011110101101
10111100001010110101101010101010
00111011100111111001111010011111
00111100101111010110001101010111
00111011111110100001001101011100
10111101000110001111100011100000
00111101010000100001100110011000
00111010100001100100001111111011
10111101011001100000111000110110
00111011111001101001111101110111
10111011001110000011101011111010
10111100100011000011000000111001
00111011010111100011111110011101
00111101010010101000001110101000
10111100001101110111111011000001
10111101000111000001010110011111
10111100010111111111100000010010
00111101001001011000000011101101
00111011101110011100111101101010
10111100010001110011100011011111
00111100001110110000100110000000
10111101010101001001000011110001
00111011100011111111111011101011
00111100011010001001111001001001
10111010110010011111100110001101
00111001011001010010100011000101
00111100100111110100000001011100
10111101010001100101110000010101
10111011010101011110001110010010
10111010101101000010110010111011
10111101100100011111110101111011
10111011111101011101100101111011
10111100110111111011000101010010
10111101000000111000101111100000
00111010111100111101010011010110
10111101010000110100110001100111
00111101011010111110010101001010
10111101100000110111110001100111
10111100010101100100100010000001
10111101001111010000111111001000
00111101000011100101111011100111
10111101011101101001001111111011
00111100101011011111010010100110
00111100000100000110111111011010
10111100001000101001101100001111
00111100010110011111001000111000
10111101100010111111101101010000
00111100000100101101111001100001
10111100000111011100010110110010
10111101111100110000111000101101
10111101010100011101100110010010
10111100101100110110001101101000
10111101001010001101111111100011
10111101011110011110101100110110
00111101001101000011000011011011
00111011110101010110011010101010
00111100011000110111101110101111
10111100101100111111010100000111
00111101000110111101000111101101
00111100000101111010100101111000
10111101010101001100101111110001
00111100101101010010101010000000
00111100100100001110110000001000
10111101001000111110001100000011
10111011100110110001101010101110
10111100100111101110101100101000
10111100110010100000110010011100
10111100111101010010000011110011
10111101101001001110000010000001
00111100011100010111101010110000
00111100100111011111000100100010
10111100010000100101000000111000
10111101001000111110100000010101
10111101010111101111101001111011
10111011100001011100111111000010
10111101100000101100010000110101
10111101000011101101001000000001
00111011101111101000111001001000
10111100101010010011110001111010
10111011000110000111001111011000
10111011101000000100010101001100
00111011110001100001001001000011
10111100001001001101001111000100
10111100100011110111000001000111
10111100000010101100000101101010
10111100101000101110101111110101
10111011100101011100110100011000
10111100100101110110010000001110
00111100011101001111111001000000
10111100001100111101001000111001
10111100011100000100001001110000
10111101100000011011110111100000
00111010100110111011011110111000
00111100100101110000010110000100
00111101001000100110001100000000
10111011110100101001110110000010
00111101001011011110100111101010
00111101000110000101110001010110
00111011101101001110000111100101
10111100101111101001000101101011
10111101010001011111010001101100
10111011011011010011101010010010
10111101000111111110100010110100
10111100001011001100010011110010
10111100110000011101011111001000
10111100111111100001000011110011
10111101000010110011001110110111
00111100011110101110111011001111
00111101000111101100111111100110
10111011111100101011001100100101
00111011111111001110001000001100
10111100011001001100011111101010
10111100110000011011101000111001
10111100111011111100001000111101
10111101001101111111010110011100
10111100110011111100110010001100
10111100111111100010100110111000
10111100001110110010110000010011
10111100001001100100110001010110
10111101010011100000011001000010
00111101010000101011000010000101
00111100100100011110000000011010
10111100100000110010010010111011
10111101000001111011000100011111
00111101001010010000101100001110
00111100001010110100001001101001
10111100101000010111110111000011
10111011011110110000101000000001
10111100100100100011001100111000
00111100110001110001111111000000
10111101001100010100000111010111
10111101000000110010011001000111
10111100001001111110000010011101
10111101010101100000100111011001
10111100110010000011101001010001
10111100111001011101000011101101
10111100111010010000111110000010
00111100111101100101001000001011
00111101000100100010000100010000
10111100000010001101100100001111
10111101000010101111001010010000
00111100100101011111010011010010
00111011101111101000100111001001
00111100111111110110011001001011
10111101011000100011111111111110
10111100101010011110110010001011
00111100100111010100011100111011
10111100101001101101011100011110
10111100010111001101101111010001
00111101100001011000100100101011
00111100110011001111010101111000
10111100111000111100010100001101
10111100101101111010001010100101
00111100101010110100100011101010
10111011111101100011010101110100
10111101010101101001101100000000
10111101101011100100101011100001
10111100110100111001101110110011
10111010001110001001000101000101
00111100101010101111010001010110
10111101100010001101100101110100
00111011010110111001111011110100
00111101001011111011110110101000
00111010100110011110101100101110
10111100000001101010001010111011
10111100101010111110011101001100
10111100001010100111001011101101
00111101000010001001001011110001
10111100000010110100101111100010
10111101000010000101001110110111
10111101010010101000001010011010
00111101000110010000011011110011
00111101001001011111010000001011
10111100001000101111101010100101
00111101001010010001000000110110
10111101010001101000011110111101
10111101011010111001100010100101
10111100101011010000011111000011
10111100100011001100110110001000
10111101010110010000111100001111
00111011011111010100001100110100
00111101001000011110111010000010
10111101000010100100000101101111
00111101100010000010011111111001
10111101100101111000100001111111
10111101110010010110000001011100
10111101001001010001100110010010
00111101000011011010010010101000
00111101001000000011000100101011
10111100101111011101111010111010
00111100001110110110101010010010
10111100011010110111110001010101
00111101001110010100100100100000
10111101001100001000100101111100
00111101001111100101000010001101
00111011110110010101011110101011
10111101000101111001111111011001
00111101011010110011011000111011
00111011111101010111000100101000
10111101100000101010000101111110
10111101001100001010111110110011
10111100110100011011100001111110
00111100110101001000100100010101
00111100110111110111001000111001
00111100101110010000011101101001
10111011101001000001000110000001
10111100010000111011111110000110
10111100001011110000111010111001
10111101001011010100000101100101
00111101010000011111001100011001
10111100101001110011101110010100
10111101011100010011101100100010
10111011111010011101011110010100
00111100110010011001001101100000
10111001110000111001100000011000
00111011110010110100100011011100
10111010110001101000010000110011
10111100111010000001101001011111
10111100110100101111011111100111
10111100110000000000101111010111
00111100111101000100111100001110
10111101010101110111100000101010
10111100110110111001010000001111
00111011100110001110010010110100
00111100011011111000101001100001
10111100101001000100100001000111
00111100100000001101110010111110
00111011001010111010100010000001
00111100100110100010111000001100
10111101110001011011100011111111
10111011010100101011000101110101
00111010000111101000000011100101
00111100000111001001010101110010
10111100111000110100110110000000
00111011101111101000010000111010
10111100010011001111110011011101
10111101011011111000110100111001
00111100011111001101001011110110
10111101000100110001111110101010
10111100001110110011100000100110
10111101010100011011011110100110
10111100100000101111100010001100
00111100001000101001101000111110
00111100100011101000010000011001
10111100011101001011110011111100
10111101000001101100111101110000
10111100111000001011000100100011
10111101010100100110111101111110
00111011100010101110001001000111
10111101000011000101100100000000
00111100001111111010101110101000
10111101011001101001001110010100
00111100010010001011001111001100
10111101000011101100000110110100
10111100101101100001001100111000
00111100111010010110101011010110
00111101011100001100111110000101
00111100101101100010001111110011
00111100110110101010100001110000
10111100100100111001011100001110
10111101010000010110111110110101
00111100100011110111001101101100
10111100110010100000110001110100
10111100110100010010111100000000
00111101000111000001011001111011
00111100001100110010110110001000
00111101000111110000011000110010
10111100100000101100101001010000
10111100101010000000111101000010
10111101000001101010010010000101
10111101000001011010100100101110
10111011111110011110100100010110
00111100101110001111111111011100
10111100110110100010110010011000
10111101010101101000011101010110
10111101011011000101000001000011
10111101000100000011110010101010
10111101100011000110111100001011
10111011101111010011101011111100
00111011100010000110011101100011
00111100000001010010001001001101
00111100110101010111111000000110
10111101011111101000010010010011
00111011001010101010110101011111
10111011101101000101000000100000
10111101000000101110000001001101
10111101011010111110010010000100
00111101010100100001101111101101
00111101001110111001000011010011
10111100111010010011100000100111
10111101010101011111110011011100
00111000101001000000000010010101
00111101000001010101001011101000
10111100101010111100011100000000
00111100100000100000101100000100
10111101000100111110000001100111
00111101100110011001101011100110
00111100101001000101001100100111
00111100101110100011101000010001
00111101001000001101010011001000
10111011011000011100100100101000
10111011010000011110000011001011
10111010111001010110001110010110
00111100110000010111111110011110
10111100101110010001110011001011
00111011111001110001100010100010
10111010110010111001010100000111
00111101010001011000001111110011
00111100010111011010110001011011
00111101010111010100010000100110
10111101010001101001101101010100
10111100010101101110111101110010
10111100100111010110100001100010
00111100111100111110101000011010
10111101001111011010111001100101
10111101100110101011001011110011
00111100010010000010100011100110
00111011001100101010101111010000
00111100000010100011011101110111
00111011101111001101011001011011
10111101011101001001111001111010
00111011100111010010001111001110
00111100101111111100010010101001
10111101100100011000100000001011
10111100000110100001100011100110
10111101001010110010011001111110
00111011110010011110001001000111
10111011101010111011101011100110
10111100111110100010100101111010
10111100001010011101111000100011
10111100101100111010010111111111
10111101001101000110100010111000
00111010110000110111000110010101
00111100101111101100011111100011
00111101010100110101100001011110
00111101000000000111110110001011
00111101001010001111100100010111
10111011110110101100101000010000
00111101000011010111101000110011
00111100110101100100110000100000
10111100111110110011010101100110
10111100010001000011101100010000
10111100101111011111011100100110
00111100101000000111101000100011
00111100100110111110100110000110
10111100000100111101100100010111
00111100111111101011010100011011
10111100101110111110101000010011
10111100001011100110001101000010
00111101001100100001110101001101
10111100111010110001100101111001
00111011110100010111110011110000
10111100110111110111000110010011
10111101000110000101100000011011
00111011101000010110101011100110
10111101100110110110101101100111
10111101010110000100100110011110
00111100100010010100101001101100
00111101000011011101111011010011
10111100010011000000100110101011
00111010111000101001011011100001
00111100000101001000011011100100
10111101010100101100011100100001
10111100111001111001010000011000
10111100000010110011111111000010
10111011100110100011001100110101
10111100011111011110101000011001
10111100010110001100000111100001
00111101000011011000100100100010
00111101000101011101101111011000
00111100101110011010110101001111
10111100001110001010110110110011
00111100100100100000111000000101
10111100011011110111111101010110
00111100100110100011101001011010
10111100011110001000000011010110
00111100101101110101101101001110
10111100000010010001010101001001
00111101001110101111111010010011
00111101001111111001111110111101
10111100110010110011100000101101
10111100101011101100111100111001
10111011000101011010110100010101
10111101011110111101101011001011
10111100000010010110001000011010
00111100101000110101101101100001
00111100000001110101000100110010
00111011110110110001111011111000
00111101000111100111110110000100
00111011100100000010000010111110
10111100001010001001110101010000
00111101001110101010011110011100
10111100101110010000110110001101
10111100011010101010110110000011
00111100011110100000010110000110
10111100111110111001001010100100
00111100110011111001110011100011
00111011011111111111011111000101
10111101011100000110001000010011
10111100100111111101011011000111
10111101011110000000101011001100
10111100111111010001000110111100
10111100110110000001000100000111
00111101000001001001001001111001
10111101000000001010110010000110
10111101000000000110101101100000
10111100010101110011110101000001
00111100010101101101001001010111
10111100100010110111111101101011
00111011111010001101000010000101
10111100100000010001101100000000
00111101000101111001100101011011
10111100001001101100011010111110
00111101000101100011001110101110
10111100000011001000111100000110
10111101000100010100100111101000
10111101011010111011111111011110
10111101001100100000000101101010
00111100110010110010111010100011
00111100101011001101001000100110
10111100101000000110111101000111
00111100011100100101111101000001
10111101000111111010000011111010
10111100010100010010010011001001
00111100100101001101100100110010
00111100011110010100011110110000
00111010110000100011011110010111
10111100101011100100101100100000
00111101000101001111000001011000
10111100101101001010001001100011
10111100110100110001011100011000
00111011000010100100100100001000
00111010110101110000001101000110
00111100000001011101110010110101
00111100111110001001101100100101
10111100111110111110010111101010
00111101000101110100011000011010
10111100100101110100101111011110
10111100100110111101110110110001
10111100111110100111011100001000
00111100011011000101110000011111
00111100100100111011110000110010
00111100010010010001001110000000
00111101011101001101110010100001
00111100111101011001111111010110
00111101010101111000011000000111
00111001110100101010100010001011
10111001101110100100100001001110
10111101010101011001101110111000
10111100000000000011011010101011
00111100010110101101011110010111
00111101001111100000010101101110
10111100011011111000111110110111
00111100101111100111011100010010
10111100110000101000110001011100
10111100001011001010010101010001
00111101100011101010101011110001
10111100001010001100001000010000
10111011000100001101100110001000
10111011100110101001001010111001
00111100111110110101011000001101
10111100111000111011110011110001
00111100100100010101100101100010
00111101001010000101011101010111
10111100111110000101101110111110
10111101001000000110000011100000
10111100011101110100000111010000
00111011101000101101110110010011
00111010111101101110001101101000
00111100100110111001000100100100
00111100110110110010010010111001
00111101001111101111100110110010
00111100011011000011110000111001
10111100000000011000001100010010
00111100000110111110110010111111
00111101011010010000001110100100
10111100101111011100111010011000
00111100111100101001101000011111
10111100111000011111011000100101
10111100100101010000001011001000
10111100111011110010011101110000
10111100101100001101010001101101
10111100110000110110110011001000
10111100110001111011110010000100
10111011101010000110000111001101
00111100100101000101001001001101
10111100101100100011111010111101
10111100101110001101001010011000
00111100000111100011010011111111
00111100010100101100101011110101
00111010001101000011111100011011
00111101001111001111111110000110
00111100100011111001001000100101
10111100101001011111110101011111
10111101000100001000010101111110
00111011101010101111111100010011
00111010010101110101001101011001
10111100100100011010011000100101
10111101011000001010011110100101
10111100010010000111110010100110
10111100100011011001011010001001
10111010001011101111011001011111
00111100001100011011101100010001
10111100001110001111111001100111
10111101000111000100000111011100
00111101010110100000100110001110
10111011111010101101110011111100
00111100100000011000010100110101
10111011000001010111001100110100
10111101000111000001011000000101
10111000100101110011001101110000
10111100101111101000000010000010
10111101010110000110001111011011
10111011001111000101110100110111
00111100111111110101110010110100
10111101100010000000100110010101
10111100000101100100100100111011
00111100011000001110000100110001
10111101001100100000111110110100
00111101010100011001001110110010
00111101010001110000011101111010
00111100101011000001011011011110
10111100101100110101110111101010
10111100111111000101001101001100
10111101010010011010101111100100
10111100010000011111001110111001
10111101010001000000010101000111
10111101001010111001000111111100
10111101011001010001010110111111
10111100110110011110001011111100
10111011001111111100111011001110
10111101000100100010101100011010
10111100011001111001111001100111
10111101011110011101000110010111
10111101101101101001111001101000
00111101000111011001000100000011
00111001000100110000011000110000
00111100001010100001010000001011
00111100100011111110010000001001
10111100101001000111011000000111
00111100001101101010111101001001
10111100010000110111001100101100
10111011100111111110000110101011
00111101001110011111010111000000
10111101000010000000001111101111
10111101001001011011000100011100
00111101010110010000011110011111
10111100101111100011101110000110
00111101010111110100101110010011
00111101010001111001010111010000
00111011111101100110100011011111
00111100001100101110001100100011
00111101100011010011101011000101
00111101010000001010010011100000
10111011101010110011101011010100
00111010011000101110010011100010
10111101010100000110011001001011
10111101001001100000010001100011
00111100011001010101101110011000
00111011010011010001000110001101
00111100111001110111000100011011
00111101010010110011010111100011
00111100000111000010100100011101
10111100101110010001000001001011
10111100100011010000101110100010
00111100101111010110000111100110
00111100011011111001001100010010
00111100010010000011101110001001
10111100010011000101010110001001
00111100101100011011001000101001
10111010000101100111001100101110
10111100001110101100111000101101
00111101001000011000011111110110
00111101000000000001101001011010
10111101000100001100111100010000
10111100011010101010110101100110
10111101011100111111000000000010
10111101010100000000011010111011
00111101010000110101110001100110
00111011110011100001110110010100
00111101000000101101000111100010
10111100100000000010001101000011
10111101000000111001100010010010
10111100110100101001001010111001
10111101000111101110100111100001
10111101001011010110011000100000
10111100100011110100000100010000
00111101001101000111100000010001
10111101011001101010110100011100
10111101010001100000111111011110
10111100101100110110000011110011
10111010110001100100001001001011
10111101000101111010111101110111
00111100100010111010101111111110
10111100100101101001111000101111
00111100101011111010101010101110
10111101011101111111001001111101
10111101010011000001001001111000
10111101011000100110111110001100
00111100010010111010010000100011
00111100101001010001011100010110
00111101010001010000000111001000
10111100110001100011001011100011
10111100010100010011010010110101
00111011010011100101101000011110
10111101100010010011110100100000
00111101010011001000110110000000
10111100011011111010101110010001
10111101000011000110001011011001
10111010111010001001001111111010
10111100110100111001111101001111
10111100011011000101101010011110
10111100100010110011010100010010
00111101011111111110010001001010
10111101000101100001001011001100
00111101001000100111110111000010
00111100100011011001001000011010
10111100111101011000111011010111
10111010011001010001001111011010
00111100010111001010000101000000
10111101000111111101110010000110
10111101010100101001010000110110
10111101001110001100011111001101
00111100000111101100001000010111
10111101100111001100100110101111
00111100101111010011110110001111
00111011101111000111101011001001
10111101001001111111110100000010
10111101000010100100111000100100
10111100110010101101100001110101
10111101000001111011100010011011
00111100110010000001101101001101
10111101000011000111010110001011
00111101000100111001101001001101
00111011100101000111011010001100
00111101001001101110010010001011
00111010100101111110100001100001
10111100111101111111000010111011
10111101001001111001100011010111
10111101000100111100011111110111
10111101000010011011110011110011
00111101000011001001011001001111
00111101010110000001010110111001
10111011001100110100110100011111
10111100010110110000000010111000
00111011110011110111101110101011
10111101000011000101100010001100
10111011111011111101000010100010
10111100011010001100101101110100
00111100111011001110000011111001
10111101001100000001101010101100
00111100010000111001110001100010
10111101000110100110111110111111
10111101100011011011111111100100
10111100111001010010000000101001
00111101000000100011001110010010
00111101010011101110000100000101
00111100100111100000100011001000
00111011111110111110110001110111
10111011110001110001001101011111
10111100011011110000100100011011
00111011100001101001011100010101
10111010111000100010010010011001
10111101000001100110011010011000
00111101001100010011100000110000
10111011101010101001110111011110
00111101010111101010111100001010
00111101000111110000110000101110
00111100111110000001010100100110
10111100010111010100101011000110
00111011100101111011010111110101
00111011110010000111110111011000
00111100100111011100000101001111
10111100101001010010010101000110
00111011110110001101111100101000
10111100101101110001011110110000
10111101001001100100111000011000
10111101000100111011000000110011
10111101100001000000011100001101
10111101000011101010101111110001
00111101000011000101101011001100
00111100100000110010100111110110
10111100110110001101000011110000
00111100010110100110100100101000
10111100110000011100001011111111
10111101011110111111000011110110
00111100010000101101000110000011
10111101000000100000001001000001
10111101101110100011000110100110
00111100100000110011100110111110
00111100011001010111110101000011
00111101000100100010001110110101
10111101001111110100111100111110
00111101010101100001011000111110
10111101010101101000011111010000
00111100110110101010011000000001
10111101000101010100111111111011
00111101001110101001110100101110
10111100000100010011010100110101
00111100101100111100000000100100
10111100110001111101101000000010
10111100000000111100110000101100
10111101000001001010010010110111
00111011111011100100001100111110
10111100101110001011100010110000
00111100111011110100101010010000
00111100100110010111000000111101
10111100001110001001001100101111
10111101000011100000110101110100
10111101000010110001101101100101
10111101001101111101010100110101
00111101010000011011101101011011
00111100100001111110000000101111
10111100110100011010101101000001
10111100110111111110001100111110
10111100101011000111010101101111
10111010111011101000110110010000
10111101000101101111100010011101
00111100011110010110001111110110
10111101000101000111010001110111
00111011101000000001111001110110
10111101011001000010100100100111
10111101000100000000101100101000
10111101011010110100010111101110
10111100111000001000101001110100
10111101100010111000001111001001
10111101000011100111000100010111
10111101010011111101000111000000
00111100110000111010100111100111
10111100110000110101101100111000
00111011001010110111110000100110
00111100100010100000110000001111
10111100111110010000101100000001
10111100100001010001010011101000
10111100011100001000010111110100
10111101000010111101101110001110
10111100010000010111011010000001
00111011010011110100010000110010
10111101010100111101010111101010
10111001111110001010100001111100
00111100001100000011011110011011
10111101100001101111111010001011
10111100010100011011111011110101
10111101011100111011011000000110
10111101001000010010101001001101
10111100110010000010010110111110
00111101001111101100100001001100
10111101011101111111001110011010
00111100100111001110001110101011
00111011110101010010111101100001
10111100001000000010000101110111
10111101001001111011011011001001
00111100101110100110011110010110
00111100101000101000011010000001
10111101010101011001110101111001
00111100110111111011011011010010
10111011001101110001100111101011
10111101010100110111001111101100
00111100001001111001111000000011
10111100111101011111001111101011
00111101001101100010111110011110
10111100101100010000100110100001
00111101000010000000100011001110
10111101100000111100000110111101
10111101011011001111000000101000
00111100100101000010110000001000
10111101000110101111111000100110
10111100110110110011110101000110
00111101001010110100011101001111
00111100011100111000111000110000
00111100111100100111111110101001
00111100110011011000111110001011
00111101100000101010110001100000
10111100101001100011110011111001
10111101001001110011011011011000
00111010010000101100101100000101
10111100100101001001111000001000
10111100111100010110011001010000
00111101001101100101110010000100
10111101001001101001001001110110
00111010011011111010101111110010
10111100101100110001110010010011
10111101000100000100100101001001
10111101101000010101001000111000
10111100000101010110100011100100
00111101000000110111110010011111
10111101100001000111001101111011
10111101001001110000110011011110
10111101011110100110110100110110
10111101001111001011111101000100
00111100110011101110010110101101
00111001111110110101100100101010
10111010101010111001000110010011
10111101001100100111111001001110
10111010011111111101011010001111
10111101110000101111111101001000
10111100100110100000101001010100
00111010101000011001001110000100
10111101001110110100111000100010
00111100101011111001001001111101
10111100101011101000111101001000
10111011110011110110011101010001
00111101010101001111011101111011
00111001010101001000001000100001
10111101001011010100011100111101
00111011111101000010110001100110
00111100101010011111100010011101
00111101000011101101101010100000
10111100101101001111011011001110
10111100110111111001110101011001
10111010110001010101101101111001
00111011101101100011110111000001
10111101010010101010011101001101
00111100011010001001100001110101
10111100100100101101000110010001
10111101001111001110111101001100
10111011110001100101111110000101
10111100111110011011110001100101
10111101001000111101010010001101
10111011100110000001000101010000
10111100010100110011011000101001
00111101010110111010101001010111
10111101011101000001010010001110
10111101010010110000010000110101
10111101000110010110010111000000
10111100111010101111001101000110
10111011101001011111101001111110
10111100001011100100001111111001
00111101010110001011111110100011
10111011111000011111111011100000
00111101000001101101110100101010
10111100011001010101011011110001
10111100111110111001001110011000
00111100011001011011001000110110
10111100101010111010100001000001
00111101000010110010110101011010
10111100001000111001010000100010
10111101001001110100100110111001
10111101001001111001010010100111
10111100110000101000101011010011
10111101100001101101011101000011
10111101001010000111110010011111
10111101010111001100110011010110
00111011110110111101110110100110
10111101011101111101100100000111
10111101100001110100011010000100
10111101010010011100001100000110
10111100111001000100011100000110
10111101001001011010000010001011
00111100101101000110001100110000
00111101000000110011010110111001
10111100110110011100101001100101
10111101000101101100110001000100
10111100111000100011110101001100
10111101011000110000001011000010
10111101000100101011010011000010
10111101100000110001010101001011
00111001010011011101010011111111
00111101011100111000000101101000
00111100101111111000001011010000
10111011111101011101010000101110
00111010111111100111001001011100
10111100101001011100001001110000
00111101000100001000001111101000
10111101001010110010011010011000
10111101011010001001111111100110
10111101001111000011001001111100
10111101001110000000111111000000
00111100111100001101100110011100
00111100011110010000100011001000
10111101011011110000001010000011
00111011000010000011001111100011
10111101000100111111110001011101
00111101001110001001100001111101
10111101000000110110000110100110
10111100100101000010011001111100
10111101100001110100000110110100
10111100110001010001010111101100
10111011001010011011001001000011
00111100110010001011000011111111
00111100100101001000111000000001
10111100101110101111010110001110
00111101011000011100010010000001
10111010111101011110100110101100
00111100101110111010110010101101
10111100010011110101011101010001
00111101010001111100110100011100
00111101000010001011111101000100
00111101000010010111100101101001
00111100101000100000110101111001
00111100101111110100000010010010
00111100000000100000010100110100
10111101000100001111111101011010
10111101001101001010010101010110
00111101000011011100100010111000
10111011011000011001101001011110
10111011110010010000010101101100
00111101000000001001000101101101
10111101010111100010101101111111
10111100010111100110001100001101
10111101000110110001111000001000
00111011111010101000000001011000
00111100000010111110010000110100
10111100110100001100000011110011
10111100111111111001110111010000
00111101000011111100101010111101
10111011111000000101100110001001
10111101000011111111010100010001
10111101011001111010101000110111
00111101011111110001101100110111
10111101000110110000011001010010
10111100101101011101111010111011
10111100100010001101100101101110
10111100101101101111110010011110
10111101011101100110010001100011
00111011001010101000001000111011
10111101000010001000001100101110
00111101000111000111010110101010
10111001101100100010110001000110
10111101001111100011110000101110
10111100001111111110001001111111
10111100101010101111111101011100
10111010111100001000001101100001
10111100111010110011100110000100
10111100011100011111111010001011
10111100000100101001110110101100
10111101010111101110111001101011
10111100100010011001110111100001
10111101001100011101110001100101
10111100100100101110000100101111
10111100111011000111011011111010
10111011101000111111000010100101
10111100000101101100111011111100
00111100001110000011001100100000
10111010001100110011010001010101
10111100101101101101101011000010
10111101011010010010000101011011
00111011101100011110000101001110
00111010111010010011010010001000
10111101010111100010101001000100
10111010001001101010011110101001
10111100011000111110010110100100
00111011110001100011001100000010
10111100111011000101110100110001
10111101010111101101111000010100
10111101001111000110011101010011
00111100110011000101111100111001
10111101100001110110010000010001
10111100011110010000111101101001
10111100100110011101110000100001
10111101001101001101001110001001
10111100000001111010101001011110
10111100111001011000110111100100
10111100110000101010000100100001
10111101011110010101111000011111
00111100111000111000011010111000
10111101010101001101001100011110
10111100101100010111000101011000
10111101011101011011010000010110
00111101000010100001000010000100
00111100101110000111011001001000
00111101001001001111110000011000
10111100001001111100101010111001
10111100010000011110101001110011
10111100110111011101110100110110
00111100101001001001001100101001
10111100001111100001111101100000
10111100001001010110111001111001
00111100100001011000110101111001
10111101101000001101111110100111
10111101001101011100111111001000
10111010000000111100111000100011
10111011101001011101000100011101
10111100111111101001100011100100
10111101010101111111101010101111
10111100001000010000011101001100
10111101011100011100110010011010
10111101100100011101111101110101
00111100111000111001000010000100
10111100001100100001100011011010
10111101001111111000000001001100
10111011100101110100100101100100
10111101010001110011010001111011
10111100100110110110000010111011
10111100110000011001000001011011
00111101011110100101011110011001
00111101001101010101100110010110
00111100101000111101010101111100
00111010000100100110100111010100
10111100010110100011010010001010
10111011010001101111110100001100
10111101101111011011100000010000
10111101000111011101111001101101
00111101000101111001001100110100
10111100110111110011101010010010
10111101000001010001101001101000
00111101100110001110100001110001
10111101000011010010001011111001
10111101010010111111011000111111
10111101010110101110110111010000
10111101000101011100111011010100
00111011001110111001101100111111
00111100110101111001101111100010
00111101100100000000101110000101
00111100100100010111101100011001
00111101000000100110100111110100
00111101001011111110110100001011
00111100000100100001010000111010
00111100011000111001101101111001
00111010100001001100101001101001
10111100100000001110001110010010
10111100111111101101101101000000
10111100110111111111001110110010
10111101110010001001101011100001
00111100010010101010011011000111
00111100001000010001111001110001
10111100110100000101101001111011
00111011000001001100100011110101
00111100000100000110011110100111
10111101001100010000100111000100
10111100110000111110111100101111
10111100000100111001001000110000
00111100010000000111011000000010
10111101100000010000010011100110
10111100110000100110001001110100
10111100011101111001111100000101
10111101011110101111011000010011
10111101100010001000000111000011
00111100010111101011001011110001
00111100110011001100111110011011
00111100100010111100001110000010
00111100010001000000101001110000
00111101001000110001010110100000
00111101010011101111010000001000
00111101010001000101011101011100
10111100011001000001001011000100
10111100011000100101001101100111
10111101001000100000001011101111
10111100001111111010001000011011
10111101011001001010111001010111
10111100001000010001010000101100
00111011011011001011001110100001
00111011101011111000100011101011
00111100111001000111110100110011
10111010100010110110110001100110
00111001001010101011000110001000
00111011111110001100010111110000
10111100011001001111011101010000
00111100111111010111110101001000
00111101001011000011001010010001
00111101001001001110011110010011
10111100010000110111000100100010
10111100011001010100100010101111
00111100100111110000000001011101
00111011110101110000001001101111
10111011111001001111001010011010
10111100111111001011111111111110
00111101000010010000010000101110
00111100100010101110011100010011
10111101010001110010110000111001
00111101011100001011000000000111
10111100110001100000000100001100
10111100100100101000100101011110
00111100101101101110110100000101
10111100111111101000011110101001
10111100101000111101010000010110
10111100101110110110000000001111
10111101000011101110000111001101
10111100110010010101000100101010
00111011000011101011100100011101
10111101000000110000111111010111
10111100000110011110100101110101
10111100100101010000010000000110
10111011100000001001100001110011
10111011110011001000000110100011
00111100001000011011111100011000
00111101001100011110111100101110
10111011000110111001010101001010
10111100100011011101111100011100
10111100101011110110010100100010
10111100101110101110010000101010
10111101011111011100001001101111
00111101011001111001110011100100
10111011100000101001101110111110
10111100101100000001111111001111
00111100110100000010011011101001
00111100110001000011100110101000
00111011111000011101000100000000
10111011101110001101100000011111
00111100100100101110010011011100
10111100001110101010010111100100
00111011110110110001111111111110
00111100000101011010101100100000
00111100000011011010010000001001
10111100101000100000101110011010
10111100110000010111011111000000
10111100101101011101010111100110
00111100010101100110010100000010
00111101000011100110011111101010
10111101000111010011010101100101
10111101001000111010011111101100
00111010101010000101010010110011
10111100010010100000011110001000
10111100100110010100001011100001
00111100111101110100110010010000
00111100101101100011111101110110
00111100110001011000000100001101
00111100110001110101111100001010
10111101010100011110000111111101
00111011111001111101101111011001
00111100010011001111010100010011
10111100100111010010100101010110
00111011110101011110000101100111
00111100011011110001111010000001
00111100101000001100011010110010
00111100000010100101000110001010
10111001100010100010100101010000
00111010011111001000110111110000
00111100101101011000000001111100
00111100000001011000101100100001
00111101000010000100000000111011
00111101001111101010101101110000
10111101011000110001010110101010
10111100010011011011100110101100
10111011011001011110111000111010
10111100100010111101011111010101
10111101010101110010110111110010
00111100100111000110110010101010
10111100101010111101011111000110
00111100100110010001100011101100
10111100011010111000111110001110
00111001111111001001111100101101
10111100001011111000101101010110
00111100000101110010001010100011
00111100101111110010110000101011
00111101001011010101111110010010
10111010101000101000000111000001
10111101010010111011000010110011
10111101001010010111001110001101
10111101101101111100111100100100
10111100100001000100101010010110
10111011010001000001101111010000
10111101001111111010000111010100
10111101010100101100000111111110
10111011101001111001100111111010
10111011101101111111101000000001
00111100111101100011101110100001
10111100001010011000100010101111
10111011100110110111000000001010
00111101001101100101001101010010
10111101000011010010100010110100
10111101000011100011111100110100
10111011110001011111110001111011
10111011111101010000111111001000
00111100101110011001001101100101
00111101000010100100000110101111
00111101000110101010100000111011
10111101010100111110111011111010
10111101011010011110011000110100
00111101010010101110101010001001
10111100100010100110100001001111
10111101100000101110100111001101
00111100001000000001001000000001
00111100001111000110100101001100
00111100110000100111100001110101
10111011100010101001111100001001
00111100000101100100101010001000
10111100000100011111001111100011
00111101001100011000111101010110
10111010110101000011010000000001
00111101000110010101111000011001
10111011111100111100010100011001
00111011101001000001100110000011
00111101011001000011110011100110
00111100011111110100000101111000
00111100110000110101011000001010
00111100010000000001110101110111
00111101001000001110000001110001
10111100101111100100100010100010
10111011101001111000010000110001
00111101000111111000100001110100
10111101010101000010001101000110
10111011010100100110011001110101
10111100000111100100101101111110
10111101000110100011100011010101
00111100101001001101110100100100
00111011001110100100100100000011
00111101001011010011111111000000
00111100101100100101000101101000
10111011000000001110110100111010
10111100101011101000110101010001
10111101011010000000000111110001
10111100011110111110101100110010
00111100111011011010001010110000
10111100011010110011100110011100
10111100000011001001000000011011
00111011011110100011001100000010
00111101011010001011000100111011
00111011111100110111001000001001
10111100001001000110110100100000
10111101000000110010110000010110
00111101000010101111010111100100
10111011110111011000100000100101
00111101001100010011110000011010
00111101000010111011100111000110
00111011111001110110110100101010
10111011110101000011111101010001
10111100011001000101000011110001
10111101001000101110000111011101
10111001101100100001110000100100
10111011101010001010011011100111
10111011011100110010010000110011
10111011110010000001111100000100
10111011110101001011110110111101
10111101000000110001000010001101
10111100100001010000010010000101
00111010101111000100010101000000
00111010100110000110000001001010
10111101001101010010100100001000
00111100110010101010010101010000
10111011111001010100110001001000
10111100001000111111010111100001
00111101000010110000001011100000
10111100100000010110011000010011
00111100000110000110101000100000
10111011111010110000011111010010
00111100011000110011010010111010
00111101000010100100111011011001
10111100101010100101111011001010
00111100100001001010010001011000
00111101001010110111111101111011
00111101010111010100111101101011
00111011100111101010100100010111
00111101100000010011001011010000
10111100110001101100011011001011
10111100101001110000001110001011
00111011111110001001110000011001
10111100011110001001001000100001
10111100110010000111101111011011
00111100001010100000010100111111
00111100111001001101010100011010
00111101000000111110110010000100
10111101000000110011111110010001
10111101010011110011101100101100
10111101000000011111100101000111
10111101000110111111100100011100
00111100001011100111001100100111
10111101001010001101010100100110
10111101011011111000100011101111
10111100110000010010011000101110
10111101011101001010000000000010
00111011101010101011100100110111
10111100101011101100111011001101
10111101010100001111001010111111
10111100001010010011001001000100
10111100110001010100111111111011
00111100010100101010010100011001
00111100100110101110011001101011
10111101100001011100000000011011
10111100100101100011010100010001
10111101001000110101000010010011
10111100010011110011001011101011
10111101000100101101001100101001
10111100010010000010001110010010
00111100101001001111110000100011
00111101000010100000110001010011
10111100010100100111101111010001
10111100110101000000111111100101
00111101000111001110111001011111
00111101010001101001010111100100
00111100101011000101001010010011
10111100011000001011000101011001
00111011001011110111010100011110
10111010101001110111001000101110
00111100101001001000101111011011
10111100100110001100100011101110
10111100110000101011110111110110
00111101001011111001000101011010
00111100100100000100100100111011
10111100100100100101100110000011
10111100010100000000110111110100
00111101001001001111110100110111
10111100000101001010011111001001
10111101010000000010011100111010
00111011011000100011101111001111
00111100101011011001110110000101
00111100000001001000010101010101
10111100100001001100001011010000
00111101010101110011010011100011
10111100010000100000010101101100
10111101010011111011001110100011
00111101000101110001010000100011
10111101100100011000100011000100
00111101001011101000111001011000
10111011010000010000111101001111
10111100101010001101000110011011
10111011101110010001000111010001
10111001010000110111000000011101
10111100111110110010001110101010
00111100100001111011000100111011
00111101011011101111001100110001
00111100001001111001010111000010
00111011111101101101010000001001
00111100001100001011110101110001
10111100000011011111111111100010
10111100111000111000001011110000
10111100111110011101011000100001
10111101000010100101000011101000
10111100010011100011101101101110
00111100101110000111011000101101
00111101000101110000011001111111
10111100010001100111111010010010
00111100010100110100101010010111
00111011101100100011001011001110
10111101110111010000111001011011
00111100100000001001000001010100
10111011011101010100001001001111
10111101001011101100110100101110
10111011100011010010000001011000
00111101000000001100101111101110
00111011100010000001011100101110
10111101110010010011010011101000
10111100110110001111001000110100
00111101010011000110111010100101
10111100010111110001110011111111
10111101010011111100001000010011
00111011000001000100011001000111
10111100010101101111100011000011
00111011001001111111010110011000
00111011000011100110000101101111
10111100110100010010110111100010
10111101010110010000100001011010
10111010100011001111011110001011
10111011101011011000110010000101
00111011110101000100001101011111
00111011010110010000011000100101
10111100010011000100011100000001
10111100001001001001101101111001
00111100111001001101011010000000
00111101001001110001111100110000
00111101001001000110111110001010
00111100110101010110001100011110
10111100111010011011001000111011
00111100010011010111110101000110
00111100101011111101111101010011
10111101000010111010000110100001
10111100110101011110011001101100
10111100111100110000110110101011
00111101000001000000111010111011
10111100001001100110001110010110
00111101100000101011110101011010
10111101000000100010101110111000
00111001111101000001100110000011
10111101010110100100000001000001
00111101000111000111000101000000
10111101000100100100110101101111
10111100100001011000101000011110
10111011010101001100001110001001
10111101000100110110010001101110
00111101011100110011110010010001
10111100010101000000010110111011
00111101000101101000100100111101
00111100101110101100111010101100
10111101001000110011011011101111
00111101100000011110111010011010
10111100101011100011100101111111
10111100110011001010011110101101
00111101000110011000011010010011
10111100010000011101011010111110
00111100010000100101000110000110
10111011110001110110010100111100
00111100101000100110011100001100
10111101000000000101001001100000
10111100101000000100100110001110
10111100111001000001111010100100
10111100111001111011011101001111
00111100001100011011100010000010
10111100000111110111011111111010
00111100100100101101010001110011
10111101001000010011110010100110
10111101100010110110010001001000
10111010101111000110101000100111
10111100111001111000000011000001
00111100100110011111010100110000
00111100010110011010110110010110
10111101001010100001101100011011
10111011111011011001011011111011
10111100001111000000110000110101
10111010100101100010101000110000
00111100011111011000111000110010
10111100110100110101001000011011
10111101010101001101010101011101
10111011111001111100001010111000
10111101000110010111111100001000
10111101000011111000000111110110
10111011010001110100000100101100
10111100011100001011001110000011
10111100100100001001110111101011
00111101000001001101000001010000
00111100111100110111011011011111
10111101100100100100110010111010
00111100111111100111010011100001
00111100010111111101100110011101
10111011100000110100001110010110
10111100110001010110101110010001
10111101001000001000000010010100
10111101000000000111100111010000
10111100100010001011110011010001
00111100100011010001011001110001
10111101010001101100100111101100
00111100010111111101101100100001
10111101000001011000100000011111
10111101000111010010100110011001
10111011111000111011010010011110
00111100010111111000111011010100
00111100100010011010011101000011
10111100010111110101100011001101
10111101001010100110100000001000
00111100100111001101001010100111
00111010110110000111000010000000
10111011011110101110111011111100
10111100110010000000000100001011
10111011101001100001110101101111
10111100110001101001000011011001
10111101010101011111011001110111
00111100111100110100100010101000
00111101001111110010101010110010
10111011100011100000100100011001
00111010011100001100100000101010
00111001100010001010111001111011
00111100100111001110010101101110
10111101010011000101101110110100
00111100100111111010000001101001
10111101100110000101101011011010
10111101000000101010111010100100
10111101011100111011100100011010
00111100100001001100101101000100
10111101100100110100111110111111
10111101000011010100110010011110
10111101000000011001000101111001
00111101100100011101111100010011
10111100110110111101010100001001
10111101010110100010110010001000
10111101000101100111101101111001
00111101000000011111110100101011
10111100100101100101001100010000
00111100001001011100111011110011
10111100110101011010001101000001
10111101010010011110101111000000
00111100111011010010011100011011
10111101000001110111001011001110
10111100010101100000010111000011
10111100110111001001101101011001
10111101000111011110011000010100
00111101000100110000100010010111
00111101011111011011000000110010
00111101000001011010100001100110
10111101000100001011100000100111
00111100111101100111111000001001
10111100001101111011011101011100
10111101011110110011101000001000
10111101010101101011110111110011
10111011011010101100010110011111
00111100001111111100101011111100
10111100001111001100010111011111
00111101000110001011000000110101
10111100111010000001100011110111
00111101100000111100001100001010
00111100010011110001101011000100
10111100010011101000101100001100
00111101001011100111011111101001
00111100010011110011010011000000
00111100100000001011001110010011
10111100101000011001011101010101
10111100100101001101100001101110
00111100101100001110000111010011
10111101001110101101010001110111
00111101001000011001110111000100
10111100110001000111010001000101
00111011111110000011011100100100
10111101010010100101110000010010
10111101010110001010000101110101
00111100100111110000110110011001
10111101001001001110000101111111
00111100101101111001000100010000
10111100000000001000011110011011
10111101000101101001001010001100
10111101011001011110010011100100
00111011101100011101111111110010
10111100101011001100110101110110
10111100101101011010011001110100
00111100110101010001110000110110
00111010000100011010011001011111
00111101000101111011111011100111
00111101001111101100011001000000
00111011101101101101111111000010
00111101001010001100001001111001
00111011100000100001101101010001
00111100000101011001001011110010
10111100100011011011001111111100
10111100110111011001100001011110
10111100111001011111000011111100
00111100101111010111001001111010
00111101001110110011011110111111
10111101001010100011010100010001
10111100100100001011011000111100
00111001111011001001011111110111
00111100000011010111000010111111
00111011110111111010110010010100
10111100110000000110000101100101
00111101000001011100111001110000
00111100000111111110100111011001
10111101100101101100111010011011
00111011011011000001001011110101
10111101011011001100011101001110
10111101100011100000010100011011
00111100000110000111010110000100
10111100110110110010110110001001
10111101011110100001000111111101
10111101010110101001111001101001
10111100000001011011100101110111
10111101010010110000000001110111
10111101000110111101001011000101
10111100101110000110001100110110
10111101000000000001001110000101
10111101101001110010001110101011
10111101010111100110000011010011
10111101100011101111000010100000
00111011110111110100010001011001
10111010100011001001000111000001
10111100101011000001110010111011
00111100010011111011010010111010
10111101000111001011011101001111
10111100111110110110110101001101
00111101010100101010001100000010
00111100100011011101010100110100
10111101000111110100001111110110
10111010101010001000110110101110
10111101001110010100101100001100
00111101001010100100100101100001
10111101000101010101110001101001
10111100101100101001011000011101
10111101100011110100101010001001
10111101011100110001010011111011
10111100110011000001110011110101
10111101001110010000100000000010
00111101000010011111110101111010
00111100001011001101100100010110
00111101100011100101011000110111
00111100100001111000010011000010
00111010110000000001101001111010
00111101000100101000110111010010
10111011110000111010100111111101
10111101110000001111101101011011
10111010101010000000111010001101
10111011111100100110011101111110
10111101000111110011011101010111
10111011100111000100001101000110
10111011111001111110111010001110
00111101000101111110001001000110
10111100111010100011100010101010
10111100100001001110100110001000
00111101001000011111110001010101
10111010100110110100000000111010
00111100111111010000101000111000
10111100100100100001010111010111
00111101000110100000001011010101
10111100010010111111101101000000
10111101011100110010010000010100
10111100110111110100011010101110
00111011110111011101010010100100
00111100111011100001100101000100
00111100010011001101111110011101
00111100110000111111110011011111
10111011110011010001101011011111
00111100011100111011110000001000
00111100001100000101111010000001
00111101011111001010010101100010
10111101000111101110000111110100
10111101001000011100010111011001
00111100011010010100000110000011
00111011000110110110101011101101
00111100100010100000000110001111
00111100111010000110111101111111
10111101000111100110110001100011
00111101000111001010110010110011
10111011011101111110100001001101
10111101000011110110100100110111
10111011101110101101100111011011
10111011111001010000001110011100
10111100001000101010010000000001
10111100010110000110101101100010
10111101100001101001111010101101
10111100110100111001011000001000
00111100100000000111010111100101
10111101000000101101001111111001
00111101001001011010000001110010
00111100010111100000001011000111
10111010010011010000010101100010
10111011111111001001111000111001
10111101000100000100001100111100
10111100101101100111010100100011
10111100111101000110111110001011
10111100110101101000000010011111
00111101001100111011011111101001
00111100010000010101101000110010
10111100111011011101011000001011
10111100001111101101011101010110
10111011100110000110110000010000
00111100101000000000010001110101
10111100000000111011100110000110
10111101010110011011111110001011
00111101001100001011011011001111
00111100011110001001010011011011
10111100110111001000011000101010
00111011010101101101110110000111
00111011111001011110110100111011
00111100100001011110010110100100
00111100101100100100000101111100
00111101010111000110110000011110
10111101001101111100101100111000
00111101001010001001111001101111
10111100010010011110000001101110
00111100010000011101000101001101
10111100010101110000010101100110
10111100100111110011000101010101
00111101011110110100001000011000
00111101110000100010001110100010
10111101010011000001010000010000
00111100101001101111100111001110
00111101000011111111110111011000
00111101000100011110111110101001
10111011100000101001001000011010
00111100100100000011000111110100
10111101100010101100011100110101
10111011000110100110001111101110
00111011100011100100110101110001
10111010100010000111000010011011
10111100001010100010010111111001
00111101011000111101010110100111
10111100011101101011111000011110
10111100101101100101110101100000
00111100101011110011010011001000
10111100001100000011001100010101
00111101000000011010101110101000
00111100010100010111001001110001
10111101011100100000011101000110
00111101011000110100010000110010
00111011101101010110001111110010
00111100100100100100010000000110
10111011011110000110000100001010
00111100111101000101100000111110
10111100010000110011110011000100
00111100000110111100011101000110
10111100110101010000010011111001
00111100111110010010000101010101
00111100010010000100111110010100
00111100011011011011100000110101
00111100111100001100001000010000
00111100011000101010000001010101
10111101001110011011111110010010
10111101000001111011110001011011
00111011100010110110110100100110
10111001101101111111000001111011
10111101100101110110001111101010
10111101011101010001000111000111
10111101001010110101111101000001
00111100100100011000011111010111
00111011110000100100010110011100
10111011011100110000000110011001
00111010100111100010111100000111
00111100101001001001111000101000
00111101000111100101110000100100
00111101010110001100100100000101
00111101100001111101010011110010
10111101010011011110010111110010
00111100110110101000111000101100
00111101011011011010101110110100
10111101011010011011000110000100
10111100000011000100001001100110
00111101000011110110011101010111
00111101011010011010100010000101
00111100010100100100111101000010
10111011111010011010001100110110
00111100100000011001101010100000
00111101011100101101001011011011
10111101100001101010101001010110
10111011101101111110011100110000
00111101001111011000010101011100
00111100000101011111111100101001
00111101010000010110001000000100
10111101001000010100101101001100
00111101000011011100110000000111
00111011110111110101011100100110
10111011101101110001100100001110
00111100101010010001111000010101
10111100110011000111110001110100
00111001101101111001110100000000
00111011001011010011001110000100
10111100100110110000100110101101
00111011100101011010011100101111
00111100110110100111011110101110
00111011000110000101010111110011
10111100100100100111011011011110
00111100011011111010010011000000
10111100010000111010101111111000
10111011000010111010000011000100
00111101010101000101011100001010
00111101011111101100001110111010
10111100000010101011001101111010
10111100101001111101010011110010
00111100001110110011010100010100
00111101010011001011101000000100
00111100000101011101100010000100
10111101000000100101110110101101
00111101001101011100010101011001
10111100110100111010101111010010
00111011100011011100011101111110
00111011101000110011111101101100
10111100100100001000110010100010
00111100111100111100010001011100
10111101010101100011110100100011
10111101100000000010110110001010
00111101000001110011010000100000
00111100100111111110101101000000
10111011100110000000111011101101
10111011001101010111000010001011
10111101001010111100111000011111
00111100001010010011001101110100
10111100010010100010100101111011
00111011111000100111101011100000
00111100001000011001111011001100
00111100000111010001010111111011
10111011111101011011111011000110
00111100110001001001011011011010
10111100101110011101010001011111
00111100100010111111100001010110
00111100011100100001010101010101
00111100101100010111101011011101
00111100011011010100101010011000
00111100111001000010010000101101
10111101000000011001011011011000
10111100100110110010001000010111
10111101000001011101010100100000
00111101001101110010000010011011
00111011100010010001011110000100
00111100101100000100000001111101
10111100111100111110010000011010
10111100110000011111111110100100
00111100111000101100001101000101
10111100000101100101111000101001
10111101000010011110010000011011
00111101000100111110011010000110
10111101001101000111111111101100
10111101000001100101101111001000
00111100011001000010010100001101
00111011001110111111111011011100
10111100100010001010111001101011
10111101001010101100110110101110
00111101000111000000111010000001
00111100100100111110001010000000
00111101010000111100100010101001
10111100101111111001010001100011
10111000110001001001100111100010
00111101011101101000010010001101
00111101011011000000101100010000
10111100110001000110100011001011
00111100111000010000001100111110
00111011011010010111100110110111
10111101000000001001001000110011
10111101011100111110001111101001
00111101010110100010001110000110
10111101000011111110100001111010
10111100110111100001011100101011
10111100110001110100101101011001
00111100100101101000000110000010
00111100110010111011111001100111
10111011111100010001111101110011
10111101000111001000110100001110
10111011100101010010000110101110
00111011101010100010100101110111
10111101001000100000000100101000
00111100000110000001110001100011
00111100111101001000001001101000
00111100011000110010010000011100
00111100001000000100101011111000
10111100010101101000001111111011
10111101000011110010100000000000
00111101001000010111101010011001
00111101000010001011011111111100
10111100010110111100010011001010
10111011010101001111111000001001
00111100111110000110011001111000
00111100011000111110110011100101
10111101000100001110011110011010
10111100010111011001111010001101
10111100110000110000100000000110
10111100010110111001010010100001
00111100100110010101111110100010
10111100100011111100100111001111
00111101011110001110001000000101
10111100011010011010110100110110
10111100010111110111011010110101
00111100110000010001001011101100
00111101000110111011101001111010
10111011100000100001111011111101
00111101000001001111010000110011
00111101000001000000000111001010
10111101011011100000110100000111
00111101100111011011011111000111
10111101100010110000100010110000
00111100001100001111100110110001
00111100100111010001001000000011
10111100011100000010110110011100
10111010111101001001110010100111
00111101000100011110010000000011
10111101000100011001101010100101
10111101110011000010110111100101
10111100111101010001000001111110
10111100100101000001011111100110
00111101011011011100001111110011
00111011110001101110011100110100
10111101010010011101001110011110
00111100100100110001100010001110
10111100100010000110010010010011
10111100111010101110111000001110
10111100101101100111000101001100
10111100010110001011000010000111
10111100110011011111110010100111
10111101100000111000110010000010
00111100010100000011101111111011
10111101100010011000011010101110
10111101000011011000101001010101
10111101000010111000011110101010
10111011100111011000101000110000
10111100011010001001001100001100
10111100000100010001111011110001
10111100101001010011110011110101
10111100110011011001000101010111
00111100010010000100010101010110
10111100010101101111110100101001
10111100110010000010011000101011
00111100001001100000110011010100
10111100010101111101011101110011
10111011001010010100100001110100
00111101001110011101000110100010
00111101010110101010110010100100
10111100100100010010101110110100
00111011101010011000111000000010
10111100111101010000011100101100
00111100011101101110000110101111
10111100001010011101001100100111
10111101001100101001000101100110
10111011010000101010000110110100
00111100100011010001101010011001
10111011110110101010011001111011
10111101011001111001000111001001
10111101010101100101110001101000
00111101010000101010011001101100
00111100110101111111111100110110
10111100110111001010011010111011
10111101011011100000001111100110
10111100100001000110111101011000
10111011001010011111011110011111
10111101011011010110011010011100
10111101011010111100101110101110
10111011101110101110011101101110
10111011001101110100001101000101
00111100110001100001111010110000
10111100100001011101110110000001
10111100000001111110000111011011
10111101010001100011101000100101
10111100000110111010111011000110
10111101000001100111001101000010
10111101010110011100010101000110
10111011101001110111110100101111
10111100111100001101111110100111
00111100110000011010001111101001
10111100110101111011000001010100
10111101011011100001110010001010
10111100100011001011001101000101
10111101010000001000110000101111
00111100000100000100110110111001
10111101000001000000000001010111
10111011000100010000001110111011
10111101010101000110110110000110
10111101011100010000111011101100
10111100100111101001010000100111
10111100101011010100010110110101
10111011101101101000000011110000
00111100010100111101101001111110
10111100000100101000110101011010
00111101001111001111001001100000
10111100100010111011111101010010
10111010100110010101000110001001
10111101100001110100100101000011
00111100101110011100100111100000
10111011101000100100011110101000
00111100001100000111010011001010
00111101001001111001010100101000
00111101000111001101010110000000
10111000110011101110001100111000
00111100000101101110010010000101
10111100010100110101100011011100
00111101010000001000111111001100
10111100001111001000010010001110
10111100110110111000101010011010
00111100011001110101000001001000
10111100110101110010101010000111
00111100101011000110010100110011
00111011100000100010111101000000
10111100111011111111111000110001
10111011100110000001110101000101
10111101011010011011000101001010
10111100001010000111010101010110
00111101000111011110010011101110
10111101000111101101001000010001
00111101100001101110100010010111
00111100100011111101010000011110
00111100101010100100110011010000
10111101001001000000000010111110
00111100011001011000010110111011
10111101001000001011011100111110
00111100000010000000010000011101
10111101001010011000001000010111
00111100011000111011001100110011
00111011111110011001110101111110
10111100100001011110110010000110
10111011010100001000111110010110
10111011110011011010011111110101
10111100101111010011100010110010
10111101010010101101000100011010
10111101100000000011101010011010
00111101001100101101101111101111
00111011111101010110011101001101
10111101000000000000100110101110
10111011100000100010100111000101
00111101000011011110110010100100
00111100111101011110001001111011
10111010010000101110110110001110
10111100011110111111000011011010
10111011111011101110001000101100
00111100110010011011001000110110
10111100010111101000110111111111
10111101010110011001001110111011
10111101000010001011100011011111
10111101010001111110110111100010
00111100101111101100100100011011
10111100100110101100100100000110
00111001111000010101110110110100
10111010101001111111011001101101
10111011100110001100111000001000
10111100101000011100101110111111
00111101000111001011101100110101
00111100000000111110100110010000
10111101000011010111111000101111
00111101010110010101010111110110
10111101000000011010011010000010
00111100110100110000101010101111
00111100110011011010000110111111
00111100100000111011110011010100
10111100100110111000001111100010
00111101001100011011011011001110
10111101010011110000001000111110
10111101001101110010101000110011
00111100110011010001110000111010
10111011101101010111101111011000
00111100100100110011100001101110
00111100101111001110011000101000
00111011101100110100000110111010
10111101001011101111001111011010
