10111100000100011000111110100111
10111100001111111100011010011000
10111100000111010101001010101111
00111011101111001111010110000010
00111101001101100111110111000100
10111100110011111010010110100100
10111101100001001000010110111110
10111101010100000100011011111111
00111100110011110000110100101111
00111100111111000101000000111111
00111100100111000001100111111000
10111100101111011101110011000100
10111101001000110000110111111101
00111100110000111111101000011001
10111101000101010101001010000000
10111101000011001011111111010011
10111011101011011111000001100001
00111101001111110000011100111000
10111100111011000100010001011011
10111100011100111110100111010111
00111101000010010100011000110111
00111100000000011001011110100110
00111100010111010001110101100101
10111101100000111001001100010000
10111101100011110001010011011011
00111100110000100100110100100010
10111101100011110011111010010001
10111100101001001100011001110010
10111100000000000000011101011010
10111011101100011111100101111011
00111101001101110110110110001010
10111100111101101000111111100011
10111100100010100110111011110000
10111010111000001001000001011001
00111101001001010000000101111100
10111101000111011011101100111001
00111101000011010011111010101010
10111101001111001111000111011010
10111100110010000010110000110000
10111011010100100010001101011101
00111101001001111011100111011000
10111100101010101011000111101110
10111101100000110100010011001101
00111100111001101000100000011111
10111100001111110101101001101101
00111100011110011110111001000010
10111100100001011111110100000101
10111101011101101001101000100010
00111100111000001011111110111001
10111100000001000010011110101001
10111100001110110011010110111011
10111101100100101100100010000010
00111100111111100000100110110111
00111100101110110001101101100010
00111100010100011001100001010111
10111101101100110111011001111111
10111101000100000010101100111110
00111101100101111010001100000110
10111101100011101011100100110001
10111101001011100010011101011010
00111101011000100101100011010001
10111101000100001010100100011000
10111100000111011111011111000010
10111011010000000111100001001011
10111101000000001110110111011111
00111011110001011110110000110111
10111101001011010011000100110101
10111101010110011110001011110001
10111100111011000001100111101100
10111100001010001010111011100100
10111100001010100111111010101010
10111100110000111011110011000101
00111100011100110111000001100001
10111100010110101110110001100010
00111011111101110010001000011011
00111101000001101011101010011100
00111101010001100010011011111110
00111100001111111111011100011011
00111101100001111000101010111101
00111100101111110000010101000101
00111101001110010110110001111000
10111010111100011000001101000110
10111100100111100110100110101000
00111101100100100011000100100000
10111101011010001110010000011010
00111100010101101001011001100001
00111100111101110010110100000101
10111101101100010110001010110110
10111101000110010011011111000101
10111101111100100110010100000111
10111101000010000000010100100100
00111101010101010100001111111110
10111100011010001111111100011110
10111100111100000100001000010011
10111100111101110101010011100111
10111100011110000100001000011011
10111100000000011100010001000110
00111100110101010010100111000100
00111100001001000011001111110100
00111100111010011001111010101010
00111101100110101111011101110111
00111101000101010010010111110000
10111100011101110111110000110101
10111101100001000010000010111000
00111010101100110010011000001011
10111101010010111001100011001110
10111101100100111110001010000011
00111101000010100100011100000000
10111101000001011111100001010101
00111100001001100110100010101111
10111011100110101111110010000010
00111100111001011100111110011100
00111100101000001000000101000011
10111101100100010001101001010001
10111101000000000100101101011111
00111010100100110001100011000100
10111100100010111110110100100101
10111101000111111010000001011000
10111101011101001100000010101100
10111100110010001101100010101010
10111100010110001100000000000010
10111101100011000100011010000101
10111100000011011011011000110101
00111100100101010110011100001001
00111011111100101000111110010111
00111101001111001111110101001111
10111100000011100000111111001000
00111100110110000110111111100110
00111100100000110100010000010101
10111011011000011011101000100011
00111101001111101110011001011111
10111101011001101011111000110111
10111100111110000011000000100011
10111100111100000110111101010001
10111100011000111001101110111001
10111011001110100011011101010111
00111100010001010001010011101110
10111100110100011111001100111110
10111101000101000110100011011100
00111100010100111111010010001000
00111100101110001011110100000110
00111101011000010100001010101110
00111101001000110010000101111100
00111101000101001000100011110100
10111011111010010110100110110010
10111101100001100101111100001100
10111101000000101010101100111011
10111100011000001011100110000000
10111100000000110101001010011101
10111100111100001000101110101110
10111100001000010010111010100110
00111010110101011011100101101101
10111011001000101100011011011001
10111011100010001001111111001011
10111100100100111011100001010110
00111100100101001011011100100110
10111100001110100101011110100110
00111100010111101010100110011110
10111011011101001111000001010011
00111100101101100110101110101100
10111100100101010000010110011100
00111101001001100001111100100100
10111100100100101010100001111110
10111001110001011111000111010100
10111101000001010101001111000001
10111101001011110111100110000010
00111100100110010001000110100110
00111100010111110010001001001110
10111011000111010100001000001001
10111101000111110100111100100000
10111100011101011101000010101000
10111100100110011000110011001101
00111101010111011000011011011101
10111100000001000101000001111111
10111101011110101101100000101100
10111100100100011001011011000001
00111101000001101101011101001000
10111101101110000010111000010100
10111100010111100111000110110010
10111100110111011110110000001100
00111000010001100010011111110000
10111101001010100111010111000001
10111101000100110111010011010100
10111100010001010010000011100111
10111100101000001010110010100111
10111100011000100001000111100110
00111100110110011100111111101100
10111101001100101110101001000000
10111101010110100110000000101111
10111101000011010001110101100100
00111101001100101001111010101101
00111101011101110010010011000010
10111100100011111100010100111100
00111001000110101111001111101010
10111100001110101111111111001011
10111100100010101001110001100000
10111100010111001001000100001000
00111100100001011001010111101001
00111101101110010011010001101110
10111100100011100111011110111001
00111101000101111011111001011011
10111100010101100010111001111110
10111101100001100101011101000100
00111100010111000010100001001100
00111100111000000110110100011000
00111101000000110101010110100001
00111100101011001001110111101100
10111011010100110111001111011010
00111011011101101101010100010001
10111100110001100111000000110100
00111100110101001001111011100001
00111101101100010010010110110111
00111101101101110101000010010111
10111101010011010011001101010010
10111011111100001000001111001010
00111101000100001011101001010011
00111100001011010110011010001101
00111101000111001001101101011001
00111100010111011110011101011110
10111101001110000101101101001110
00111011110110001011100111010111
00111011000011011100011010000010
10111011110011001101010000011100
10111101100010110100000110000111
10111100011000101110110101010111
10111100010101000001001011011110
10111011111001110111100001100001
10111100110000010110001010010010
10111100010110110100101101000001
00111011100110011001110011001000
00111100100111000100100000010011
00111100101000000001111101001110
10111100110011010110011011101110
00111101011011000011100011001110
00111100110011001000111110110000
00111101110001011110111011001101
00111011101101001110011100001111
10111100111111111011100011100000
00111100001101011101000001101010
00111101101000001110011110011000
10111100101010001000011100010111
00111100000001001010100001000000
00111100101001000101100011101111
00111101000101100101011011001101
10111100100101011111001100010010
00111100111110101000100000111010
00111100100010111001100100011101
00111011101100011101100001010111
00111101000000011111110111100110
10111011000000001101101100000011
00111011110001010011011100000101
00111100100101010001000111100100
10111101011101011111011010100010
00111011010000000101001111010001
00111011111111111101001010100010
10111011101101000100111000100001
10111101101000000000010111000011
10111011111001111101001100100100
00111100001101110010111110001010
10111101100111001010111000000100
00111101001100101111001010000010
10111100111110000010010001111011
10111101010111110000110100011101
10111100001110110000110011011101
00111100110010100001000111110100
00111000000100001100001000010001
00111011011111101100111011010010
00111101001001001001100010011111
10111011101111111000001110001110
00111101000000000101010001101010
00111101001000111111101111011110
00111100001000100010111111010011
10111001100001001001111001110110
10111100000100010110111110000011
10111101100001000001111001001111
10111100000011000110100000101110
10111100100010001001100001000110
10111101011101101011110100000000
00111100110000111110110011000101
10111100001001010101011110000010
10111100101110111001011110010000
10111100101100001010001000001001
10111100000001000100010010000100
00111100101110100110011010010011
00111100111100001001110100100001
10111100001100101010111101010110
10111101001111011111001010111010
10111011100101010011100100010011
10111101000101000000010111101111
10111101000001000000110000001001
10111100100100101111111001101111
10111101001000001101100011110011
00111011101001100110011101010110
00111101100000111100110001110110
10111101001011000101011010111001
10111100101111000100111111010111
00111101010000101101111111000001
00111011110100010111100000011101
00111100010100001001001111110111
00111100101010100000010100010010
00111100000011000011101001111110
00111100101000111010000101010111
00111100001001011011111010100011
00111100010101000111000011010101
00111011101101001101000101100100
00111101000010001110110001110000
00111011111001011101111010010100
10111100000100000101100100101111
10111101011100111001001101010110
00111100111100011110101001001110
10111100101001001000110110101000
10111101000001111010011111011010
00111101111000000001000100001110
00111101011011001010001110000101
00111100100100110001101011100010
00111100100111011111110101111111
10111100000111101101101010010111
00111100000011110111101000001001
10111100100010110111100001110100
10111100100001111100010101001111
10111100100000111101000010110111
10111101000111100001110000000000
10111101000010000011101011010110
00111011100001110111100011110101
10111010010110001000011000001011
10111101001111111001000011111110
10111101011101010000100001110011
00111011011011110100010100100011
00111100010001110011000010100111
10111101000110111100101011000001
00111101000101010001000110010010
00111100011001000100010001110000
00111100110000010010001111101101
10111101010110101101000011111101
10111100100010101101111010110011
00111100100111000010011110010011
00111101010000010001100001111100
00111100101010001001010110100100
10111100101101001010000001000001
00111101011110001000100110011001
00111101010110111001010010010111
00111101010111011000111100010011
00111101001101111110101010010000
00111100100111100101111000001101
10111011110000101111011101111100
00111100100001101100101101111001
00111011011101100110010111110100
10111100001001000101010100011101
10111011101100000100001011011100
10111100001110010000100011100111
10111010101011100001101111111011
10111101100001001110010000010000
10111100001111001110111000110100
10111101010000011001010101111110
10111100101001011011000010011100
00111100111011000101000011100011
00111100001110100111000001111111
00111100000110100101010001001001
00111101000011011101111011000011
10111100101001110110000101101001
10111100101010101100100100010100
10111100101010000001011100100100
10111101010101000110110111110010
10111100011001110110011011100100
10111101010010010101010011001111
00111101000101101000010101110101
10111100011100010101001010100010
10111101010001111011001101011011
10111011101011011011000111110110
00111100001111110000001100110000
00111101011111011001111101100011
00111101010001100011110011011001
00111100000010011100100101111000
00111101001111111110110010101111
00111100110001000010011100011101
10111101010000011110110110110111
10111010100011011000001101011001
00111100000100010010110110000010
10111100010011010100010100101011
00111100111111100010100001000000
00111100110001101011000101101000
10111101001001101011000110010001
10111101010011010100001100110001
10111101011000000111000110001001
10111100111100001100100000101101
10111101100010001101001100111101
00111101011001110110110000110010
10111101011111101100010100111111
10111101101000110011010010110101
10111101000000010000000001010011
10111100101110101111101011110101
10111101000111011001101011001011
00111100111100001100101001010100
10111100111001110010110100100011
00111101000011101111001010101111
00111100100011100100000101110100
10111101001111110001100001001111
10111101000011111100001111011001
00111100101110001011010101000001
00111101101010111010110101110110
00111011111111100001011101000000
00111101010111100110100010000001
00111011110000001001110001110001
00111101101101111101101010000001
00111101011000010011011110100111
10111100110001010001010100010001
10111001110000000000110101111110
00111100001010101010111100110000
10111101011001010010100110010111
00111100010100100111000010010011
10111101000011110000101101011011
00111100001101100111111010100111
10111100001111010010100001001000
10111101000100000110111101000111
00111011110010100011100101110101
10111100101010011010100000011001
10111100011110111110110100110011
10111101000001000100001010101000
00111100111101101111100000000000
00111100011101111000101110101101
00111101000101100101100100010000
00111100111100111110001100111111
10111100110001001011110101001000
10111100010010011001001101110110
00111100101101001111100001101100
00111101101100010010001001011111
00111101100000000010100111101010
10111101001100111110001000111111
00111101000001010110000100110100
10111100000010110000111000000010
10111101001111110111111001001100
00111100101100001100110111101010
00111100101100001110101110100001
10111101100000011010000011011011
00111100010101101101110101010101
00111101010100110101011000001000
10111101000111000011011001100101
00111100000011000000001011011110
00111101101010111000111001110011
10111100101111011011010000010100
00111101010110000011000011000110
10111011011010100100100101101010
10111100100010001110000100000011
10111100111100010100000111010110
10111100001100110101111111110000
10111011100110011111101010100110
00111011101001010110010010011010
00111100111001111001010011110111
00111011101010010010011011100111
10111101011111001101111111010110
10111100110000111100111011111000
10111100101111100001011001110001
10111100110000011100001100001010
10111101000001010010001100100110
10111100110000011101010111101110
10111101011100101001100010111011
10111100010110000100000010001000
10111101001111010101010100011100
00111100011010001000001000110000
10111100111011010001001011011001
10111101001100010010010001100000
00111100110011101010001011110011
00111100111101011010010000100100
10111011010001110100011111010000
00111101001110100010100100000000
00111010110111000000000011111011
10111100001010011111000011001000
00111100111101010101110001010011
10111010001101001011100000011100
00111101001011110000001010111101
00111100000110010111000100010101
00111011110010011011010001010100
00111100110000111101110000110011
00111101011101111010110100111100
00111101001011000000000001110011
00111100100011011000100011110000
00111100100000110101110001001010
10111011010001111010101011001000
00111101001111011010000011001101
00111100111010110110010101100001
10111100010000011001110001000010
00111101100001011110110111111100
00111101001110101010111101110011
10111101010100110000101010111011
00111101100101000101001011111110
00111101010001101111000111010001
00111101100101001010011011111011
00111100111011111001110111111101
00111100110101001110110110100110
00111101100111001000110010100001
10111011110011101101100100011110
00111100111011000111000101110100
10111101000110011111111000110010
00111101001101001101000110011111
10111100101100011001101101001110
10111100110111100101101101101101
00111101000000010001101011100111
00111101001010110110111111100100
00111101000011111110111111101001
10111101000111111100100000110100
10111100110011110110110001000101
00111011101111001100111100101000
00111100101110010110101000110010
00111011110011011001101010010110
10111001110000001011001101111000
10111101100111101100110010100110
00111101100000110101101101111010
00111100000100011101000000100011
10111011110101001001111100111110
10111101001011101110100000000101
00111100111000010010010110111000
10111101000111010001010101110101
10111100101111111010111000111100
10111101100011110101100101011011
00111100101111101000110110101010
00111100001111010101110100010001
10111101001011010010011111001101
00111101000011011000011111100111
00111101010110000011111101110000
10111100000010011000101101010101
10111101010110101000101000100101
00111100111010010111101001100110
10111101010101001000100000001010
00111101010111110101000011110000
10111100001101100011011001101001
10111011001100000101101110110011
10111100010001100100010011010111
10111100110010100001111010010010
10111101010010110110011100100000
10111100000001110001110001001000
00111101001101010001111010010111
00111100111101000001010111000101
10111001100110110001011011100001
10111100111000000010001110101110
10111011010110101110101011100011
00111101010001100000111111100101
10111010100100101110111110111100
10111101000000001010000110000100
10111101011001111001011000101011
10111011101011010110000111011110
00111011101001011111110001001101
00111011110110010110111111111100
00111101000011010110011110001011
10111100011101000011100110100001
10111011101000001001010110100101
00111101000101000010000000101010
00111011010100111011111010011111
10111100100010110110000010111111
00111011000101011001011010010100
10111101111100010000111111110011
10111100100111111010011100101010
10111100001011110011001000110101
10111101011010010100110100100101
10111101100110011100011111101100
00111100100100110010111101011100
10111010010111111010011011010101
00111100100000100001010111010001
10111101011011111111100101001011
00111101001010100111001111010110
10111101100010110101111101100101
00111100011010101001111010000111
00111101010000110000101011110100
10111100000011111011010110100110
00111101010101110011011001001000
10111100110001011101011011011000
10111101011011001011111100000100
00111100100101010000111110011001
00111010010101010100000010010110
10111101100000011100110101101001
10111100110110000001111000010110
10111100111010010010001101000111
00111101010111000110100100101010
10111100000111101100110100010010
00111011001010100110001011000010
10111100011001001011111110100111
10111011110111001001001001011101
00111100101000111001111001110100
10111100110011110100111101111001
00111101000000111001010010010000
10111100111111001010110101110001
10111100111010101110011011010110
10111100011100111100100000011011
10111101111000110010011000011100
10111101010101110010110001011111
00111101011100110001000011110110
10111101010110100000011111000011
10111100111011011011110001001100
00111100001111101101010101000110
10111101010010111011001011001101
00111100000111010001000010111011
10111100000001100010101010101111
10111101011111101011001111010001
00111011100011111111000110000101
10111101011110100100000011010110
10111101001000011110001100110001
00111100010100111101001001101001
00111011101001101001111110001110
10111100010100011101000001110010
10111100010110110111001100011000
00111101010110001100111111011100
00111100011011100101111100011001
10111101011100010001110001000011
10111100110010111000100110111101
00111101101001110110100010111110
10111100101101000001100101001101
10111101010100000111111111100010
00111101001101011110000011101000
00111010101110001000001001000000
10111101100111001001110011001001
00111011100001000001110100011100
10111100000011110110111011100011
10111100001111000111100111111000
00111100011010111011110000000111
00111101010101110000010100000111
00111100110111001101111000100000
00111101011010011100101110111011
00111100000010001101010101101100
00111101000100011001111011101001
10111101010010001001011000000000
10111100100000011010101011011010
00111101001100100001110110011100
00111100110011000011100101000011
10111100110010000111010110101000
00111011111101001100101000110011
00111101000000101101010010001000
00111101000001000101110010101011
10111101100011000101010110000101
00111101100010110110011101011010
00111101101010010101100011000000
00111100110001100100000011010011
00111100100010101000010000100110
10111101100010000010100100100111
00111100110111000000011000100101
10111101000000111011010101100000
10111101011111001111110101101010
10111101100100111011110011010100
10111011101101101010001111001101
10111100010111100101111110001010
10111101100001011010011001101111
10111101010110100100010100010101
10111101010010010001001000010011
00111101000001001011111101001111
00111100000110000111111010001010
10111011000010000101111010110111
00111100100100100001011100111011
00111100101100010111011111101011
00111101000001100010001011100011
10111101001010010000011010110011
10111100111110101111000001000010
10111100111001010101111000011000
00111100000011000101011000110000
00111100010000000100100100111100
10111100000101011111001110010101
10111010100000100001110010111101
00111100110010011101000111101100
10111101011111010110101011001111
00111101000010111011011100011100
10111101000000001010110001110011
10111100101000101010011010011011
10111011101001101101001100100101
00111100101111111110010100100111
00111100100110010010100000100001
10111100010000100010000011111100
10111100011011111111000011100110
10111100010110010001010001100111
00111011000001010111100110010010
10111101010100011101101011010100
10111101001011001011101111101000
00111011111101001011001100011000
10111101001110111001111010001001
00111101001100100110111011001110
00111101000110110101100110100001
10111101000100100010110100011010
00111101011000000111110001110011
10111101000101000100110000100101
10111100101000110001000111010001
10111100101110001000010100000111
10111100000001010111101010111001
00111100100000110111111110010100
10111011011101111001101011110000
10111101100000011100111000110001
00111100100111011110111111111001
00111101001010101111100110010001
10111101100000001000001100110011
00111101010010000101001001001110
10111100101011100011101000001101
00111101011000101101100010111110
10111101010110111110011110110101
10111101101011100110000110011110
10111100001100110011100010111101
10111101110100101101000100010011
10111101011110101010110111001010
10111100100000011110111110010111
00111101100101101110111001101001
00111100101100010111101000010110
10111101101100000100100011001011
00111100100100100110010110000010
00111101101001111101000000101110
00111100100000100111110000100011
10111011111111100101110001000101
00111101010100111010000101011110
00111101101011100101000001011100
10111100110000101011100001000001
00111101011110001101100110110100
00111011001111111110110010010010
00111010111010001001010111010000
10111101001001100010011011010110
00111101000100010100100111000110
00111100101011010000010100111000
00111100000011100011001011110001
10111101010111010011011101001011
10111100110011110100110011100101
10111011110111110111010101001001
10111100101010010100010000101100
00111101000101111010101110110010
00111011110101100101011100100111
10111100100000111001011000110110
10111100010011000100000001010010
00111101000111110100010110111111
10111100110000110110100000111111
00111101001100110000110100100101
10111100000101011001111111100101
00111101001010000101110001011011
00111100110111110111000001111101
00111010111011100011001001000001
00111100111011101011101101000011
10111100110000000111111010110100
10111100110010010111110111101100
00111011101001111001101101101000
10111101011101011111111110011010
00111010110111100010101101110000
00111011100101010101011000001110
10111100000101111001100101100111
00111100010110100100001000110100
00111101001111101100100010010111
00111100010001100100011011101011
10111100100110110110001010000001
10111100100110100101100010110010
10111101000010111001010010100010
00111101000101010110011010010000
10111100100101111110101000011101
00111100011000001100101001100010
10111101010101101100001110010011
00111100100011100001000000000000
10111100101010110011100000111000
10111100100100001011000111101001
10111101001101000101100111100110
00111100000101001111010011101010
00111011110010011100111001001101
10111101000110100111001110000001
00111100001010110100010101010111
10111100111011111100000100101000
10111010100111110011000111011000
10111100100111111001110000011110
10111101001110001101011000010000
10111011101100010101010010111001
00111100101111100101100110101010
10111100001100100010000111000010
00111100111000000001110101101010
10111101000111101001011000101111
10111101100011000101111101110110
10111100001011000111110110000111
10111101010001011011010101001010
00111100111111101100110011110101
00111011110010110001101101110010
10111101010001011010010111100010
10111100011010010101010010000110
10111100111000111110101101100101
10111100101101011000111100000010
10111100100010111001101010101010
10111100101001111000101000011111
10111101000000011111001101101011
10111101010110011011000100001001
00111011111001110101101000010101
00111100100011110010110101100000
10111100010010001000001110110111
10111101000010010100001010100101
10111101001010011010101001101011
10111011101011010011010011110010
00111100110010010111000110011111
00111011100111100001100111001100
00111011000001011101110100111110
00111011110101001001011000011101
10111011001000110010011010100101
00111011101110011101000000110011
10111101000110001011010111001010
10111101001100010111101010011001
10111101001010000110001110001001
10111100010010011011010100111011
10111010001100101100011001101101
10111101010101100001100001101010
00111001001010111000101101010011
00111100000000011111010111110001
00111100110111001111111011000011
00111101010111100101111100000111
00111100111110010011011111000000
10111100100010110111111111110101
00111100101111000010111000011111
00111100101000011010001011010011
00111100001000111100101000100100
00111101000111011010010110111001
00111101010111010110110001000011
00111101100110111000011000011110
10111101001001000011011111011110
00111010101100010011011110010010
10111101010010110001101001100011
00111101010000001111010111101110
00111101110101000001001010010110
10111100010100110100100001001011
10111011110010110110101111010101
00111101000101101001010100101010
10111100111111100000011001100001
10111101100010011010100101110011
00111100010100100000100001011110
00111101001111011011111101110001
10111100101110001110010101000010
00111101001011011111000100111001
00111101101000010100110100000111
00111100111011001000010110101111
00111100010111011101000100101110
10111011110110111011101100001001
10111100101111100010010001100100
10111100101111110110001000101001
10111100110010111111011101010011
10111101011110011011011011001011
00111100010010011100011001011000
10111100010000011100101000100000
10111100100011101100111110110001
00111010101011110000001110110011
00111010011010010011001011100101
00111101000101000110010000111101
10111100111101011001000101011111
10111101000110101110011001000100
00111101000000100111100010011110
10111101010100111111110010000110
00111011100101010100011011010011
00111101000100101101101110100011
10111100001111100111100010000000
10111100110010000000010101011111
00111011101100000100100111010001
10111011100111010101100001011111
00111100100011100000110000111100
00111101001100000011111110111001
10111100100100001111110000011100
00111101001010011111010101010010
00111100010000001001011110011001
10111101011101001010110110111110
10111101010111010111110010011010
10111100110001011001010010110011
10111101011011001110010110110110
00111101001110100111011110111011
10111100110011100011100110010001
10111100000000001110100000001011
00111100100111011110111111110001
10111101011111110101101101011010
10111101010000101101011110000110
10111100100000010111101010011101
10111100111001101101001011011111
10111100100000110101001110001101
10111101011000001011001110001100
00111100001000111010011111011101
00111101101001101111101111011111
10111100111001000000110100101010
00111101001010100001010010011010
00111100100000110010100110101101
00111101001110110110110101000110
00111101010001100001111001001000
00111011111010001101110110100000
00111100111000111111010110110100
10111011110011010001110101100111
00111100100100110000001100001011
10111011010000001000111000110110
00111001011001100011110011111101
10111101010010011111011101111111
00111010110000011001101111111110
10111011101010110010101011101111
10111100110010101001000010110100
10111101100110010110011100001011
00111011101101100110110111111011
00111101000100010000100001110000
00111100111100110010000100111100
00111101010000101110001100110011
00111011110001011000110011000000
00111011111011001100110111011000
10111101010000010101110101111110
10111101000010011111111111110010
00111100100101110000101100000101
00111100100010100011101000111111
00111011100100110000110010111100
00111101011010110010011001101011
10111100000100110000100000110011
00111101001101110100010100101110
00111101100110010010110000011111
10111100100100101001100101001100
10111101101101111111110010001001
00111101011110101011011001010000
00111101000001101000001010011010
10111101010110110101110101110100
10111101000001100000110111110100
10111101000100001010110110010010
00111101000111000100011101100110
00111100111110000110001001110010
10111100101110101010101011001001
10111100001001001010100010000001
10111101011001111100110100101100
00111100100001111111100111111110
10111100110100101100111101111001
10111101000111111000100100000011
00111101010100101110111110101011
10111101001000000001110011110011
10111101101010001010101110110000
10111101010100101101110010101110
00111101001110001100001000001001
10111101000100101001100010110110
10111101001010111111101101010010
10111100111011110011011010001000
00111101000010100000011000100111
10111010110011110110101011010100
00111100111010101101101010000001
10111101000010111110010000100011
00111100100010000011111011001101
10111101100000101100110001100101
00111100111101000010010101100010
10111100111011001100001101000111
10111101100011001110000000110011
10111101000100000010001010110010
10111100010111001110010110111011
10111101001111100001010100011101
10111101001101100011011010001001
10111101100011010001011010010010
10111101011101110000010001000101
00111101000010100101011011000110
10111101001000100010100010010101
10111100100011110010100111101010
10111010111010110001010101000101
00111101100101100110100001111011
00111101000001011001101011100100
10111101000111100101011001100110
00111010110010100100111011010001
00111101000000111101111000001001
00111101000011110101011101010110
00111101000000100001111101100101
00111101100011110001100011001101
00111010110100000001110110100000
00111100101100010100001100110001
10111101001001001101100111000111
00111100111111101111111001111111
10111101011101000101110011000000
00111000101011010000111101100100
00111001010010110011010001011100
10111101001111001011101000001001
10111101010101001101011111111101
00111100010001011110100110011100
00111101000101010110111011011100
10111101000100110111000111101110
00111011110010101011011111101101
10111011110100111111100110001000
00111101100010100111110011110100
00111101101011000100011111001001
10111011110101100010010111110111
10111100110101010101110000101010
00111011100100110100001000111010
00111101010001011111000011101000
10111101000011000101010011111010
10111101001000110111000100001101
00111011100000101111100010000010
00111101000000101111010011000110
10111011111001111001110000010100
00111101001010101001101001011010
00111100000111010000001101011101
10111101000001110110101100000111
10111100001101111010011111010011
00111100001101011110100110000110
00111100100001101000001111111010
00111100001011000001100111111101
00111100110011111001001001101101
10111100101110001111111011100000
00111101100010001111100010111001
10111011010000101111010101010110
00111101001100100100001010101001
00111101000100011111011101011100
00111101000000010110001011110011
00111100100011110001101010100000
10111011010000100111011110101011
10111100110001001010001111011010
00111100011001110111101111111110
10111101010010110111111001001010
00111100011101001000111110100001
10111100101000101000111010100100
00111011100001101111011000010011
00111100111100011111101000000011
00111100110110100111000010100000
10111101010101010101111001111000
10111011010000101111011100110011
00111011100010011000100101101010
00111101010101110100100100110110
10111100010000101000000101011101
10111010001011111010001100010011
00111101000101110001110101101101
10111100010110100111110010000000
10111101000110111000010001000100
00111100110000011100000100000101
00111101001111000001010111101101
00111101000011010110111111000011
10111011101000101101110000100111
10111101110001100011111000011110
00111101000001110010110110100010
00111101010101101011010001111110
00111101011000001001101101010000
00111101100110001111100011000110
00111100111000000010101010101010
00111101000100000011000010110011
00111100001101011100000111100100
00111100011111000001001101110011
10111101011100111101111000000110
00111101000101100000000101001101
00111100011000010001010101101100
00111100101000111110101110011001
10111100001011011001001001100111
10111011111100101000111000101111
00111100100011000101010000111110
00111100000001011110110101110100
00111101100010011001100001001001
10111100110100011111010000010100
10111101001101110100111110010001
00111100001001000010111100111000
00111101010110010111000010011000
00111101001010100101111101010100
10111101001010100001100100010101
00111100110010111110011001100101
10111100010010110010001000010101
00111101001100101011101100101110
10111101010111001001011101100111
00111101000000000101110100011011
10111100110000110011010100001010
10111101010100100000101011100101
00111010100101111011001010101111
00111101001011101011111011110010
10111100011101101110111000011111
00111100010000111101111100101100
00111100100100100101011000000110
10111100110111111101011010111111
00111100001111101001111011100111
00111101001000011100001110011011
00111100100111001110010011101111
10111100010111010010110100010101
00111100101110011100110000001110
00111011101111011000011110000101
00111101001001101100001100001011
10111011000111011110100010111001
10111101010101000110000000011010
10111010110100000100011001110101
00111011000000000000000010010100
00111100111001011111011010100011
10111100111010110010110101110101
10111011101100010100101100111111
10111100000000101001100110111011
10111101100111110000011010000110
00111100101011011001000011100101
10111100100000000101100110111100
10111100111011001001100110000000
10111100100100011111111000100011
00111100111110111011011101110000
10111100110011100010110101001101
10111100001001100001000011000000
00111010110000111011101100110101
10111100110010011110110011111001
10111100001111111101110111101101
00111100010101110011110010110100
10111100101010111001001110011101
10111100100110111011010010010101
00111100110111010001011100001010
00111101000001111001010010000100
10111100110110100011011100000010
10111101000010010001110010011110
10111101001011011010010111010101
10111100011010101000111101010000
00111011111000111101001110101110
00111101001001001111110000001000
00111001001011110001000000001110
10111100110100100011011110011000
00111101000011110011111011010000
00111101110001010010110010101110
10111100101001011101110010001101
10111101011100110001011100110100
00111101001011100001100110100111
00111101100000101110011100111111
10111101010001010110111111000000
00111101001010110101011111111101
10111011001100101001110001000001
00111101010101111111000101111101
00111100101110010010111001100010
10111011000110100100100001001111
00111101010110110010010100101110
00111101110000001010001001000011
10111101101100111110101010001111
10111100101110001010011110010110
00111101011000101000100001001111
00111100101010101100110110110110
10111101000111010011100101110010
10111100011111001100101010110000
10111100110011111001010010001011
00111101010001100011111011011111
00111100110011110100110010101100
00111100011101111110011111001110
00111100100011111001010010010000
10111101100001111110001011000101
10111100111110001110111001100101
10111100011111100110110111111111
10111101000100101101010011000101
00111100001100010101111011001010
10111100111010100001111110011011
10111100101111100010101010001100
10111011010000001001000011110100
10111011111100110001011100000001
10111011010110100111110110000100
10111100101000011010000000100000
00111010100001100111011110011101
10111100100101000000100000111101
10111101100001010110001010000100
00111011101110010001110001101111
00111100010001101100001001111100
10111011110110011001101000111010
00111100011101111011000010011000
00111101010010010011111100100000
10111010010101011101011001100110
10111100000001010100010101001010
00111101001011011111101101110111
10111100001101111000101110100100
10111101010100010010011100100011
00111100101010000101010111110100
00111100111100110000001011010001
10111100110010010000101001111010
00111101100001101000101010110101
10111100100111010000100001100111
00111100010010101100000000001110
00111100011110111000010111100010
10111100011101010111001000101110
00111001111011111010010110011001
10111100101100011001110101011100
10111011011000111111100011010110
10111101011011100111100110000111
10111100101000100111111001100101
00111011100000000011101000110100
10111011000000010011011011011100
00111101001001010011111100110011
00111011101110111000000000001000
00111011100110010011011100101101
10111100101011111001011011000100
10111101010010010011110100110101
10111100010111001100000011111101
10111100100110100101100010011111
00111100000001111010111000111001
10111101010111110110101111000000
10111101001110001011001010110001
10111011110111001011101010001101
10111011100001011000011110111100
00111100101100100010000101101101
10111101110010101110010110111000
10111101001101111110100101000100
00111101010100101111100100110001
10111100100111010011000111011001
10111011110100001101100010101111
10111101011000110010011010000101
00111100010100101010000011111111
00111100001110010010100001011101
10111011001010111111101011110110
10111101100100101001011000100000
10111101001000011100100101000110
00111100001011001010001010001101
00111011111100111010001101111100
10111101000000100111010001100100
10111100110110011100110111011101
00111100111101000000100000110010
10111101001101000111000000100111
10111101000011100100011011011010
10111101000010111110010001011000
00111100000101110011001010111111
10111101010011110100101111011000
10111101110011000110001000101110
10111100001100010100110101101100
10111100010111111000010011000000
00111101010110001000000100111110
00111100100010100000111100000111
00111011000000001110111010100010
10111100110011000011010000001101
00111100011111001000011110010011
00111101011010110010110100101101
00111100101000001000010010111110
00111101001110010010110110011001
00111101001001110111110110111000
10111011000001110101110100101100
00111100110100101011100101110000
00111100111000100111100100110101
10111011001100000111100110100101
00111011101110110010000000111100
00111100101011100010100101010000
10111100010000101111011000110011
10111101011001111010110000001010
00111100100000101110000101000001
00111011011000001111111011100010
10111101001001101110110011000101
10111010101110101111001000010111
00111101011110011010011101100111
00111101000111111110100101101010
00111101001010001011101111011101
10111011111110010110100000100110
00111100000000000010110110000001
00111100111001010000110111101111
10111011100111110101010111101000
00111011011111110111010100001000
00111101001111010010111100101000
10111010001011100110100110010111
00111001111000100100111110101110
00111100100101110110001111101101
00111100111101000111110001110111
00111101000010000111001101011110
00111100100011110110011001011001
10111101010001010001011111000110
00111100100100110001010010111101
10111100100010111111001100110000
10111100101100111111101110000001
10111100110001110101101010011100
00111101000110011110011000011000
10111100100111111001101001010111
10111100110100010011100111101011
10111100000101100101100001011110
10111100011010011111000111101110
10111100101111001111101110000111
00111100001001010001101101100000
00111010010101100100001001010010
00111101011110101011101110100010
00111101010010111110000101011010
00111101001101101110010010000010
00111101010011110011010010110101
10111100001011101100010101011100
00111011000011100010000011011101
10111100101111011100011000100000
00111011100101101111001010100000
10111100101011001101001111010001
00111101001011100100110101011010
10111100110010000100111100101110
10111101100001001001100010001001
10111011100010000011000011011011
00111100110101010011000011110011
00111101001011111111001000011000
00111010011000100111100000110101
00111101010001101101010001000111
10111100111001010100110000001100
10111100010010011000011000101010
10111101010011100110110101010010
00111101011011100101011000000100
00111101100110000111110100000110
00111011000101010101011110000011
00111101010101001011010010101110
10111101001111101100010010010010
10111101011011111000000101111111
10111101100111110010001011100001
10111101010010101010010001110010
10111101011100111010000011100001
10111101010100011001000010001010
00111101100111010011110101111110
10111100100101000110011001010100
10111100111000001111110000000110
10111100101000011111001011100110
00111101101000101101010011110001
10111100101111111100101111001011
10111100110111000101010011111011
10111100110011110010000010110111
00111011100010100100110010111110
10111100100111000010110110101111
00111100011010101001010100110000
00111011110101001111010110100001
00111011110111010011111101101110
10111100111111011010011001011110
10111101100001011111110000010011
00111100110000000100101001101101
10111101100001001111110011100110
10111011100110001010001010111110
00111100101111000101111001001111
10111011111000010010101010000011
10111100011111101011000010010101
10111100100010110100001011011000
00111101001101011110111111111100
00111101000100010000101110001101
00111100100101111000001100001000
10111100101000111110001000001111
00111100111100111011101001111101
10111101001010100001000110011100
10111101011010110110110010101110
10111101010100101010011111110011
10111101001000101110010110101001
00111101000001110111011010101001
00111100000001100100111011111011
10111011111011100111111001011101
00111011111001111000111101101110
00111100110100010000100100011100
00111101001010000011100011000101
10111011010110000001011111010010
00111100001110010111011101101011
10111101001011011011100010110111
00111100000100100011000111000000
10111101001111101100110101011010
10111101011010001101110010100000
10111101000100001100000111110111
00111010111000110001010000000101
10111011101001101010100110000111
00111100000001000100011100111110
10111100011100011000101011101010
10111101011110011001011000111100
00111100111101100110000010001011
10111101000000010111000101100001
10111101100000000110101110011001
10111100001010101010111110100000
10111101010000101110011010011010
00111101001101110111101001100101
10111100011101001001011101001101
00111100000011100011100001011011
10111100101111101011011110111111
00111101001010100011110010001110
00111100110010110101110011011100
00111011001001111001100100100100
00111101011111111001011101001000
10111100000000001111001000010001
00111100001000010011110001001001
10111101001010111000001101011000
10111101010011111011110100111110
00111011101111010011001101100011
00111101011100101100100000111011
10111101110000111100011100000010
10111011110101000010000101111011
00111101001110101101001111101101
00111101000100111001100010001111
10111100110010001001111000001010
10111101111100101101010001111111
00111011010000101000100010001110
00111101100100011010101110001101
10111101100111110010110000101001
10111101000010110010001111101011
00111101011100101011111110100100
00111101100001111110100000111100
00111100111100011010010000101110
00111100011010101011100111111011
00111100010000100110010110101011
10111100111101001110010010000111
10111100101110000110111001110010
10111100100010011000010111101101
10111101000011101100000111101000
00111100101000011000100100011000
00111101000010111010011101111001
00111101000010111111000001000000
10111101010101010110101100010110
10111101010011001000010010010101
10111101000010001100010111001001
10111100111011111110010000010001
00111101010011001101001001110001
10111100111110010010110101010101
00111101001001001010111010110000
00111100110010111101001101111110
10111101100011110001010110111111
00111100110101001110101010001111
00111101010110100001010000000110
00111100100001110001100101010100
10111100100001101110011101011101
00111101001010110100000111110000
00111100100010100111111010001101
00111100101111110111111101000011
10111101010111110101100100111111
00111100111000101000010101100010
00111101010110001001001011111001
00111100010010100111101001111100
10111100111010111101110100011010
00111100001110110000100110110000
00111101000000010110000000100100
10111100110110000110000011000000
00111100111110110001010001100111
00111101001101101100010111000000
10111000100100001110111100001010
00111101000011000000110000000110
10111011011001111101100011101011
00111100100001100100011011110011
10111100110001110111011011111010
10111101011010111010001111000011
10111101100101111110111110000001
10111101100110100111011001011010
10111100101001011001110100110111
00111100101100100100011111111010
00111100111011010100000100110011
10111100001000011110010011100000
00111100110011110110101011100100
10111011100000010100101101010000
10111100100111100011011010011100
00111101010100010001010111000101
10111010100110101001011110001101
10111100100011100101010001000101
00111101010110110011000010101010
10111101011000011100000011001011
10111101011010001000101100110001
00111101011010101001011000001000
10111011111001101111101101100010
00111100111110101100011100001000
00111100000010111000111011010110
10111101011100101001100001111011
00111101011111011000100101101001
00111100011001001010110110000110
00111100001111100110001000001110
10111011110100111001010010011011
10111011110000100001111010111100
00111011000001001100010100010011
00111101011001000001111111010110
10111101010001000111111111111000
10111010110101000110101010000000
00111101010000010110110000001111
00111100010111011111011100001111
00111100010001100011101111001101
00111100100001101100000101100110
10111011000011111101011101111000
00111100010001001011010010100111
10111100111100111100100101010000
10111100111110011101111110011101
10111100001011111110010100110111
10111001110010000101011010101111
10111101000110010001100011011110
10111011010001111000100010011001
00111101001111010011001111101101
10111010101001000011010101101100
00111100010111010011000101011010
00111101010100111100101100111100
00111100111101111000110100111110
10111100100100100010100011111000
00111101001010010011001001101110
00111011110111010010011011000000
00111100101110010111010001001100
10111100101110000011101000000110
00111011100001000001010001000110
00111100011111110010101100100010
10111100011100001111100101111011
10111100100101101110000010100010
00111011000101111001110010000011
00111100101001010001111001010000
10111100111111100000101011010001
10111101001001011010000111001000
10111101001010000111000101000001
00111100000100011011010010111011
10111011000110111101110110011101
10111100100010101101110101001001
10111100010010000101000011001101
00111011100010010100100010010010
10111100010011110100110001111001
10111100111001001000101011000001
00111101000011110101000001110001
10111011101100100100100101110110
10111100100100010010000010011111
10111100110100111101010011110011
10111100110110011100011100101100
10111011011110010001010110010011
10111100001111111100011100011110
10111011101001010110100010011010
10111011110111110101000010010110
10111100100001011001010010110010
00111100010010110110101010010011
00111100111100010011110100000001
10111101000011010101100011101001
00111100011110100001100001111100
10111101001001110011011001011101
00111101011011100010000100000001
10111100100110101101110010000000
00111011010000001000001110010111
10111100010101110011110001101010
10111101001011110110001000011011
00111100010001000111111000100111
00111101000000100110101110000001
10111100101000101111010011110000
00111011110111010011110111001010
10111100011100000010111011111110
10111100101100110001001100100011
00111100110000001110100011010011
00111101001110011100101000111101
00111101011000010010001111111000
00111101001111000100111000100111
00111100110110110101110100100100
10111100011110111100111001001010
00111011101010110111110010101111
10111100000110101111100100111101
00111100111101111000000110110100
10111011010001100111011000001001
10111011010111110110010011010010
00111011110000111001110101010101
10111100101000101010000111001001
00111100011110100111110101010011
00111101001010100110001001101001
10111100101101110001010000010101
00111100011100010011100001110100
00111101100110011011010110010001
00111101010101101000000101000110
10111101011001010101100001011001
00111100100110011001111011001111
00111101000011000101001110100001
10111101100000011110001111001111
10111101010101100110001100110000
00111101010101100000000000110111
00111100100000011011000011100010
10111101000001000111110100001010
00111100011011101010101001000001
00111100110010010000010111110011
00111100010000110110100111100110
10111100101101011110001010010011
00111100100101101000010000101100
00111100111000001111100111010010
00111011101010011011010100111110
00111011001010110000110110000101
10111100111000111100100000001000
00111101001100011110010101101000
10111101001100101001101100001010
10111101000100101111011011000101
10111101010010100110000011111001
00111100100110000101100110101000
00111100000111011001000100101101
10111100111001111011110100001110
00111101000010101110011111001001
00111100011111011011000100011000
00111011111100001011110101111101
00111100111101010010110101100000
10111100010000011111001101110001
10111101010011010100011111110010
10111100101010011010110000011100
00111100111111010100100100001111
10111100101110101010111110000100
10111100101110000111111111001110
10111101010110101101001010101001
00111101000101100001100110011011
10111101000000110110000001101101
00111100001000010101001100010000
00111100100110100110000011101011
10111101100010010100011101101011
00111100110100001100111010001101
10111100011000011101001111001001
10111101100110100101011010010110
10111100101011000000010010010110
00111101000111011011100101010100
00111100000011010111010110101101
10111011010001101000100011001111
00111100110110111111000111110000
10111101000101011010111010100000
00111101010101100111000011011010
00111100101101100100101101110100
10111011110111110011110010011101
00111101011101110001110010000111
00111100001000001110110011001100
00111100010111011101011010010010
00111101001000110101101100010011
10111100101100101111000110110011
00111101011100101110010011100011
10111101010101101001110010000101
00111011100000100010100101010101
00111100000101100000011001000101
10111101010110110000101100111001
10111101000001100101100000000001
10111100000000100011111000011110
00111100111101101000101010001001
00111011011101111100010011111110
10111100011001011010011010101001
00111100000011011111101100001010
10111011101110011001101010111001
00111101010110001100101001011000
10111100001111000010101000000001
10111101001101010101110110111110
10111011110001100000001111111101
10111100110000111000000101101101
10111100100001110011110001000000
00111101000001101001001100010011
00111100011101010001101111000000
10111010100010111111010110101111
10111100101111010101100110001010
00111101000100010101110001101111
10111100101101011111010000111001
10111100011010000011001000001101
00111100101100001001110010100100
10111100111011001111110001000100
00111100100101111010001111100011
00111011101101111100100001101011
00111100101101000111010110001000
00111100000101101010000111100011
00111100000001010011000010001100
00111101001000000111001010111011
00111100000010100011010101101111
10111101100000001001010111111010
10111100010000111011000001000010
00111100101011011011101100000010
00111100110111110111011100010111
00111101000110110101110001011110
10111101000010001000000101111110
00111101011001111000111101101011
10111101000111011001100101100010
00111011001100100110100101111011
10111100100011010000011111100110
10111100010011110011001001010111
00111101000000011100001010101100
00111100100110101100111000010101
10111011100010000111010100101011
00111100011101010111011101011000
00111100110111000011111100010110
00111100101111100000001110010100
10111100110010001001110101101010
00111101011101110111111100011100
10111101011110110011011011100101
00111100100010011111100111010101
00111100110001101100001010110011
00111100100101000101000111111101
00111100001101111001000110001101
10111011001111001000010010101011
00111100101010100011110010011011
10111101101111110110011011001111
00111011000001100000000101101010
00111011000111000111000111101111
10111100001001010001101101010110
00111100011110000001100111010011
10111100000000110100101011010111
00111101010011100110111000100110
00111101000001000000111111000110
10111100111100111101000101100111
00111100011000010111100001110000
10111101000001110010010001100111
10111100011100110010001110100011
10111100111010110110101011011000
10111100110001000011100110011011
10111101010010010010001110111111
10111101000111011110010001111000
00111011101111101010100000101110
10111011000001110010111010001010
00111100100010010101100010011101
00111100101111110011000000011000
10111100101110110010000110011111
00111101000101111000111011011011
00111100100010000110100101100111
10111100111111101010100011111111
00111100100100010101100001111000
10111100010010010010011000101110
10111101010010010011011011111000
10111101001000110101011100100111
00111100111111100001010010011101
10111100001101110000101011101110
10111101000011111100101000101111
10111100100101101001011010110010
10111100110110001001010101001011
10111100110110010100011011010010
10111100110000111100001100010100
00111101010111010110010100111001
00111101111010010000111011010111
10111100111010010111100110111000
00111101100010000111010111000101
00111101111101011010110001000001
00111101100000110100100000110000
10111011110100111010101101110110
00111011101100101101001000100000
00111100111010111110000011010000
00111100110101111010010010110101
10111101000101001101111000001001
10111100100001001001001010111011
10111101000100100100101000110101
10111101101010110111001011111111
10111101100001001111010000011101
00111101101000001001000110110000
10111101000111110011101110111100
00111011111100000100000100010110
00111100001001010001100101011101
00111101001011111111100001100000
00111101010011110110010001001010
10111100111001001010011100000011
00111010100101101100011010111100
10111101001000101100010101011111
10111101001110111100010001101000
10111010100100100111010001011001
10111011111000011111111101100110
00111100011101110010010011101000
10111100111101001001110011011000
00111100000010011111110100000000
00111101000000110111101101100111
10111011000011011111000010111011
00111101001000001000110011100111
10111100011101000001011001101110
10111010110000110000101111001001
10111101000100100101101000001011
00111100101011111110111001000001
00111100111111110100100100000111
10111101000010010011000000101110
10111100110101111101000001000000
00111100011000100101111101001011
10111100100011001110101000000011
10111100100100000111101111011101
00111100111100000010111011100011
00111100011000010110111100110110
10111011111101010100101010100010
10111101000101111000101101001001
10111101000111010011110100001000
00111100100100001011111011000110
00111101011000101010110001011011
00111100101100010001010111100101
00111101100001110010100110010111
00111100100110111010011001101011
00111011101101110100101000100110
10111100011001110101100001111011
00111011100000111111001100100010
00111101001000100111010111000101
10111100100010111110001100101001
10111101000000101000011010010001
10111100101000100000111001100111
00111100100101001111101110011011
10111011100000111100101001110100
00111100011000010110100001000101
00111101100001100101100111001000
10111101010111010000010110110001
00111100000101011100001010010110
00111101011110101010101000010111
00111100100010000001111001111111
10111011010110100110101100010010
00111100100100011011001101110011
00111100001000110010001110110010
00111101010010010001100111001100
00111100000001100111001111011000
10111101100000011101101101001010
00111100101000000001110101000010
10111011001100111111100111000010
10111100111101111101001100011011
10111100001000100000001000010010
00111100111110110110011110101001
10111101100010001001111010110001
10111101001011100010001110100011
00111101000101010110100001011010
00111011111000000111010011100011
00111100111010000011010011001111
10111100000111010110010010010000
00111100100001001110111001000000
10111100110100010101000100001101
00111101000010000100111000101110
10111101010010000110000111100111
00111101100000001111010010101000
00111101000001000001110111001100
00111101000001100010010101010101
00111011000010000001101000011011
00111011101100010000101110001000
00111100110100101101000011100110
10111100010000101001010111011001
10111011101111111111011111001101
00111101011001110010011110010011
00111101000001000001100010110111
00111100011100100111010010011111
10111100011100101100101111101000
10111100010100000001110001111001
00111100101011011111110111110011
10111100111010111110111110001011
00111010101010110101010111111100
10111101010110100101110100110100
10111101001010100100110111100001
00111100100111000100111111110000
10111011111010011101000100110110
00111010100101001100000100001111
10111101000010010110100111000111
00111100100001001101101101001101
10111001010101000111110100101101
10111100010111111111000000111110
10111011000100010100100110001101
00111100011000010110110101000001
00111100000000111000011110011100
00111101010110000111010011011110
00111101001100011011100000001011
00111100010111001011001110100010
10111100110110111011101010001000
10111101011011100110111100111111
00111101100000101000110110111101
10111101111000001110000001110000
10111101100100010011111100000001
10111101000000100010101101011111
10111100110001001101001001110100
10111101110001001000100010100011
00111101000011000010111101001101
00111100110101010000110100010010
10111101100101011111101100100000
10111100101110010001010010111110
00111101111001000001100011110100
10111011111100000001011000100000
10111100010000010111001000000011
10111101011001111111010000000100
00111101000111000110101011001111
00111101010111111001110101100100
10111101000110001010010100010010
00111010001110011001001110010000
00111011100111111100000100010011
10111101000011101100110011110101
10111101001101011001101101101101
00111011101110110011110100100111
00111100011011110001011100110101
10111100110100111011110100000010
00111100111100010000001011011101
10111101000100110011000100011111
00111100011000101010001110111011
00111100101011001010001110010100
10111100000111011010000000011000
10111100111001011011110100011001
10111100011001111011111001110110
00111100110001001001111100001111
00111100100010001011010101011010
10111100101001010000011010111001
00111100001010000100101010111000
00111100101011110101100010111011
10111100101001001111001100000000
00111101010000100000101011111110
10111100110011000010010011000001
10111100001101011001000010101100
00111100010000111111011010001110
00111100000010100110011001000010
10111101110100011101100101011001
00111101000101110101110101001011
00111011110110100100011101011111
10111101011100010100110111101110
10111100101000110100110101001101
00111101010100110100010010101001
10111101110001101010001110011000
10111011011010111000101101000100
10111011101110001101000000110010
00111101010110110000100101011100
00111100111100111101101111100100
10111100010100110100100111000000
00111100010111111100110100101001
00111100101111111000100110100010
10111100010101111110001111011000
00111010111110001111011010110101
10111101100100100001010110100010
00111101011100111110111111101100
00111101000111110101001010111111
10111010110111100001011001000001
10111101000011001001010010000001
00111100000110001001001000101000
00111100001001010001110001100100
10111101001001100010101011010111
10111011100111111100001010001101
10111100011010110111011111100111
10111101010011000000110110111001
00111100101001111110100001101100
10111100010110110111001000110111
10111100111111011011000110100100
00111100100101011000101000011110
00111100001101101111110111100001
00111100110010101010000011011001
00111011100111111110011110010100
10111100111101011100010111000011
00111101001110111011111001010000
10111101001010111010011001010010
00111100100111100111011101100010
00111001010010010010100011111010
10111100101011100011110101100010
10111101101011000110001001110000
10111100010001000001010101001000
00111101010010000110000101100100
00111101001000000010100100111011
10111100011011100000111111111000
00111101011101101110110110000000
00111100001101011111110001010101
00111011110101111001111000100111
10111100001110111001110100100100
10111101111011101101001000101001
10111101010110110110110010101111
10111100100000110000010101101001
10111100101110011110011100010111
10111100111101101110100110100100
10111100111100100101111011001011
00111101011011011100011101110011
00111100001111010001010111011010
00111101001100101001101111011101
00111100001001000010000000001001
10111101001001101101011011110000
10111001000011100010110100111100
10111011100100000101000001110101
10111101010000101010110110110010
10111100110000010011101100100010
00111100110001010000111111000011
10111011100001100000111111000000
10111101001010001011110001101011
00111010100001011011111010011110
00111101000111101101100011001011
00111101101000110100100110011110
00111101010001011011010110100000
10111100100100101001011111010010
00111100110111011100000010011101
10111011011001100011100011100010
10111100111010000101110110001001
10111101100111011010001001001001
10111101000011101101101110000110
10111101000011101010110111111001
10111101100101001010100110101000
00111101001010110010010001110010
10111101101100010000101000100000
10111101100010011000000110111110
00111010000111111101110000110001
10111100100000011100101101010100
00111100111100001011010011000111
00111100000101111111010110001001
00111100100000010101001011110010
00111101010100111100000000001110
10111100111100110110110110010111
10111100000001011111000011000110
10111100110000110100110010000100
10111100001100101110110000110101
10111011001101010100011101010100
10111100101111000111011101110111
10111100100111101110101011111000
10111101001111100100101111011011
00111100101010010101100000000011
00111100011010101110110001101000
00111101001110001001010010010000
10111011100101000011100010110100
00111010110101010001100101100100
00111011110110001101110000000000
00111011101111111011010000110110
00111101010011001000100100010011
00111101010100010101010101011100
00111100000100010010010011011000
00111011111001110010110100110010
10111100011111100110000111111010
10111100110000000100010100111001
00111100101010011100001100010100
10111100001101000101111100110010
10111100010001100100011000000111
10111101101101101100010010110010
00111011111010111001100001110000
10111011011000111011100011000111
10111011100000011011000110101010
10111101000101000100000110111000
10111100111000101000110010101110
10111101001100010001011111111011
10111011110110001000110001110011
00111101000110011001001000101011
00111100110010110011101110001111
00111101100000001101111100000010
10111101000001001110101011100001
10111100110010100101000100011100
10111100110011111001011110110010
10111100010110001001010001110100
10111100010011010110010000111011
00111100101010001011110000000101
10111101100010110111101100110000
00111100011100101101101110010010
10111101100110001111010000011011
00111101110000001001101110100000
00111101100101110010110001100110
00111101101111001100001110001111
00111001010101010100101111000110
10111100011110011100101001011010
00111101010101001010100000010101
10111101000001110101101010001000
00111011110010111000110111100110
10111010110000110011001110010000
10111101000000100110100100011111
00111101000111010000111011010111
10111101000011111010001011101011
00111100100101011010101110111000
10111101100010011110111000100110
10111100111110100111100011000000
00111100100010001010000100111100
00111100000101001110011110011101
10111100011000010000100110010001
10111100100100100111011110011100
10111100101111000000010010111001
00111101000011100110100011111011
00111100110010001000111110101000
10111101010001000110011010011111
10111011011100010110111100000000
00111100010111100101111001010100
00111100011101000001100000111010
10111011111111110001001100110010
10111100101000001110110101010110
00111100001000001110101100110001
10111101010010011110110100010010
00111101000010010011110001001100
10111011010111000111111101000000
00111101010111110100101001110111
10111100100111110001110100110101
00111100001101010110011010101100
00111100100010101011111110111010
00111100011010101011101011011000
00111011100011111111011010011011
10111100111101100001111101001011
10111011101011100101110100000100
10111100111001001101110111110111
10111101011110011100000100010001
00111011110000100111111010010010
10111101001010011011010000000011
10111100000001111100011100101101
10111011000010011001011100001110
10111001100111101111011110010110
10111101100000110001011010011000
00111100110010010101100010110001
10111101001100001001001001001100
00111100101011110111110100110110
00111100011010001011010101101010
10111100111001011111111010001110
10111100001100010101000010111010
00111101011100001000100111101001
00111101100100101101001001000001
00111100010100110111100111100101
10111100000111111010000000111101
00111101011100001000000010011000
10111101100101010111000100101111
10111100001000000101111011110110
00111011111001011101001001000011
10111101001111011111010011010110
00111100101110111010110000111111
10111101100111011011101010011001
10111101100110001100101110011111
10111101100011110101100101001101
10111101011010010000101000111101
00111100100001000000010010110111
00111100010011100110101001011001
10111100101111000000100010110011
00111101001101010100000001110001
00111100100101101010011010101000
10111011000101001111100000110110
10111100100000110010001100100010
10111100100101100011001110100110
00111100110111111100100101011000
00111100011100101110110001000001
00111100100101110001110100100000
10111101010101010010000010111010
10111101000011000001101100100110
10111100101100001111011010000100
10111101001001001101101000100011
00111101001111110100101001001010
10111100001000100111111011100010
10111101011010101000011011011110
10111101100010000101001111001110
10111100111001011100100001010100
00111100010011001110010011101110
10111101010100001001011101100110
00111100111000111110011011010011
10111010001010010011110010000011
10111100010010000011111111111000
00111100101001111110100110111000
00111101000110111100110100001001
00111100101111101101001110010001
00111011100111111011101001111000
00111100110100111100011001000011
10111100100101100110101001110000
00111101000011001110000010111110
00111101100011110101011101000111
00111101000101100000101011100111
10111100101011111000110000100000
10111101001001011000010110100000
10111101100011111000101111101001
00111100010000010001101000001001
10111101110000100101000100001000
10111101010100000011001110000111
00111100001001001010111011101111
10111100110001101111111000001101
10111101000101100010111100001110
10111101100001001101010111001001
10111100011110001010010010011111
10111100001100101001001001100001
00111100010111101000000011001111
00111101011000010111100010000100
10111100001100001001111100110101
00111100101101011010100111010001
10111100111000101101000111010110
10111011001000100000101101011000
10111100101000101111111110111000
10111101011001001100111000011000
10111101010001101010100010010101
00111101101110100100010101101010
10111100111011110011001000010111
10111011110100010110111110010010
00111101100100110001010100010001
10111101100000111111001101011111
10111101100111011111001010000100
10111100010001010110000111011101
00111101110000101101010001100001
00111101001010100000010111001110
00111011011100010010000100110100
10111100111001000100001101000100
00111101010101101000100101100100
10111100101010110101010100101010
10111011100011001010011001001011
10111100101111011100000110110001
10111100111100011100111011011101
00111100001110001111011111010110
00111100001111001010010100000101
00111010100010010010001000010111
10111101010100001001010100011010
00111100100011111101100100111011
00111100100011110010011111010111
00111011000100111101101101000000
10111101000010000100001100100101
00111101000101001001110011111000
10111100101110000101111101010101
00111100110010110010110111110111
10111100110100000101101011001101
10111100100001111011101101001001
10111101011000010111011101110100
10111101000001111000010110110010
10111100101001011011011100010010
00111011111011111001110010100010
10111100000100011000011010110000
10111101010100011100110100100011
10111101001000010101101101111011
10111100000100101101001110011110
00111100011011110011010101111010
00111101000001010010110001011100
10111100001110010010110010100000
00111101101001011001101111000110
10111100100100011011010101100011
00111101010010110011110011100100
10111011111000101010101000000001
00111100001010101110100011011101
10111101000110000100100100110001
10111100101001101000010111011111
10111011110010010110110100111101
00111100110111011101100111011111
00111100110011011101011110001010
10111100101010010101100010010100
10111101000010110111001010001111
00111101010010101111110000000010
10111101000101001101100001011110
00111100011011010100100101010000
10111100011010111010011010110111
10111011111100100101100000101101
00111011111111100011010010010111
10111101010100110010110011111101
00111011101011010100101010010101
00111011010101011101011000010110
10111100111000100001100011010100
00111101001001010011000110001110
00111100100010000010001010010000
10111101000001111010110000000110
00111100000001010101101111111000
00111100101001110100000001010101
10111010100010111000010110000100
10111100111010110110011001000111
10111011000100000100010010101101
10111101100110111011100010001001
00111100111000001010000001101101
00111101011100010010011111100000
10111101011111000110010111011101
10111101011111101010001101111100
00111100011010000011101011000001
00111101100101110101100001011010
00111011111000011011010111001100
00111011110001110101100101100001
10111100101111001111010100100000
00111100111011111100111010011111
10111100110100101001100110001000
10111101011111100100010111110010
10111101001011110010010011001000
10111100111100111100110011101111
00111011101011011010010011111101
00111101011101000110101110000111
00111101010110011010001101101000
10111100100101101001001101111011
00111100011100010111101011101011
00111010011010011110110001010110
10111001111101101100100010110100
00111101001001111000000010010011
10111010001100010010100110101100
10111101001010010010001111011011
10111100110111000101001010000111
00111101100001011010101101100011
10111101111001001000010100010111
00111100101100001111000101111010
00111101000101011101111110010101
00111100101110011111100111001010
10111100010110011110100100010011
00111101101100111100100110011110
00111101011100100011111011111110
00111100011000000011010111000011
00111100100110010010100100001001
00111001010100100110101111110101
00111101011001100011011011011110
10111101001110001011011010001101
10111010100001011011010000000011
00111101010010010011111101011001
10111100001001110000110111111011
10111100100110010001010111110011
00111011101100111001100000111111
10111100101000000111110110010110
10111100110100010101111110011010
10111101001101010001110001110100
10111101000000011111110111101110
10111100101110000001011010011110
00111101000100100000101010000110
00111010001111011000100100010101
10111101000110000100001000010110
10111101101011010111001101110110
10111101010000010011111100110110
00111100110010110101001100000000
10111011111001100101100011001111
10111101001110011011111010100111
00111100110000010101010010001111
00111100100100001000100101111001
00111101101000000100010111000110
00111100100011110010001010110011
10111100010110100101001000001111
10111100101000001101110001000010
10111100001010111101010010111110
10111011110111110001001101000111
00111100100111100101101001100001
00111101011101001111110100110101
00111100101001111011010011011111
00111101001000000110001001101001
00111100111011011001101100011001
10111100100111100101100011100111
10111100101100011101101100111101
00111100111110101010011001011010
10111100110010000101101010001111
00111011000100111001010110000010
00111101000010001111101111011000
10111101011101110110111100001111
10111100110011010011110101111110
10111011100100100100100000101110
10111101011100010100010000000101
00111101001111101010000110101001
00111100101001110010001100100101
00111101000010101011001000101000
00111011000011111010111100000010
00111100001010011100010001100101
00111100101010101111101111000000
00111101001000101010010101110100
00111101001000010111111101010101
00111100010011011110010000011111
10111100100011101000101111101011
10111100010000000000111101000000
00111100100110010100101110001000
00111101010010111001000101100110
10111100011110011111000001110111
10111100110001111111010110010010
10111100101000001010101001110101
00111010111110110000111110100010
00111101011101100011101011101101
00111100000100000110000011111100
10111101000010011010101011110000
10111100111101100011100000111101
00111101001011111100100111000101
10111100101000000001000101011100
00111100101110011011010000110000
00111011110000101011111111010010
10111100101001110011000110010010
10111100011100011000001111001011
00111100110110101100001101100000
10111100001111001010110010101111
10111100100101101001100111100111
10111011101111110001001110110110
00111011111100010110000100011111
10111101000111000100100101110010
00111100110010000111001100111101
00111100111000101100111001010110
10111100110000000010100111100010
10111100111101001110110111010110
00111100101000101000110110000110
00111101000110011100000010101010
10111101011010011100101100100000
00111100001000011011111100000110
00111101001110001100100001110010
00111101001101010101111011011111
10111101000100111111010001000111
10111100001011101010001101100100
00111101011000011011011011111000
00110110000111011101101111010000
10111101000000101000000010110000
10111101000100001010111000010100
00111100100000111110101010100010
10111100101111010000110110010101
10111100001110111011101010110100
10111100001001111101110100000101
10111011010100110110000001011010
10111100110111000111100111111100
00111101000001000100100011110101
10111101010011101111111010010111
00111011100010011010010000010010
00111101100101101110001110101001
00111011110000000101010110001000
10111011110101011011101111001101
10111100111110000011100000001101
00111100011101101011010101011001
10111100011011110100011011110010
00111100000101100101110010111001
10111100011001110000111001101001
10111101001011011111000010011011
10111101001000101111100110001011
10111101010000111001111110011011
00111101001100010001100011010101
10111101100001000011011010010111
10111100001011001001110001111011
10111100111010110111000101101010
10111100110011100110000101011010
10111101010110110110010000111111
10111010010111101111000011010000
00111101111110110111100100000111
00111011110100111101101010101000
00111100001110100100111001101010
00111100101100010111000011000000
00111101010000011101100110111101
00111101100111110110011000100100
00111100110010001101001101110001
10111100000101010110111110100100
10111101000000010111000010110000
00111100111101111111110100010111
10111100001010011101100001010101
00111100110111001101101001111101
