00111101000001100100001111010001
10111100111011110000100001000010
10111101000011011101011001011111
10111101101011101110110000000010
00111101001111001101001011100110
00111101011011011100111101000001
00111011111011010011010010000001
00111101000101101110111101111000
10111011100011111011001010011100
00111011101010111111010111100101
00111100011000011010111000111100
00111010100111101100000100111111
10111101010010010001110111010101
10111100000001011101100101011001
10111100100101101011001100111111
10111100101101110000101000010001
10111100101101011011111100111011
00111101001010010011001110101001
10111011110111000100111111101010
00111100001100100101010011100011
10111100111001011110101001100101
10111100101110111101100010100100
10111100011010111111100111010101
10111100100011000010100000010111
10111011001101110101000111100000
10111100010110010111011011001001
10111011001001111011110000101011
00111100001111011000001001001010
10111011101000000100010001110100
10111011100101101110111110111001
10111101010001001001110000011110
00111011001001000001110101100110
10111101010110100011111111111001
10111011011001111010111110011110
10111101011000101010001000001011
00111100110010100101110111111001
10111100100001000111011001101011
00111100100000010110011010011110
00111101010100001001001010011010
10111101011001101010100111111000
00111100100001011000000000001000
10111011110111011010010010111110
00111101001000111011100000110001
00111011001011011111001101110111
00111010101110011010101011100001
10111101001010111010010101110110
10111101010100100000111010001110
00111100101101011111001011011010
10111100100100101001010100000011
10111100000101011111010111010100
10111100101010101100001100111000
10111101100011001101101000000001
00111001100010000110101110000010
10111101010000011010101010110101
10111101000100101111010010100110
10111101011000000101101010111111
00111100100011001101111111000111
00111100101100100100110010110100
00111101000001111001001111100010
10111100111101011111010111001011
10111100101101011101111001011110
00111010010001111111001101101001
10111100100100000011101010111110
10111101000000110011001011100110
00111100110000000001010011000101
00111100110011110001011111010000
10111100111011110101001011100001
10111101000001111011000001011000
00111011101101011101100110111111
10111101100101001110001111110000
00111101000001100011010111101111
00111011111111010111111011000011
00111101000011001100101101011111
10111011010001011100100000100000
00111101010001000011101101110011
00111100111111111110111101010111
00111101100111010001000111000101
00111100111011111111011000111010
10111100101100100110111011101100
00111101010000000001001011001010
10111101010000110000011010100100
00111101001010010010011000111100
00111100101110110011010111110100
00111100110000000111101010000000
10111101001001000101110111111111
00111101000001110110011101110011
00111011100110100101010011000100
10111101101011100101011010001010
10111101101001100011100000001011
10111101111011001101100010001001
10111100011100010000111001111110
10111101010010001100110001010110
10111101001111010110101011100001
10111100100111010111100111000001
00111011100101001110110110011000
10111100001001100000011110100101
00111100011000111100110100010001
10111101000010110001100000100111
10111011110010010011101011011010
10111010110011000011101110111100
10111100111101011001110001000101
10111100000000000101010000101111
10111100010010101010101011100000
00111100110000010010001010100001
00111101000110100001010100000100
00111100111000111110000111100010
10111011010011101000010100111000
00111101100101111110000101101000
00111100010010011011101100001110
00111100001110010110100000010111
00111100001011100101111001001110
10111101011110100111011110000110
00111101000111111011011011011011
00111100110000100001000111110000
00111100010100110101101011011100
10111101000111100001101110100100
10111100010001111100001111001111
10111100110111000011110101110111
10111110000100010101001110100110
10111101100001111101010111100010
10111101011001011011110001111100
10111101000101000001111001111110
10111101101010000100111011101101
10111101001111100100011010010011
00111101000011010000101000011010
10111101100110110101111001000011
00111001000010010010010100110010
10111101001111000101100000001010
10111101100101011111100101110001
10111100100100010011001011001001
10111101000000001010010010010110
10111101000001101111001011000100
10111101000001110011001100001000
00111011001000100010010000100101
10111101011010110011010000001001
10111100001100001000110011010110
00111100000011011111110111111100
00111100111000011000101111011111
00111100110110101010101100101001
00111100101000111001000101101100
00111011111001011001111101000000
10111100010001000100100011011100
00111100001110101010010011010001
10111101100000101101001001000110
00111101000011111011001100100011
10111101001110010010011010001010
10111100001010001111110100100101
10111100001000011111110100100000
10111100100011111101000101010000
10111100000111100011101011111111
10111101001101111111111101000111
10111100111010000111011010100000
10111100101010000110011001000011
10111101001110111011100011101001
00111100011111000111001110000111
00111101011101100111110100000100
10111100111101000010001000101101
00111100011100001010111100000100
00111100100101000111100100000111
10111100010101111010100010101110
10111101000001001011010110010111
10111100001010001001011111001011
00111100101100101100110100000101
00111101011001000001111010101000
10111101011111010111110011010001
10111100100110110010100110111010
00111100111011001111100000100111
10111100111010000100010111111101
10111100110000001010110000000111
10111101000111100110011111010001
00111100110100010011101101010110
00111101011111110110111011110101
00111101011011100000010111101001
00111101001100110001011011100011
10111101100011011010011000011011
00111100100000001110001000110010
00111100001111000000110000010100
10111101010100010010100010000010
00111011011010010000000110000111
10111011001101001110110101001010
00111100100010000111011010011101
10111101010110100001011100001100
10111101011101011101011001001000
10111100111010011110000110001011
00111011110111011011000110001001
10111100101010100001011000010111
10111101001001001010011100100111
10111100101001101010000011100111
00111100101101100010101110111000
00111100010010101011111110101000
00111100000010010001011111000111
10111100110000001110010011111001
00111100100010101100000010001111
10111101000010000111001101101111
10111100110111101110101110100011
10111101100000010100100001101101
00111100101100011100100001100100
10111100000011000110111111111110
00111101010001110111111110011111
00111100110100101111011000010110
10111100100101110100100000110011
00111100000011010111011010100110
00111101001100111010110001100111
10111100011101101011010110010101
10111100100010100100011001010010
00111010100000111100111100100011
10111101010011010101101111111110
00111011011011011101100011101100
10111101001100001011000000110111
10111101010111010000111011100110
00111101011011010011001111011011
00111101100011110101011100111110
00111100110011110010011011101111
10111010100101101010101111011010
00111011010100100001000110010111
00111100000110000010101100010111
00111100011010011010100100101000
10111101001100010110100110111111
10111101001000011011000110001000
10111101100001100010100101011101
00111100101010011001001001000010
00111011110001010101101001111111
00111101000010001011111001110010
00111100011010010001110100100110
00111011111101011111101100000110
10111100110011000001101011001000
00111101001101011010000110001010
10111100000001110001001111101011
10111100110000110000010010110011
10111100000001001111010010100010
10111101011010111111110101000101
00111011010100100001100111110100
10111100110110110000101110111111
00111011101100110111011100111010
00111010011111011001001001011011
00111101101110100111111001010011
10111100100101000000001111011010
00111101001011100111000101101111
00111100110001101110110110000010
00111100111110111100101101010000
10111100010110001010110000001010
00111100110110010000011101000010
10111101010101110101101100001000
10111100101010010011110110011111
00111011111000010100111100010101
00111101001100111110011011010100
10111100101000101110010011101011
10111100101111001110101101011110
00111100101011100011100001100001
00111101000110111111000110010100
00111100010011100101001110010101
10111100110000100011111011011101
00111011111101111111011101110011
10111100000111011001100010101011
00111101001110001001110011011111
00111011100000100001010010100010
10111101011111110011101010100100
00111101001011001110010010010110
10111100011110110001000111111001
00111011111100001110111010000110
10111101000101110110111101111111
10111101000100101010111011000001
10111101000100110011111100110101
10111101010011010111111100111100
00111101000000001001111100000110
10111011001010010001101001011111
00111101000101100111101110111010
00111101100001111001111101110000
00111101001010010010010000001110
10111011110110100101011110010111
00111100110010111110110001001100
10111101010111100001111010101000
00111100111101101101001011010011
10111100111100100101110101111001
10111100100100001011010011100000
00111100011011110100011011100010
10111101010010001100001101000111
00111100100110000100000010010011
10111100111111010010011100010111
00111100010011101110001000100100
10111101010001101011111100011110
10111101100000110001000010010101
00111100111101001000111110101111
10111101011011101110011110101100
10111101000111110111111101100011
00111100101010010100100011111001
10111100110100101100010010100001
10111101001110111001011111010001
00111100010110110110111010010010
10111011011010001000101001011100
10111101011100110101101101101100
10111100010111000111101101110111
10111101000011000001011100111110
10111100010101101000011010101100
10111100001010101010011101000010
10111100001011010010010100001111
00111011110001010001000100101000
00111100110101101010101111111011
00111011010000011010110101110001
00111101000001101001100100101100
10111100110010101000010010011100
00111101100000011011110110011011
00111100111110001101101001000000
10111101010111010111011001110100
10111100000000011101111011010010
00111101010101010001000111110010
00111010010101101010110011111101
10111101000010111000010101011101
10111100001000101011110001010000
00111101101010111101010100101011
00111101100000110000010111000110
10111100100000010101110001111001
00111101100000001011011101101001
00111101100000101101001110100100
00111100000000010100101111101000
00111011000010011011010001001111
00111100100010011000101000100100
10111011100101111100010110001111
00111100000111010000001100011101
10111011110010100001000011010110
10111101000100111101111111100100
00111100001010100011101111010010
10111100101110011100111111110001
10111100101000110011001111100101
00111100010001011110101110101111
10111011100110101011001001001011
10111100111011101110011001111110
00111011100101110001000101000111
00111100110100100100110101011110
10111100100001000100100111101010
00111011100111010001111000011111
10111101000110001011100100101100
10111011100010111001010111101101
10111101001001011010101010000001
10111100111000010110111101111001
00111101011000111101110000111100
10111100101000101011111110110101
00111100001010111110001011000001
00111100110011111000010101100000
00111100111111110110001100110101
00111101100100101000001100110001
00111100100001011000001011011101
00111101100001101001110011110000
00111101001000101011100000011101
00111101000010011111011110000001
00111101100000101010000110100100
00111101001001011110011110100101
10111101010010000000000000100100
10111100100110011001001000001100
10111101000100100110110011001001
10111101001000010000100010111010
00111101010010110111011000010011
10111100111010110001011011101110
00111100001100010100010101100111
10111100101100011110000010011001
00111101000100110111001111101011
10111101010111111111001111000000
00111010101001110110011011100011
10111101010101000111111110010110
00111011100100001011100000001110
00111011000110101110000001001000
00111011011011010001101000001100
10111101100110101110100111111111
00111100001110001101110011110101
10111100001010110111011011001000
00111101000110000010001100100100
10111101001110000011110111001010
10111101000011100101101110000010
10111101000001111101110110111100
10111100100000011110100110001101
10111101010000011101100101111101
00111101010001101000110101111011
00111101010010001100100000100010
10111101010001110010100011110101
10111101000110100101000111100000
00111100100001000111010011000010
00111100010110001100110111110111
00111100101010000100111011111111
00111101010100100100100010000110
10111100000000101001111111111000
10111101010010101010001000011100
00111011100011001011100010011001
10111100100011011100101011010011
10111011101011000100110010110110
10111101100000000101101111001001
10111101000010010011110100000010
10111100000001000011011001110100
00111100100010110111101011001100
10111101100111000000101000011011
00111100011010111101000111111111
00111101000010110000001111100001
10111101000100111101100100100010
00111100001110101111011110011111
00111010011110110000000101011000
10111011010001001000110111100101
00111011110111011011010001000010
00111101101011100100110101000101
10111101001100010110011011111001
10111101010000001000011101101111
10111011101010000101101111010000
10111101001110000111000100111100
00111110000001110100111001000100
10111101100000011111011111011101
00111011100101101001010101000011
00111100110011100010111001110000
00111100101000001000110001010101
10111100000010110101100011011010
00111101000010000100000011010111
00111101000001111101011010101011
00111100001101011101111000011100
10111100111101000001100111001111
00111100011001010001100110100110
00111100100101010010111101011001
00111100111110111110010111101000
00111101010111010011101011100011
00111011100110010010100011101000
00111100110110110001001111010101
10111100100000111111101101111010
10111100101010100010011000010000
00111011111110101111000101100011
10111011100011010101111101110111
10111100100011110110011111111111
10111101001100000100101000111110
10111100110111000001110110110011
10111100100001110110101011001110
00111101000100010010111000101000
10111101000110010101101000011110
10111101010001010110010101001011
10111011100110111010000000110100
10111101000010010010000011000001
00111101010000101101001000011101
00111101011100101111011100101010
00111100001000100110000101001011
10111101001001001000010100100011
10111100011111010011010101110000
00111100010000001000010100011011
00111011000001101110001000000101
00111100101110100111110100100001
10111011100010000011010101111010
00111101001110100001011111110000
10111011110100101010110100010000
00111011000101010111101110111011
10111100101110111010000111110011
10111100100010010010111110111001
10111010111111001010010101011111
10111100110001111001000001100000
10111101011111100101100010100011
00111100001011111001000011011001
10111101010100010111100011100101
00111100011000011011101011100111
10111101010111000010101000110000
10111101100100011100101100111010
10111101000101001100000110110100
10111101010101100011010000000101
00111100011001001000100100101101
10111011100111101010111110001000
10111011100010011001011100100000
00111101000100000110110010101110
00111100001111111001110010111011
00111100101010111100001100000100
10111100110110101010111101001100
00111100100110010111100001011000
10111101010110101001000011110011
10111100011111110111110001011100
00111100101101000100110110101101
00111101010100000110000101100011
10111100110101001101011000100111
10111100110100010111111000010100
10111101010110100100010010001101
00111100101001010111110100101000
10111100000001011111111001111101
10111101001000101010110101111000
00111101010110101100110000100000
10111100101101001010010111111001
10111011001111100100000010000101
00111100110110111001100111101011
10111100110010000100001110101011
10111100100111111010000110001011
10111100111001110000110010101000
00111101000001011101110111010111
10111100110011110101111011011101
10111101010000010011110101111111
00111100100010001100101110110110
00111101011110111001010101100111
10111101000010100111110110000011
10111100010001011111010110000111
00111011010001100000111101111000
00111100101100100100000011111111
00111101000111110100110011010011
00111101010110000011000110011100
00111101000000000001001000100100
10111100101100011010011110110101
00111100000101001010011011011111
10111100101111011110111100000010
10111100100011010100111110111100
10111001000000111111111001101101
00111100111001100010010000111101
10111100100010000010110111000111
00111100110100110001011101000000
10111101000000010001010111010110
10111101000110110011000110101010
00111101011110101000111111110110
10111101001010011001001001111011
00111011001100010011011011001010
10111101100011010100111011011110
00111101100001000011101000111101
00111100110110010011110100110101
00111100100110100011111011101100
10111100100010000111111111100110
00111101100001001110010010100110
00111100110111011111110011111110
10111100001100110111001000001001
00111011010100101100000110110011
00111100000001100100101001001110
00111100100110100011111010011101
00111011000000100101100001110110
00111101000001101000110111001011
10111100000100110111111110001010
00111101100110101011100010111010
10111100001011001100110111001011
10111100111011001111111111110010
10111100100011111010011000010111
10111101100011011100000111000001
00111100011111110001010111111000
10111101000111010110001011101101
10111011010101111110010100000111
00111100000111110011101110110100
10111101000100000100001011110001
10111100010100011111111101110000
00111011001101111101111100001110
10111100100010010100011001111011
10111100001010111101010110010100
10111101000000110001101001001010
00111100001011100000101110111111
00111100001010110110001000101000
10111100110111111000010010100110
00111100100001001011001100100101
00111011111010100100101000110010
00111100001011101000110010111010
10111101001011111101000001010011
10111101001000000110010100100001
10111100000110101110011100101010
10111011110011010101100111011011
10111101010001110010000011101110
10111100000101010011110100110110
00111101001001100010100010010110
00111100000101001000010001000001
10111101011100111100001111111011
10111011110100001101000010000011
10111101001010111100001101101001
10111100001110011100101111010101
10111100111100110011011011000011
10111101000001100010100011100010
10111101101000101000101110000101
00111011000000101100010000101110
10111101001101011010011100100101
10111100111011110001001100101100
10111101100010110101110000000111
00111100110101010001011111110100
10111101101011011100100000111111
00111100100001110101101101101001
00111101011101100101010111110010
10111101011001110111000101000000
00111100011000001001101000110100
10111101000110110010000011011000
10111100101001000001101111011111
10111100111100010001100000101100
00111101010011101000010110110010
00111011110000100001010101011100
00111101011100101011111101100101
10111100110110110001011001011010
00111101010101010010111110101110
10111101000100100100101110001011
00111101011100001100010010101110
00111100110010111111001010001010
00111100111111110010001011011000
00111001001011100001100010111011
00111100101010011111001011010110
00111011001000100101011011111011
10111101101101000111001011000100
10111011101110011010101101000111
00111100101100111010101000101111
10111101000011011010010001100101
10111100101110110011011010000100
00111100000100111010001101000011
00111010010110001011010010010101
10111101000011001011000010110100
10111011100110011001100111001000
10111100100011010010111110111010
00111100101011000010011110101010
00111101011001000011001010001000
00111101010001010100100011101000
00111100000111110001100101010000
10111010001101110001110000000100
10111101011101110111101111111100
10111101001000101011001010101100
10111100110101001010110100110110
00111010100100111001001100101010
00111101000101001001101101011110
10111101011111101101100111010000
10111101010011010100101010000010
10111100100100100011111100010001
00111011011110000111000101110110
10111101100110010100000011111101
10111101111011111100111100000110
00111101010001111001101110011100
10111100101010101101011011111111
10111101100110101010000010010001
10111010011001101001010010001010
10111100110011110000011011001111
10111101101010011110111111010100
10111101111001110100101011010100
00111101100001101111001000010101
00111100110110100110010101010011
00111101000100011010001110011100
00111011100111111110000100111110
00111011111001110001011000010001
00111101100100000110110101110010
00111100101001110101011111101011
10111101000001100101001101101100
00111100100110110001010011101110
00111011110110010010111001011101
10111101010111000111010011100001
10111100111000101011100111000111
00111100101100001010100101000001
00111011011000011100010101001100
10111101001011001001001101010000
00111101010001011001011110000011
00111101010011001101000000110111
10111101000100011010001001111110
00111100101000010100010111111001
10111100011111110100000010100001
10111101010010001100101101010100
10111101010000001000110101000110
00111101010000111110000011111101
00111100010111100101100101111000
10111101000001100001011101101001
00111011100110001100000101000100
10111100101100011001100001000111
00111011101101010100110000011011
00111100110101011101110101101000
10111101101001000000101100010000
10111100100110010111111000111110
10111100110000110011110111011100
10111101000110000010000010001011
10111100110001100101110110001110
10111100001110110100010011110000
00111011011100001001110010011000
10111001101100111010010000101010
00111100100110110100100001100111
00111101000000000110111101011110
10111101011011111000111111100000
10111100110010110110000111101001
00111100100011110011101001001111
00111101000001111001011010110100
10111100111111101100011001000001
10111100011001010000100111001010
10111011010111111000111111001111
10111100000111100011010100111101
00111100000001010101000011011010
10111100100000011111110011111001
10111100101111000111010101000011
10111101010000010111011111000001
00111101000001010111100101001011
00111101001000111001111010000010
00111101000001111101111101011100
10111100100000111101010011100000
00111001100111001000111100011110
10111100101111000101011011101010
00111101001011100010011000100100
00111100101011010101111100000110
00111011100100010101101001111100
00111100110000001011111001011011
00111100100101110011000101101000
10111011110110011000110000000010
10111100001001001001010110111011
00111011111100000111101101000011
00111100101100011100010110011010
10111011001010010011111011101111
00111011110011100001111111110001
10111100010110111000100001010100
10111100000111110000011111011001
10111011101101000000100110000001
00111011110101110010000100000101
00111101011000001101011100001111
10111100010000011101001000010011
10111101001110011101010001111100
10111100101110111110110101100011
10111011111100110010110110110011
10111100010111011101100001010100
10111101010101110011000001000011
10111100101000001101110101000111
10111100100110101101100111101101
00111100101010010011011111110010
00111101001101000101101110001110
00111100001000101001001110111001
00111101100000001110001011010000
00111101101001111110101011111100
00111100000110110000100011001010
00111101100000101100111010100100
10111100100000101101100110110100
00111100110010100101111111101011
10111100010010110001111011101000
00111100100100111111011011111110
00111100010011101111001000111110
00111100101001001100011101001100
00111011110110111001001001011101
00111101001101010000010011000011
10111101100111010111010011011100
00111100101101100011010001000011
10111100100101101101110011001100
00111101010000011010000101001110
10111011100010111000101000011101
00111101011101010010010011011000
00111101000000110011111111111010
00111100001100001100100000111110
10111100100000110100101110000010
00111010111111000000001110011100
00111101010010011100110000110011
00111101000101101111010110001111
10111100111101100101000101011101
00111100111000101101101011110100
00111011111101101000110110100010
00111100110001010001111110110111
10111100101101100011001011001101
00111100001100101011110101000010
10111100110000000100100000101100
10111100110000100111110011101111
10111101100110110110101010000110
00111000100011000011110010011100
00111100001111011001111111000010
00111101100001101001100110001001
00111100001110101001000100100100
10111101011011100110111101110111
00111011110010100101101010100110
10111100110110001111000000000001
00111011100010000110100010111010
10111100001111101110101011000011
10111100011011011111100110001110
10111011001100000000010111011010
10111100000100100011101100101010
10111100100110001100101110000010
10111100111000011001000010001010
10111101000100101100010101000100
00111100011010011011001100110001
10111101000010110111010011011111
00111100111010001011101010111010
10111101000100111001110111010110
10111011100010100010001111111001
00111011110111101010010110110010
00111100011101001100000000110011
00111011100100101010000011100110
00111100011100011001110000001110
10111100001011100010111010111100
10111100101111011001010010010010
10111011100110100110001010010100
10111101000101110001100110011010
10111011011111001000000111001101
10111100001011010000000011100101
00111011000011011111101011110100
00111100111011100001000100000100
10111100100000000110110010010101
10111100110000000111111110101110
10111100001110001010001100001100
00111100110100001101010110101110
00111100111000110010000101010010
00111100000001001100110100101110
10111101100011101101111100101010
10111101100010110000111001001101
10111101001000101101000001001110
10111101001000111100011110101100
10111101000100111101101110011011
00111100000000100010000010011111
00111010011111100010000001100101
00111101000000011100010000101011
10111100100100010000010010000001
10111101011101000011100111111011
10111011111001001010011000000000
10111100100000101011010110110011
10111100100011000010110111100000
00111101010011010101100111111110
00111101001011011000000110111110
00111100001100111001011010101000
10111100111010010110110110101010
00111101001010101110100001001101
00111101001100101111010111000000
00111011100111110010110101001010
10111011100011111101100011010111
00111100000100000001100100011111
10111100000000011010101101000110
10111100100100101010110000101010
00111100011101000100000100011010
00111100110010011101100011100110
00111011101111010100011111111010
00111100000110101011101101110001
10111100010000010100110100010011
10111100111010110011110111010101
00111011000010101111000100101111
10111101010011011011100000101110
00111100011111110000000111000101
10111100111111111111101100011000
10111011111110010111010000110111
10111011111110011010111111000101
10111100101001100110110000010000
10111011111100101101010101110000
10111010110010000100110010100010
00111100101000010110000011000111
10111100101001101000000011010011
00111100101011100111000111100110
00111101001001110001000100101000
00111100101001001100111111100010
00111101001001000010001000000001
10111101001110111101010000011111
00111011111001000000010010000010
00111011100100000110001001110001
00111101001011100100100011001111
00111100101110001101010110000001
10111100001011001111011100100010
00111101010110000101010110101011
00111100110010010110001001110010
10111011001001001001100111000000
00111100101101110111110011011100
10111101011011100100110110000010
00111100001100101111101100100010
00111001011011111100001111010101
10111100111110110110010011011000
10111011110011101110011111001010
10111100010110001000010111101100
00111010110100001001100111111101
10111101001111000011111001111001
00111101011101111011000011110101
00111101010110010011010010010001
10111100001101000011010001000001
10111100101000111101101110010011
00111100000011001001011011000100
10111100011011011011100001011000
10111100100111000111111101111100
10111100110010011001010101001001
10111101010000000100010111101101
00111101000000101011111010010110
00111100010000100111001001001111
10111101001101000111110100100000
00111100111011101011000100000111
10111100011110110011011110100111
10111100101101101000000010000111
00111101000101000100111011010110
10111100111110001010001001100101
10111101100000111110111011011110
00111101010100001100110001101000
10111101000001000010100011001011
10111101001000111001110001001100
10111011100010000010110110010000
10111101011010110101011100110001
10111101010100101001110011111001
10111101000111100011000101000001
10111101010101101101100111100110
10111100110111100010111001111110
00111100101001010100000001101000
00111100101100011010000101111111
00111100101101000111111110111000
10111011001110001010011010101010
00111101001010101110100011111100
00111101010101111101100111001000
10111101000110000011011000010010
10111011101110111000010100100101
10111100001011001010000100001110
10111011111010110100101000110010
00111100010011100001010010100011
10111101000010110111010000000001
10111011001000001011100000010111
00111101000111110111111110111101
10111101011001100111000011010010
00111101101011111000001100101011
10111100110110101111000000010110
00111011111100010111111101101011
10111100101011011000001011101111
10111101000010010101111000010010
10111011100010010101011100001100
10111100110001011111100111110010
00111101000010010100101011010101
10111101000001011000001110000101
00111101000010110100101001001111
10111100100010000000110001010111
00111101000010010011110111110001
10111100001001101100001101111011
00111011110010000010110101111000
10111100110011110000111000010101
10111100100101101110100101111110
00111010000100000001011001001101
10111100100011001100100000100100
10111100011010000111111101111000
10111101001101101111101000011001
10111100000000011111010010100000
00111101010111001001001101101001
00111100011111010111101100001000
00111101010010010100101111101110
00111101100000100010001001000010
00111100011110100101100011011110
00111100010011110100011111110010
10111100011010001100010101011011
00111011101011001011101110011110
00111011111110110010101001101100
10111011101100111111111011001011
10111100011111101001001110010010
10111100010110000110110110110111
10111100101101001110110001101100
10111100111001110111111011101111
10111100001100111111001010010010
00111101010000010101001011100010
00111101001000110010010111100010
10111100111110101011100000110110
10111101111111010001100000011011
10111100100001011101001000110010
00111100111101001000110110101001
10111100000111000110100111010001
00111011101001110001111101100101
10111100011101100010100110000111
00111100011100101000001101111110
10111101011010100101010011011000
10111101011000000010100001111100
10111011011001010011000010010001
10111101001000000101000000110011
10111101010010011001010011101010
10111101011001010110000000100101
10111101011100000100010011101101
10111011110101001110101001101011
00111101011100101010100011010010
10111011110100000000010000101011
00111101011001101001101110011110
00111100111001110101110001101111
10111011001101011110110101001111
00111101011111110101001110001110
00111101001001001000001110001011
00111100010010011100000100000110
00111010111010010111100001000001
00111100111010011100011110110111
10111101000100000100011110000111
10111101000101110001001101001111
00111101001000110001000010000001
10111100101101101011001101011100
10111101010010110010100000010001
10111101000000010100011111101001
00111101000011000110011001000011
00111100001110001010110100011010
00111101010111111000101101100100
10111100101100001000100101001001
10111101100010101011100000100110
10111101001101001001001011101001
00111100101010101101000000111000
00111100100000111100100001001100
10111011100000111011001011101101
00111100101110110001010001101110
10111100101000101011100001100110
00111011101101100000100000110100
10111011001111000010000101000100
00111100010101111110100100011010
00111101011000010101110100111010
00111101010110001100110111000111
00111100111111111011101100110000
10111101011100000010101110101000
00111100101110000101101110100000
00111100110111000110101000001101
10111100011011001110101011011100
10111100001011001100100110100111
10111100100100111100010100000000
00111100001100110010001000011010
00111100001011001111001001100110
00111011101001000101011100111001
00111011110000000111111011000011
00111100101000011110101000001101
00111100111011101011000010100111
10111101100001010110111010111101
00111100010000010000100100011101
10111011111011000001000010110111
00111011101000100000111000011110
00111011101000011101011011111101
10111100101000000000010010001101
00111101000000111101011111111000
00111101010110001011011000000011
10111011101100011100110101001110
00111100011000101010100010110111
10111100111011110101101110000100
00111100111011101111111101111111
00111011101100101010110101011101
00111011100111110111010101001000
10111101011110100001001100111101
00111101010001101100011111101110
10111101100100011101111110011010
00111100011100100100001100110101
00111100101001101111000110000101
00111101001011101100111001011001
00111101000111100011111011010010
10111100101000001100000000110100
10111101001110000100001101110100
00111100110010011001110110010101
00111101000011010011110100001100
10111101010001111011001100000110
10111100011101100110110101000000
10111100001001000110101110110001
10111100001111001101110101101110
10111100011110100101000010100100
00111101010101011000010000010000
00111100001101100110011101000000
10111000100110100110111100001111
00111100100011000111110110101101
00111101000100011100011011100000
00111101001000011011000011011100
10111101010111001111100011010101
00111100100000110000000001111010
00111101110001100101010110101010
00111101100111101101011000011110
10111100100000100100001101111010
00111101000101001011001010011100
00111101011110101011110111110000
10111011100010010001100011100111
00111100111110000111000011010101
00111100101110010111001110001001
00111101000001001000010011011011
10111100100000100111010101101011
10111100100101001110001111100011
10111101001101000001010101110011
00111101000100110001001110011001
00111101100010000101001101101010
10111101101010100011011101001110
10111100100010110100011110111100
10111011111111000011110011111000
00111101001101010011001101110000
10111100011111000101110100011110
10111100000100011111010010000100
10111101001000000010100100001111
00111100011010011101010100001001
10111101000000101000010111010001
10111011110010011110010000010111
00111100000110110001000110110111
00111010111101101011010000100110
10111100110101100010001000101000
10111100111110101101110000111100
10111100011010010100111101010101
10111100011010001110100011111111
10111101000001011111100100011000
10111100010011010100001000010000
10111011111111110100110001010101
10111100101100001100111010011110
10111100110000010110000100110100
00111101000111000100010010110100
10111100011000011000110000011111
00111100001101011100010011000100
00111101010111000010100011100011
00111001010100110000000100110001
00111100100001110101100110110100
00111101010101110001011001001100
10111100010100100110100010000111
10111101100010111000111110101110
00110110000010011010101100011100
10111100011000000110010100111011
00111011101001111001100011001001
10111010001110001101110000110011
10111100111010001011010111001010
00111101000100011110001101010000
10111100100011000000011101100001
00111100100110010100001010010101
00111101000011101010000100110010
00111100100111101111110111100110
10111101010101100110001101000000
00111100100001100001011100010000
10111100111001010101000000000001
10111101010010110010111100010001
10111100011001110010111011000000
10111100111011101000000111110000
00111100000101010000010011001110
00111101001101110011101001110110
00111100110000101101110111111010
10111010101101111100011001101100
10111101000011001110101010000111
00111101010011001101011111011011
10111100011011101110101111110110
10111100001010110101101101101101
10111101010110000111111010010010
00111100000010000110000011101100
10111100111001100011001011111101
00111100100111011010000010101101
00111100100000000010101011101001
00111101100100111101000010010110
10111101100000010011010100100101
00111100001111111011110011011111
10111000010101111111100010000110
00111100111100100011010000011101
10111100100001111011110101000010
00111101010101110010001111101001
10111011000110011100101011111011
00111101101000111010100010110011
00111101001001111100011111000111
10111100010011101110001001010001
00111101100111010101010010111000
00111101100010100110010001010000
10111100100110001010010110001110
10111100100110010011011010001111
00111100110010100010100001101001
00111100110010011011111100101010
10111101001111101011101000000101
10111101011001100111100100010001
10111101001000100111011110101101
00111100011110001011111010110011
00111101001111110111111011011110
00111101001101010100101000101101
10111010101000001110100110010101
00111011001010100011111111100100
10111011101011100011011100100110
00111100011100010101110010000011
00111101000000000001100010100110
00111100100100101010011110100110
00111100101010101001001011001001
00111101001001111000010010111011
10111101000011001011010000111101
10111101010100010111011111101110
00111101011000001001001100000101
10111100100010101111001100000101
00111101010011001101110011100100
00111101001100111111011001100110
10111100001001101010001001001000
00111101011001000100010011001000
10111101001000101010100001101101
00111100011111100100001011011000
10111100111000111111101000100010
10111100011011010110010101101011
00111101000110001001111110000011
00111101010111000000110011000000
00111100110001101010011001001001
00111100011110110110011100100101
00111101100101010010001000111101
10111011111001111100110110011110
00111011100000110111110100000110
10111100011010110010100100100000
00111100001001111000100010111000
10111100111011000001101000110011
10111100001100011101110110100011
10111101000111110100001001010010
00111100110011010011000101000000
00111011011110110010111010001111
00111101010000000100111010101000
00111100110010011100011000010110
00111100010000111111000101001111
10111100111010001001101010001000
00111101010111000000001100111010
10111011011010011111110111011000
00111100100000000001010000000000
10111100101001101110100001110010
10111011101010011100010011101101
00111100101011101101111111100001
10111101001001110010000110001111
00111101010000111001100000011111
00111100110011101101001010111111
10111101011000111010101110111011
10111011001000110100001110101000
00111100011000011110011110101101
10111100000111101111111100111100
10111101001001111011100110110101
10111101000101101110100001110111
10111100011010000011011011010101
10111101101100001001001111110001
10111101000000110110010101001111
10111101001110000010111110111111
00111100011000111000001001010000
00111100001000110100110001110111
00111100011000100011101100000101
10111101010100010100001110011000
10111100111011111000010100000110
00111101000110000010110110010101
10111010101110001110010011010101
10111100101000001111110100111110
10111100010010011101100011111110
10111101000000001111011000011111
10111000010100000010001011000011
10111100100011111000111100100000
00111100101111101111011010011110
00111100000010011001111000101101
10111101001001011101101100110000
00111100101000010010111110011101
10111100101110101001100110001011
00111101000001011101100010110011
00111100100111111110010000110011
10111101010100010101100100000101
00111001000011111111011100100100
10111100100100010000011110101110
00111100100001001011110111110100
10111100001110111100001001000110
10111101000100011001010000000001
00111101010101101101101101001101
10111101001010101110011001110111
00111010110001010110011000101101
10111100011001000001111000000101
10111101001000101011001101100110
00111100110010100000101010101011
00111101001001000110010001100100
10111011101101101011100000001101
10111100011011100001110110011101
00111100110101101011101101101110
10111101000011101110100111100100
10111101000010111110001001011100
10111100001101110000000001000100
00111101001111000001110001010011
00111100001100010110100000000111
10111100101001010110110000011101
00111101000010100001001001100100
00111100111010111000000011010110
00111101001100000011110010110101
10111100011101010110100101110001
10111011110110111111110010101000
10111100111100111100010000100101
10111101000101111100110011101100
10111101100110100101101000101011
10111100100110110010111101100111
00111100110111101001110001110011
10111011111111110100101010011010
10111100001100000100110011011110
00111100101110101001011000100001
10111100110000000001101011101100
10111100111001101011110110110111
10111101000011010110100100010010
10111100101011000010100001010111
10111011000111110010011111011001
00111101000100111000000010100111
10111101000001100111100000111000
10111100111111001001111000101011
10111100011000011001000011111110
10111100111100001010100010111101
10111100101111110010000100001111
00111101000011110011101110010110
10111100111100010011100100110000
00111101011011101100000011010011
10111100110101011110101011010111
00111101001000001010001011010001
00111100100110110110011001111000
00111101000100011001101100101001
00111100100001111110110100010100
00111100100111110101000001011000
00111100101011100100100100100010
10111011000111010001110010101101
10111101100110100100010011110010
00111100111000010011110101010000
00111100100111011000001000010110
10111101001101011111001110101011
00111100100010010001101111110001
00111100100101001000111110011011
00111101000000110100101000001101
10111101001111100010000010010000
00111101000000011101100010001001
10111100100101010000111010011100
10111100000110011111011100001110
10111101100111101001100101011011
10111100110001100010110011001100
00111101100111000011101001010110
10111100101001110100000111100101
10111101100110000010010010101011
10111101000000110001011101011100
00111100111111000011101000001010
10111101000000101100100101010010
10111011100100111111000011111111
10111101100010111101000000100111
10111100110011010010010001010001
00111100100001010101111011010110
00111101001010011101110100101110
10111100000010110011111111111000
10111101000000000111111111111100
00111100000011101101101010001001
10111100011111111000001110001101
00111100100011001101100000011010
10111100011011110100100000011100
00111101000111010100111011110010
00111101001111101010011011011101
00111100110011100111110010010010
10111100110000000000101010010000
00111101011010110101101101001000
10111101000110000001111011001001
10111100100001100011100001010000
00111100110010111100000100011011
00111101000111110010111101111001
10111101000010110010110010111010
10111101000001110111100101001010
00111100100110001001011000011000
00111011010010010001001010100100
10111101000011111100101000111001
10111101101101001010100101000001
00111010111011110101100010011101
10111101011011010001110100111101
10111101011100000011111101101111
10111100010110110100101001000011
10111101001110111111010001000000
10111101001110110101010011111101
10111100010000101111001000000111
10111101000011010011100110011111
10111101001001000111101100000111
10111101010010010011111111011101
00111101010100100000110111110101
10111101001010101010010000010100
10111100110001101100110000110101
10111011111101110011010010110001
00111100111001011100111000111011
10111100000110110100101111011110
10111101001111100011000110001011
10111100111000000100110010011010
00111100100011100110111110101001
10111100111111010000100001000100
10111100010111011110010001110101
00111101001100001111000010111011
00111100101110011001110100111001
00111011011000111000110000100101
10111100111111011101010101000101
10111101010000100101111010111011
00111100011011111100000011100110
10111011010001000100100100111110
10111100111110010001011110001011
00111100010010000101111010011101
10111100100001101110000000101011
00111011111100110110000001010011
10111010100011000100100011000011
10111100001110100000110000111110
10111101010110100111000110000010
00111100100111010011000110011111
10111011110011010011101000000001
00111100001110100010111111011111
10111101001000100011001111110001
10111100000101000000011001110111
10111101101100001110010110011100
10111101000101001111001011000111
00111011110001001101101001010010
10111101001111101100011101101100
00111100101001100101001111010110
00111101100100101111100100110001
00111011011100111011010001010000
10111101011101101001010000101001
10111011110110111101111000010111
00111001100011101111001100010010
00111101001010001010100101000111
10111001010100101111011111111001
10111100101100010100111100100101
00111100011100110000110100000001
00111101000001000110111000001000
00111011111111101110101011100101
00111100110000010101100101011110
10111101001100100100110001001010
10111101011100111110100100101111
00111101100001111011010110101110
00111101010111101101001010000010
10111100000010100000001010100100
00111100111001000000101001000101
00111101011100010100001001011110
10111011011111110110111101001111
00111100011100010011011101100000
00111100100100110111010101011011
10111100100111100010110100010101
10111011111101110111010000000101
10111101001001111100100110101111
00111100101010010111010000001100
10111100011001111111011101111000
00111101011011110100101111000011
10111100110010010100100001100110
10111100010100100111111101111000
00111101010011010001000101101111
10111101011111110111101010010000
00111011000010101110101100011101
10111101000000000111001111000011
10111101000001101111111100101110
10111101010100100010110010010101
00111011000101101101001001001010
00111011101101010000010100011011
10111100011100000110101101101000
10111100011001101000111110101001
00111101010011010000001111000010
10111100110101100001001000001000
00111100100010100001111010110110
00111100011101101010011010111100
00111100100110100011101110011100
00111101000000000100100010100011
10111100100001100010100111111011
00111101011001101110111100110100
00111101000000011111010011011100
00111100111101100101111001010001
10111100111101101101001011101011
00111100111010010011101101110001
10111101001011100001001010000101
10111100111000000011100100111001
00111100000111000101110111000000
00111011101110000100001011000001
10111101001001011111011100111000
10111101010001000010100111101000
10111100100100101111100011011001
00111101001101000001001111010011
10111101100001001001000001110101
10111100100011001001011100110110
10111101001010010101000011001001
10111100000100000110111110011100
10111100111101100110110101011100
10111101010111010011010110000100
00111101000111001110100101011111
00111101010100111001110010001000
00111101001001110111110100100111
10111100010010100111100010000101
00111101100000010100000110110111
10111101000000010111010110110101
00111100110001101011011110100100
10111100001110101111100010110011
00111100101001011110000110110111
10111011000001110110100110001010
10111100100010101010111000001110
10111101011101111011011011111001
00111101011101001101110110111011
10111011010111000101100010011101
00111100010111010110100100101011
00111100100000101000100011110000
10111101001000010100110100101101
10111101011110110100000100110000
10111100011000101100011001100010
00111011100101100000010101010101
00111101010011000110110001101101
10111101010111001010101110010000
10111011011111000000110011111000
10111101001111100100110001100011
00111101010111010010101110110101
10111101100001011111000111001101
10111100100011001101010111111101
00111101001010000111101111111111
00111100011110011011100000010110
00111100001110111100001100000001
00111100110100011100111011000110
10111100111010101101100110011000
10111101000011010011001100110010
10111010111100010011010000101000
10111100001011100010001111111110
10111100100010000000001111111001
00111100110001000010001011001010
00111101000100001000101111010101
10111011110100110001011100000101
10111100101100000100010010110001
10111101000011011011011010001101
10111101011001110001010101110011
00111101100100100010111010010000
00111100011100001011100011110011
00111100101010001101001101101110
10111011100011001101101011110101
10111011010110011001111011000110
10111100110011100001111011010100
00111101010011000110111011101101
00111101000010000010000000110010
00111100011010011101111110011000
00111011111100111110101000110101
10111100010001010001110100001111
10111100100111111001000111011011
10111100111011111110010010000100
00111010010011111101011001001011
10111100110100100101010111110101
10111100011101010101001101101111
10111100000011101111101110111001
00111100011101110100111001000010
10111100011111011011010000101010
00111100110100110011000010001001
00111101000100110011001011000110
10111100100110000111011000101101
10111100000110110110010100101111
00111100001110101010010000110101
10111100101100001110111101111000
10111100000000101010000100010110
10111100010110101011010101101000
10111011110000100111100100000110
00111011010101010101111011000100
00111011101001001111110101010000
10111100110001001001001001100000
10111100110111011000101101100010
10111100101010111110011101011110
00111101010100111000110111011011
10111011101010100111110111010111
00111100010111111001101100111100
00111100110000000011011001010000
00111100111111100100000011101110
00111100100110001001001111100001
10111100101011100010000101010100
10111100100011100111001100101010
10111100110110011001110100111110
00111101000010100000100111100011
10111100110100100110110010001010
00111011001110010110011001110000
00111101011010001001111001100110
00111101010000110011011010001100
00111010111010111011000011110101
10111100001100011101100111011110
10111101011001111001000010101001
00111011111111100010111001111001
00111101001101000001010001101001
10111100100010001101111110010011
10111010101010100001101000100110
00111011111110101010001000000011
00111100001111011011101100001100
10111011101011100101101101101001
00111100000101001101011010100000
10111100101010011100111011011110
10111101011001001011110010110101
10111100111110100001110101100100
10111101010011010010110110101111
10111011101100111010100001000011
00111100100111100100011010100000
10111101001011100000111001101010
00111100111010100001111010101110
00111011111000010000010110110000
10111011101110011111010100011010
00111100010110001111000010011001
10111100000110111000111001001111
10111101001111001111110100101110
00111100101011111111101100011111
10111100110001101100101000010011
10111101001000101001101000001111
00111011111010110001011101010100
00111100100000101011111101110101
00111011100100011111000100100000
00111100100000101110100000000010
00111100101010001110001111100110
00111100101111110011000010010110
10111100101010101111110010110101
00111100100010111011001000000010
10111011100110100001000110001001
00111100000101001001101100111110
10111100100010101100110011101001
00111100101001111100000010000100
00111101000011100111010000000111
10111101010110000100011001110011
00111101001011110100011011100111
00111100110111100011001010001101
10111011001110000011100110011110
00111100011110111111001011101110
10111100111010011110010110010101
00111100110010011010001010100010
10111100101101101100001010100101
00111101000001110001110111111111
10111100100001000001100110010111
00111100010011011000111011101110
00111101000110111100000001010000
10111100010010111000101010101100
10111100111011011101001010111101
10111101101100110110011010010000
10111101001010010110111011100011
00111100001011100110101110100101
10111100100010101100011101001100
10111100000101011000001011000001
00111100110011110101000100110010
10111010101001000011010001000010
00111101000001011011011001000101
10111101100010100101011100110011
10111100001100110001010100000101
10111101011110100100101001000101
00111101000000101000001000111010
00111101010010100010010000010001
10111000000010011000010010111100
10111001110011001110010000101001
10111101001001110001111101001000
10111011011110100010000111100010
10111100100111001011010001011010
10111100000001101100010100111101
10111101010010110011100001111011
00111100101011010110000010000110
10111100111111111111111111010100
00111011101011010110111100000010
00111100111101110000001011110001
00111011110011011100011101100111
00111011110111100001101011111101
10111101010000101000010000100010
00111100101110110101100010101011
10111101100000111110011100000000
10111100111110101000010101010001
10111100110101100110101111010110
00111101010001100110000111110011
10111100111001110010110101110001
00111011110100011110001011000001
10111100100000010101000010000100
10111101011101111010101001010100
10111100101100100001111010101001
10111100000011010010001001111000
10111011101000100001111001100101
00111101001000101101101001100101
10111100000101011100010001110010
10111100000000111101001111011000
10111100100011000011111100011101
00111101010000100010111010111011
00111100110101100110100001101000
10111100100011000111110000101111
10111010011000011001110000100100
10111100001011100101011101001110
10111100111001100111000010010011
10111101011011001010010010001100
10111101010010001111010001000110
10111011101010101011110111011001
10111011110011110001100110010110
00111100000101100110101101010111
00111011101111100011111110101011
10111101010100111011110011011100
10111100100111010100001110000111
00111101000001011010101101010011
00111101001110011100100100111001
10111100101101101110101000111000
00111100001011001101011001111111
10111101010010011111011100100111
10111101010011000101010011000011
10111011111110001000101010100101
10111100000011111100011110101110
00111011111101011100111011110000
00111100001011000100100100010111
00111101011110001111111010101100
00111100000100001010010100110010
00111100100001100001111100001111
10111101100011010101000101011001
10111011010010111100100100110000
00111100111011001111111100101011
00111101001000000001111000100110
10111101000001000001100000111111
00111101001011011100000111010110
00111100010010111101110000001100
10111100010101010000001111010111
10111010100100011010111111010100
00111011101111101100100011100100
00111100000111010011011111100000
00111100111110111110000100011011
00111100000011010100011000010001
00111101000000000000101111000000
00111011110000001001100000001110
10111011100000100100010011001011
10111101000110011100110100101001
10111100101100000100100010010010
00111010010100111111000111110001
10111101000101100101001100010100
10111100100111011101101001111000
00111101010100111010111000111010
00111101001110110100000001001101
10111100011010111100010010101001
00111100011100011111111110011100
10111100011111101101101010001100
10111100111101010100110000100110
00111100110001010011001101110110
10111101000010011011011010000101
10111100100010001110100011001111
10111100101011100110100010000010
10111100101100100101101011100010
00111100111011011011001110001011
10111100000110101001001010100000
10111100111011111101001011011111
10111100101001101111000101000101
00111100010110111000101101000100
10111101011101000111000111000101
10111101000100100100011010001110
10111100101011100010100001000000
00111100111110000011011111000011
00111101000101110110001111101100
10111011111110100010110110100001
00111100101000100110001011000000
00111011100001011101110111110011
10111100110111000101100111001110
10111100011111100000010100110001
10111100111100010111011000100110
00111101100000101000111000101100
10111101001001100111001100000011
10111101100010100111011101111111
10111100101101110111100101111110
10111011010000011010001011010010
10111100111100010100111010000110
10111101010001111110101010001110
00111010010101101101001100010110
00111100100010111010000001010001
10111011111111100101101101101101
00111100111111101100000111101001
10111011100010010101110110000111
00111100001110000110101100101110
00111100001011101010100011110110
10111101010101110000011011101101
10111100100111111010101010001101
00111100100001101111010010111110
00111100101000101010001010000011
10111101010011101011011011110010
00111101000000111011011011010010
10111011110011001101100001111111
10111011111011001001001001111010
00111101001010010010001111010101
10111101001010111101101000101110
10111011110100000100011100001101
10111101000101011000110100000010
10111101000001000111111110011000
00111100101000110111110001000001
10111011100101110111001000111001
00111011101101001010101111111011
10111100100000011100010100101000
00111100010110001111000010100101
10111100111011100101000111101111
10111011110110111101010011110011
10111101001011011000101100110010
10111100011101110110000001100000
10111011111101100111110001000111
00111100010011111000000100010110
10111100100000001111110110001110
00111100100111111101010011010110
10111011101101001001101000011100
00111100101001010100110111100000
00111011101001111100011101101000
00111100110100110011101111010100
10111100011011100101000101001011
10111100101110000110000100100100
00111100001010001011100010100100
00111100101010001011100010100100
10111100111111000111111010100100
10111100110001000000101000010001
10111011101101000111010101010010
00111100010001000000111111111000
00111100100001110000110011101011
00111011101101100110011011111000
10111100101011011000111010010110
10111011100110000110001001011111
00111101100001010001100010000000
00111100101111011011010111100110
00111101100011010101000111110100
00111101010000111000100111101100
10111100011100000100101011001101
10111101000011101011011000011000
10111100010001011101011011011101
00111100101010100110000000100011
00111100010011001111011110100110
10111101011101101111011100100001
10111100111111110011011111111011
00111011100111001111000110010011
10111101010010000100011101011100
10111100111010001010000000101110
10111100100101110000011111111101
00111101000001010100011010010110
00111100111000111011101011100111
00111100101001111001010101101111
10111101000110111111110011011111
00111011110100001010101110100001
00111101010110110110110011100011
10111011001100000111010110110010
10111100001111111111110000110101
10111011111010011101011101111000
10111100111101110101111100101000
10111100100100101111100111100101
00111100111000011101101100001010
10111100101001111101001101110111
00111100000111110100101011011101
10111011101101001101110101101001
00111101001000111101011011101000
10111011111100110110001100001111
00111101000000001110001001001111
00111100001000101100001101111111
10111100011100011010100001010010
10111100101011011100111010110110
00111101001010011110110101101100
00111100101111100011101101011001
10111100000001000111000111001000
10111100101110110100101010111111
00111100011100010000110000010100
10111101011110010001111010010001
10111101001000101110100010111111
10111100110100100000100110010111
10111100101001101100001100100110
10111101011110110010010000001101
10111101001100111001111010100100
10111101011101000010001010101111
10111100110001011110101101100011
00111011110001100111010010001100
10111011100011111000011010000101
10111100010111101100000001110110
00111100101100011001011101011111
00111100001000110100100001100101
10111100101011101000010000001100
10111011011000101001101110100001
10111100010111011100001110100010
10111100111001001100110010111110
00111100100001100001000111110001
10111101000101011010101000001101
10111100010111100011011100100000
10111101000100110011010000010011
10111100110110001010000111000101
10111100111110100100001110000011
10111100000110000100010101010010
00111101010110000101110011110011
10111100100111011110100101100000
00111100111001010000011110011101
00111101011100110001111000000111
00111101001101001011000110001010
10111100101001000110001001010010
00111100101000111010010001000111
00111011000100111110010100100110
00111010100011011111011001011010
00111100000011101000111100001010
10111101010110010100111010100110
10111100101100111001110111110110
10111100001000111011000001100100
10111100100001101011011011101111
10111100110110100010100100000101
10111011100000011110111111001111
00111100000100010110010110100010
10111100110110010101110110001000
00111101001010101110010010110001
10111011001011100000110000100101
00111011010111111100010100001011
10111100000111110011001010001101
10111011111011111111101000001000
00111100100101001000001110011101
00111100111100011001000111100110
00111101001011101110101001010000
00111100100000111101001000000001
10111101001111010111001001001011
10111100111110101000100110111111
10111101100001110111100000011101
10111100111001111001001100111000
10111101000001111101001100000011
00111100101011100111010001001001
00111100101000111101001100000001
00111010110000010010101010000001
10111101110000011000001110100101
00111011100001101111101000011100
00111101001101001011111001100110
10111101010100001000100000001010
10111101011011000001100011111000
00111101000001000110011110101111
10111101001011000101011001110000
10111100110000110110011110010101
10111011100001011111000111011010
00111100100000001100010011111001
00111100100101110011111001100110
00111101000101110010101100111011
00111100001101011011000000000111
10111100011000111010001110011011
10111101000110010101111000110110
10111101000010011100011110100001
00111101000110101001111111100111
10111101000000000110010000111010
10111011001111101111101111100101
10111101000001111000101010001000
10111101001010101010100001010000
00111101000010010011111110100100
10111101000110001011101000010000
10111100010000110011011110011000
10111100100111110011101101000100
00111101010100001000010110001011
10111100101101110110100000001101
00111101010100111000001111100101
00111011110010110110110011111000
10111100111000000001100111101101
00111101010101010000000001100100
10111100101110101001101010001111
00111100111101010110110011100110
10111100000010001110111101111010
10111101011000000001010110010100
00111100101011010001111110000011
10111100011111110110010000101100
10111101001000011101110010101110
00111100100101001101001111101110
00111101011000011000110100011100
00111100000010111010101000001111
00111100000110101111001001100011
00111100100001101001110111101001
10111100011111110100110011000100
00111101100110011011100101010101
10111100000011010001010001011101
10111101010011000101100000111100
10111101010110010110000100100110
00111100110000011011000100110001
10111101101111001111111011000001
10111100110000100011110010010011
10111101011010111101001000000110
10111100100100100110111011011000
10111010000111100010100111001100
00111100000100111110011011100100
00111011111001001011110100000100
00111100100010101001111010000111
00111100011100001111000100001000
10111011101110010100000100111010
10111100101011000001001001000100
10111101010010101010010101011010
10111100110101101010010100110010
00111011101001100111011001100100
00111100011011101001001100010100
00111101100101000110101111111011
10111100111101001010111001110111
00111101011001000001111111110000
00111100001000001010011111011100
10111100011110110001111100111000
10111100111000000011010110010101
10111101011100001111100001100010
10111101100101111111100000101110
00111100100011110100110101000111
10111100110101110010111111010000
10111101110011100111111111100011
10111101010111001010100111110110
10111101011100100100001110001010
10111100001010111011111010000111
10111110000000010001101000101101
00111011101000111110000101001100
10111101000110001111011100101110
00111011101011000101011111001010
00111101011111101001111100011110
00111101000010101111111111100000
00111101000010110010110011011100
00111001010111001010001101011111
10111101001000000011011110111011
10111101011101110000011110011110
10111100001100000111000110100100
10111100110000100000110111110011
00111100110000100100101111111001
00111100001111111100011001100111
00111101010011100000101101011010
10111011101011101100001011010110
10111011111000111100000010000001
00111100010100100011011101001110
10111100100110101000101010000100
10111100101001110011111101111010
10111100101001011111100001110101
00111100111010101010111001111110
10111100000001100100111111110001
00111011111100110111100100100100
10111011011111011000100111101111
10111100010110111001000111000010
10111100011101110111100001011000
00111101001111000001111001100101
00111100000000111011010110110010
10111011011010011100100010111110
00111100010100100000110010001101
00111100101110110011110100110101
00111011111100000011011011001011
00111010001100000101000000110101
10111101100100101110011110011000
10111100101111100101111001101001
10111100111101101111100010110011
00111011110111100101101111010010
10111100111000011110100111100010
00111100100000101100000100001000
10111100110111010110110110000100
00111100001011000001001110001101
00111100001010010001010110101110
10111101001000110110110111101010
00111101010100110000110110110001
10111100101010110000010110011001
10111100101100110111100010100100
10111101010111010000011101011110
10111011011010111001111011110100
10111100101111100001001000011001
00111100100011100010100110110101
00111101011101010010100110111101
10111101000100001110110100000001
10111101010010100010111110000001
10111001101110101010000101000100
00111101100011100111010000001101
00111101100100010001100111011011
10111101010101100111100000110010
10111011110001100111001011111011
00111101100111110010000010010001
00111101011110000101100011010110
00111100100010000100010111001111
10111100100010001000001000011010
10111010101010010101111001011110
10111100110111111001001110101111
10111101011111110101000111011000
00111011100110110111001100100101
10111101101000011111000010110111
00111100011101110000111111011110
10111101001101010001001001100010
10111101001101010101110011011001
10111101001010010011101111101001
10111100011011110001000000011111
10111100111111111111101110100101
00111100101101110010111011000011
10111100000111001110111100100111
00111100110000111011011100110101
00111100011101111111011001010101
10111101100101011010001110011000
10111101001101100101110100101111
10111100011110011100101010101101
00111100011011000000011100010100
10111101001010000001011010010101
10111101000101100001110110000111
10111101000000100011100000011001
00111100100011000000010100111110
00111100010110110011100010101111
00111100101101110111001101100100
00111101010000011110000111111010
00111100011110010000100110110101
10111100101000111100110110011001
10111100110000111000010011110000
10111101000011011001001100100000
10111100111011110110011000100001
00111101000110111101001000011000
00111100011100000101100111000101
00111101010001110010010010011101
00111100110011000011100110010010
10111101001011111101011100100100
10111100101110100110011110101011
10111101100100010010010001111011
10111100111100110000010000110100
10111100101111011010110010011001
10111101001101010001100101000111
00111101001011010000010011110011
10111100110000001100001010110110
10111101011001100110000011111010
10111100101001000000011110011011
10111101010111111100111110110111
10111100100011010101100101101011
00111101000111111011010000001001
00111101010010010000111001000101
10111010011001100110110000001001
00111101010100110111011010111100
00111011100000001010111011000101
00111011001111100011101100110000
10111101100010110011011101110011
10111011010111110111110101111001
10111101101110111011101001011010
10111101100010111010000111111011
10111100100101100000000110111100
00111101010100100010100110101101
00111101000101101110001001010101
00111100111000101111000010011001
00111101001000000001010010110000
00111101010111111011011101100001
10111101000110001110010011010010
00111100110100010010110101010101
10111100110101110001100100010010
00111101001001000000001111011110
10111100010101001101011010000111
00111100110010011101111001010011
10111101000001011011100110011110
10111101000101010101000011100001
10111101010100000000111111001011
10111101011101101111001101111001
10111011100001111001110111101101
10111011111000001000000100101001
10111100100110110101010111110110
10111000001001110001010000111011
00111010100011000101010100000011
10111100100000011111110011000001
00111100000001001101100010111001
00111100100100000101011010101111
00111101011000100010010010010000
10111100101101101110100010100110
00111100101011111111010100110110
00111100101010001010101001010111
10111011000010110101011101111010
00111011010110100011010010001101
10111100010000011000101100010000
00111100101011001100110100011111
00111100100110111110001100010111
10111101000001001100000101011111
00111101001000101000010100101101
00111100100110011010101100001010
10111100101011000111110011010100
00111101001100101001101111110001
10111011011110010111101000011110
10111101100011010001110011000010
00111100000110001011101011011001
10111101100001010011101110100101
10111100101101010111011010100100
10111100111100001110110110100011
00111011000011111011101001111001
10111100000110110000101011001100
10111101000011110101100111010101
10111101101000011010010111010000
00111101001010100000000001000000
00111101010000101000001111101111
10111101000101010100001001011000
10111101010011011100111011100100
10111010110100010001001111010110
10111101011000111001001001011101
10111100100110011111111100011111
00111100001100011000101001000111
00111100100110110101001010101011
00111100110111011011000011101101
10111100100111100011001110111001
00111100101101000011001010001010
10111100011011111110000010111000
00111101000011010001011001101101
00111101010000000000110101011110
10111100101011011001010100100010
00111101000100000011011010100011
10111100100001010111101000111011
10111011101110000010000010101110
00111010001001110001000111000010
10111101010001100001000000011111
10111100001011110010100011001001
00111101100001000000010110111011
00110111101101011111000111100001
00111101001100100101100100001000
00111000000000100101101000010101
00111101001010000000111110010101
10111100010011011000001101101011
00111100101011000100100011100101
10111100111001000001001110001111
10111100101010010100110000010000
10111010101000100011010010100101
10111101001010001100111011011011
10111100100011000011100111001100
10111100011101001011111110101000
00111011101010000110000111101000
00111101010001101100111011100101
00111100111001100111011101101011
00111011001001011100010000101100
10111100011011010010000100010100
10111100010111010001111001111101
10111100101111101100011101100011
10111100000101001001110101111001
00111011000000101011001100100011
00111101000100110011011011110011
00111011100010100000110100111001
10111100110000100000110010111000
10111100111110100110000001110000
00111100000001000110001101010000
10111011111110110011010000000011
10111100011000010101010000100101
00111100100101100001111110101000
00111100100110111010101001011001
00111101010000000100101000010000
10111100010010010100011100001011
10111011100101100010101010101101
10111100101110000101011100011100
10111100011010011011001001111100
00111100010100110111000011111111
00111101011110110110110001101011
10111100111000111110110011000001
10111011101000100001100100111111
00111011111100100110010110001011
00111001011110111001001010001101
10111101010001000000001001000011
00111100011000110110111101001010
10111101010111100010000101101011
10111011010001001001101110100111
10111100100110111100000010001110
00111101100110101000111101011100
10111010111010000011110001100100
00111101100100110001101110110101
10111100000011000011100000001111
10111100100110011111000100101010
10111101001111111001111010100000
00111011001010000001111011101010
10111100110000000110010011000000
00111010011111110111011001010111
10111100001111001001110010100110
00111100000011100100110110001101
10111100010001111010000000101010
00111100011101010110010010111001
10111101010110110011100111010111
10111100111001001111010100100101
10111001000011010101110110110000
10111101010010000000101011001001
00111100111001101100000011000000
10111100101111011100001100010110
10111101001011110100010100000110
10111011001011100110010010000001
10111101011011110001101111000011
10111101011100001111001111100001
10111011101111001011000000000111
00111010110101110010011000010010
00111101100101001110110001110101
00111101001010011111101110001101
00111101101001001100101100110111
10111100000000110011111000111101
00111101011010011011101011101001
00111101100110111101111001011011
10111001001010000101000101010010
00111100010100100100100000111010
10111100100111111000111010111010
10111011110011101110010101011011
00111010001000101011101101101010
00111010011011011010010110101110
10111101101110101101100100001111
00111101000110101010100000011011
00111101011111110101000011000001
00111011000010010000110111111110
00111100111000111000011011010000
10111100101000001101110100000111
00111100101111111111000010000111
00111101001010101011110101011011
00111101100010111010100110111100
00111100100011010110100111001111
00111101000110001111101100101011
00111101010001001001101100001010
00111100001111010011011100110111
00111100101001011101100000100000
00111100110111111101001100010011
00111101001111001011111000100100
10111100100000000110100000101011
10111100011011011010000000011010
10111101011110110011111010111101
10111100111111101111100010100000
00111101000011011100010001101001
00111101001101011011001011110110
00111011100000010011010110111010
10111101000000000110101000011110
10111100101000100110100010011000
10111011000010010001000011111011
00111100010111011000010101010000
00111101000011010010111110001111
10111101001010011100101111100101
00111100010111010001011110111010
10111100101010101111010110000000
00111011001001010001011010000101
10111100000011111101100011000101
00111101011001100101010010110001
10111100110000000010000001101110
10111100101100001011101010010110
10111010000101101000100110001110
10111101000000111000111001100100
10111100011110011010010111110001
00111100100000100111011001000111
10111101010000011011100011100111
00111010010100001000000001110010
00111100001000111101000001101000
10111101000001010110011100011011
00111010110111101101101110010101
00111100101000100100010011000001
10111101001101000001001010001001
10111100100000011111100010101000
10111101000110110111010110000010
10111100001100001000010001000000
00111100101100100011101001010110
00111010000110110010000011101100
10111101000000000110101000110100
10111011110010101010101100100011
10111101001010100001000101000010
00111101000011010100001101001001
00111010111001011111100011100011
00111011110000100111000011100000
10111100101011010011000011000101
10111101000011001000111011111101
00111010101101011001110011000111
00111100101101101011110001010110
00111101001101010011010000010111
10111001111100110100000111000110
00111001110010011011010001101000
00111100000100101011111000100101
10111100110101000100101110011100
00111011100010100011011100110011
10111011111101110010111010110010
10111100100011111001100110110111
00111000111001110011010101010011
00111101010001001101001000110111
00111100001000010101001100110111
00111011100101001010010000101110
00111100100111000110000100100011
00111100110111110010110010001101
10111101001000001100010100110100
00111100101100011011100011010111
00111101001010100110001110001110
00111101000101010001000100011011
10111011011110100001100111101011
00111100110110011011011101011001
00111100010010000010110001101001
10111100101000010011000010110010
10111100011011111101100101100000
00111011110011011100101011110110
00111100011000110110101000110101
10111101001101010001011110011100
10111100110101101111101111111010
10111100110010000111101101000001
00111101001110101001001011111010
00111100011101101000000000010011
10111011100001011011110001111100
10111101000100110111110101011111
10111001101001110101110110010111
00111101000000001101000111011011
00111101010100100010111010000010
00111101001001100000101111110000
10111101001010110001100101000110
00111100100011101001111110100011
00111100100010100010010100111010
10111101001001100110101100001110
10111101001001001110001100010010
00111100100011100011011010010001
10111101100010111101101010111010
10111101000101110111001110001110
10111101010100011111101001100101
10111010101111101011010111011100
10111101011101110111010100010111
10111101000000110010001111111111
00111100001110000100010100101000
00111101000101000110101111000010
10111101000011111000100001011111
00111101011100100011110101001111
00111011001111110101101011000011
10111100001000000110010101011110
10111101100111101100101110010010
10111100100100101111101111110101
00111101000000111000010101111010
00111011001101111110101110001000
10111101001100101000010100011010
10111101100011001001011010111010
00111101001011110000110111111010
10111101001100001111101111100101
10111101010110011101010010010110
00111101100100110110000101010101
10111100001000111110000100000011
10111100100110101100010100001110
00111100101101011110000100001010
10111011111101001010110010101110
00111100101110111011001000100111
10111011110100111111001111001011
00111100111101000101000101001110
00111100101001111001000001100010
10111100100010010111110111101101
10111101101000111100111011100011
10111100110111111100001100110100
10111100000111101011100110001011
10111100000000100110100010011101
00111011101111101111010110100110
10111011110101000010011100010110
