10111101001001100000100101101111
10111101000111011110010110011101
00111101011001100111101101101010
00111100110011001110111101010100
10111100100111001011111001101011
00111101100011101101100111000000
00111011101111110100011010001000
00111101100100000101011100100010
10111100111111000110110101010111
10111101100100111000011101100010
10111101001011111100110111110100
00111100100000100011010111111101
10111100001010110000011100011011
10111100111000010110001111101001
10111101011111010100110001100011
10111011001000100001010001100001
00111100110010000001111111101100
00111100101101010100000001110111
00111101000011000010111100101101
10111101010000001101101101010000
10111101011001000001011111101010
10111101001001100001100011001011
00111100111100011110000000100011
00111100110001010000101010010001
00111100000011111000101101011111
10111101000010110110001010001010
00111100111011001101011000000010
00111101010100001111110101001010
10111011011000011101001011110100
00111100101000001001111110011011
10111100100111100111101100000001
00111100001101001110110010111100
00111101001111111011000100000100
00111100111101010111010001001010
00111100110100000000101011100101
00111101000111111000011101101101
00111101010110001001011110111001
10111100100010011001010101101111
10111011000000001001101110101010
00111100001101001111101000010111
00111100111000010001010000110100
10111100110010001000001010111001
10111011000000001100011110100010
00111100010110110010100101011100
10111101000100101101001100100001
10111011101110000011010000001100
00111100011100110010011100011000
00111100011101010010100000111110
10111100101010100011001100010110
10111001000101101010000110001111
00111100001001010110011100100011
00111101000110100010110000011011
10111011100101010010000000101111
10111011010011101001100001100000
10111100011000111000111111010011
10111100100101110111100001001010
10111100100000110101111010111100
10111100110101110011011001110000
10111101010010010001100101010000
10111100101101010011111000010011
00111011111011100100100110000001
00111100111000100101000100001100
00111101000000101101111101011001
10111101000110101111010110011000
00111100111011101100010000101110
00111011110011001011010000110011
10111100001101011110101110111101
10111011101101001010111000110100
10111101100000010110010010101001
00111100101001010001000010000011
10111101001000110100101101001001
00111011100000101010000010011010
00111100101010000011110010100001
10111101101001111110101000010100
10111011100011110010011000010011
00111011010011000101110000100011
00111101001110010010000110010010
10111011101000110100010011010010
00111100101001011001011110100010
00111100010100000011000010001111
10111101001010000011100110111110
10111101100011010010010000100000
00111101110001111011001110010010
00111011011010100110011000101111
00111100011101110101011001000110
00111100111101001011111010111101
00111101000101001101110100101000
10111101010011010100100111011010
00111100010010010110100011000110
10111101011000101000000111000100
10111101000101101011001010111110
10111101011011100011101000011111
10111100000000100111100101000100
10111100110111110100011100100000
00111100101000000000101110111011
00111100011000010000011110111100
10111011100011010111000010100110
10111101001000110010110110111000
10111101000111011101101100001000
00111101000010100001000000001001
10111101001101000010011101110010
10111100010100011011000100001110
00111100000010000010100111010110
00111011001011111100011100110011
00111100001110110001100111001101
00111011100000011110001000001111
10111101001110100101001110111110
10111101001001101011111110010001
10111011010101101000010100011101
00111011101111111010101011001011
10111100001100100001111010110001
10111100110110011110011011000010
10111100000001110010010000011100
00111101000110010110111110010111
10111100101110001110101110111001
00111100110111100010110101101101
10111100001000101010101101011100
00111100100011010101101011011101
00111100100001000100100111011011
10111100100000000100010010000111
10111101100000010100111000111001
00111101000011100010001011001101
10111101101011000111000100101010
10111101100111011001111000011000
10111101101101011000110001000100
10111101000000100100010111011111
00111100110101110100101011010100
10111101001010111101011000001100
00111100101111011111010000011111
10111100100011010101001001110000
10111011111111100101000001000101
00111100001101001110001010011100
00111010110000011101111111101111
10111101001011101110001100111100
00111100110011000111001110101101
10111101000010000011101110001001
10111101000000010110001010011110
10111100001100101010100110100011
00111100111100010010110101110001
10111011110111100101010001000001
10111100010011111001010111010101
10111101000011011001001110011100
10111100010010111110000100100001
00111100110101111111111011101000
00111100101111110000100101111111
00111100111101110100001010101100
10111011101100101011100100110001
10111101000011011001000001001000
00111101000111101001111010111100
00111100111001110011010110110011
10111100111011111000001110011000
10111100010111000101010010100001
10111101011110010011101111111001
00111101001000011101001010101111
00111100111100010011001110101101
10111011100011011101000100000110
10111100010000101111110000001110
10111100110011011001001010001100
10111011111001011000100001100110
00111100110110011110100101110001
00111101010001011010101000010101
00111100110001101000010001100001
10111101101110010010000111001101
10111101000100101101100010110101
10111100010001011001011011101111
00111101001000000011100011111100
10111101101101010111010001101000
00111101000011001011000010010010
00111101010010111010001001001010
00111011100110111000111111010111
10111101100111011110000101001110
10111100101100011011100110001001
10111100101010011101011100011110
00111011111011011000100001110111
10111100000101000101001101111100
10111100100110100011000100110101
10111101001101100111101000100000
00111101010111111011011001010100
00111101100110000000010011011100
00111100010000000011110110100000
10111100111001000001001011111111
00111101001100100100100100100110
10111100111000001000000111111011
10111100010010101011101110000100
00111101000001001101101011001111
00111000010001000001010101010000
10111100111000010100100010110011
10111101100010011001111101101111
10111100101110111000011111101001
10111101011011110101100110000100
10111101000000101011001001110110
00111100010010101111110010101010
10111100100001101110101000010010
00111100010111111011100110110010
10111101000001111010111011010001
00111100011000001011101011101010
00111100010101100101111110000100
10111100111101111010100110010100
10111101010001000011101000100110
00111101010001001010111001010110
10111101011111101011111001101100
10111011110100010100001001111000
10111100000001000110001110000111
10111011101000111011110100110100
00111101000001011110001101101001
10111100111101000111111110010111
00111100001100101000010011110001
10111011100100011110000011001000
10111011111100111000101110110000
00111100001110111000011111100111
00111100100101100100110110001010
00111101001110010111111101001000
00111100101011010001010011111000
10111010111010110101111000110101
10111100101111101001010100100101
10111101010001111011000110110101
00111100110001010001000110111000
00111100101101100000101011000010
00111101001101000000111100100010
00111101011111011101100011001111
10111100100001100101000011001000
00111011110001011100100110010001
10111100001111010100010100001010
10111100001000000010100011000000
10111100111101001010100101100010
10111011001110111111001101110000
00111101010010100001010110001100
00111100000000110000011111110101
10111100110001011101000100001110
00111100101010011000101000001001
00111100011010101001111001010001
10111011111001100100111111100111
00111101010101101101001000101001
10111101001010000001000101011111
00111101010011011101101111110011
10111101101011001010000110110101
00111100100100001111001010000100
00111101101000110111100110111100
00111100101010001100110000100011
00111100011110000001110100110111
00111101100100000000101010001001
10111100110111110101011101101110
10111100001100101100000001010011
10111100110101010101100010010100
10111100000111110101011000011011
10111100110100000100111010000011
10111100000001111111111011101010
10111100000100011110111101011101
00111100100001010101001101110000
10111100110000010110001010111101
10111100110011111101011101000001
10111100101111001000100001001001
10111100010010000111101110100011
10111100111111101010000011110101
00111101000010010000010111010010
10111100110001101111111100011101
00111100101111000000011000111100
10111101001101011100110111011000
10111100011001111010011100000011
10111011011101000010000111000001
00111100110100101001110110001010
00111100000101110101100101000000
10111100010000100010001101100101
10111101010011111011110011000101
00111101000001011011010001001100
10111101010001111001010000111111
10111100100000110100100001101010
10111010011001100011010111011110
00111100101100101011010111111111
00111100110010110010000100110010
00111101011000101000111010111010
00111100000001011010000110101011
00111100100101111100001110111011
00111101001000101001110011011101
10111100011000000101100100101110
10111011110100000001001010010011
00111101100011100011111011000110
00111100001001111101111010111110
00111011010001100110011000010110
00111100100101001001010110011001
00111100101010010000111001110110
10111100111010101011000001101100
00111101010001100100101101001111
00111100111110010111011100101100
00111101000100010101111110000000
00111100110010011010111000001110
00111100010010100011011000101010
10111100101010111111111011110010
00111100000110010110101000110010
10111011000000000110111111110011
10111100110011001010011110010001
10111100011000111001000000111010
00111100100110000000000111101011
10111101001011001011101111010001
10111101011100110000100101001111
10111100110110011000011010111100
00111011010000010101100011010000
00111101000101001111000010010010
00111101001110110010001000000010
10111101010111000010010101000110
10111100110101010101101000010000
10111101001001001011111110000010
00111011110111001001111100000011
10111011010010111000011000111011
10111010110011111100000101010011
00111100101000101010100110111010
00111101100001110011000000100010
10111101100101010010110001001010
10111011000011111110100111100101
10111011111010111111101010000000
10111101011011010010001110111111
00111100100110001000111010111100
00111011110111000111000100010110
00111101001110010100011001111100
10111101100101001001110000000000
00111011100010111010100100010101
00111011101001001111110110101100
00111011010010000100011001101001
00111100100010101100100010010101
00111100101000000011101110110001
00111101000001101010110111111001
10111100101010100101111111000010
00111100111001001010010101101010
10111001110000010000100101001101
10111100110001110100101111010011
00111101010100001010101101111001
10111100100110001101000000011101
00111011100101000111110000100010
00111010111011101101000001001011
10111100000101000110111001111100
00111100000011111101110101110010
10111101100111101101100010101111
10111101000010100101111110011010
00111100100000010101010100111011
10111101011011001011101011010111
10111101001011001101111101010010
10111101010001000000010011010010
10111101000010110111010011010110
00111011010001110101111011010101
10111100001101101111010011001101
00111101001110000110010111101100
00111101000010100001001001110000
10111100111100010011000011011010
10111100001011010111010101011001
10111100100101001000011011101000
00111011010000101101001110100101
00111100001000110000000101001010
00111100001110110000111100001101
10111101001110001110111111111110
10111100000100001100110111101010
10111101001000100101000110110000
10111101001110100111110100010101
10111011111010110010111111100001
10111101000111101001010101100011
00111100111101101001111111000101
00111011111011100010001000100000
00111101001011101011100110001000
10111100100100101111010011010111
10111101000001001100100000001110
00111100100000110000000010000110
10111101100011011111010001010011
00111101000010000011000100011111
00111101000110010101001010110000
10111101001101010101101011111000
10111100101101100101010110011011
10111100110010110000101000101111
10111101000010010111011011100001
10111101100000001011011011111000
00111101001000010001000100010100
10111100000100110000101100111101
10111101001010101100000010101001
00111100010001100001011110010001
00111100110100000011010000000010
00111101001010100001010100011000
10111000100100011100000001010100
00111100000100101100100111100110
10111010000001111100101111110011
10111100000011110110010000011001
00111010111001110111110111010001
10111011100011011101010001111101
00111100010110010110001000010101
00111101000011110000011100001000
00111011110010010111001100111110
10111100010001000101001001101000
10111100000010001100010001000100
10111101001010011010101101101110
00111101010001000110111111111000
00111101000001001101010010011100
10111101000100110000000010100100
10111100110011100000010101001011
00111011110101010010110010011110
10111100010100101001110100101101
10111101010101010011011000011001
00111100101110111100000101100100
00111011100000101010100101010001
00111100111000010010101000101111
10111101010001111000110010100101
00111101001111101010011000000000
10111101000010010011111110100100
00111010110001101001111001011000
00111010100000110000001101101100
10111100010110110110100011011110
00111101000011010010000100110100
00111101001110110101010111101110
00111101100100111001000010011010
10111100111001010110000001001000
00111101001101100011001110110101
00111100100011011010101011110010
00111100001100111101001010001100
10111100011101000101111001011010
00111101000101001100101011000001
10111101000110110101101011110001
10111100101000011010110000101010
10111100010001100111000011011111
00111101101101101111010100110001
00111100100100011000101000000011
10111101000011110110010001011011
00111100101101010100111111110101
10111100010101100101111000011111
00111100000010011001000000000000
10111101000010110100111011111001
00111100000011111000010010110011
10111100110010000100110000101011
10111010010011101000010100011100
10111100110101000111010101000111
00111011110101100100001110010111
10111101000101111001111010000000
10111100001111111001111100110100
10111101000100010011100110111101
10111100110100111000110110110110
10111100101101101000111000010111
00111011100111011001001010001000
10111010100010001011111100011001
10111100110110001010010110001101
10111101110110110100111101010100
10111001101010101101000101010110
00111100110001111011010101110000
00111101010010110001101100110011
00111100000110100001101010111000
00111100000010010001011100111110
10111101000010101101010100100011
10111100111011110000010101111000
10111101000111101100101010101110
10111100001001010010001111110101
00111101001111001010100000011110
00111101010000010010110001101111
10111100101011000001110100100100
00111011111110100100100011010001
00111100010010111110110101110101
10111101000011001101101000011110
00111100111101100011001011111100
10111100111001011011010001111100
00111010000111011010000000110001
10111100110101110100011100010010
00111100110001111101101001000101
00111011000110001100111011110010
10111101100000001100110010001110
10111100101101001011000011111001
10111100001011100001101110000100
10111101011000010010111001100111
10111001100101101111100100111001
10111100001111001111101000010101
10111100001001111010001100111000
00111101001000111101110000011111
00111100111110010001100111001000
10111010010011101010011101101011
00111100100101001000100101001110
10111100111011001111000010111000
10111010100010001110011101000100
00111100000111001100000000000101
00111010110011100110010110100010
10111100110010101000010110101111
00111101010000100110001010000110
10111100110101001110101011000100
10111100100110100010010010010101
00111100010001101001010011101111
00111101001000001001011100101010
00111101010010000001011110000001
00111100001000110011011011011101
00111100111110010101100001001001
00111100001011000010100111110011
00111101010001001011010001111111
00111100011010000011001011111011
10111100110101110100010001101000
00111011101100101010010001001011
00111010010100111101000110100111
10111101100000010000111000100000
10111101101100000000011001101100
10111101000100011110010101011111
00111100111010001011110101110010
00111101000000110010010111010101
10111101001111101100001110111111
00111101001100101111011010001001
10111100110010111000010001110110
00111011011101001000000001010011
00111100111011101101010101010100
00111101000111110100000111011001
10111011110011010101010110110101
10111100100010001100111001010011
10111101100010011100111001100000
10111101000011101101110010000011
10111101001101001010011100001010
10111101100011100010011010110111
00111100010001100110010001110010
00111100110110100101010000110001
10111100100011111110110001101101
10111101001001010101000010011101
10111101000101010110101000011010
10111100011001100011101010011000
10111011100110100100000110101111
10111101001110011000100100101111
00111100111010000011010011100111
10111101101001101110011101100010
00111101011010001001011111011101
10111101100100110010000001010110
00111100011110011100000010001011
00111101001111001110110010110100
00111101101100100100010100111001
10111101100100110101100001101011
00111100100000101100101110011000
00111100110010111000000111110011
10111011000111000010100010010001
10111101010001001110011000110001
00111100000101110101001010001111
10111100000100010010100111111001
00111100101110101110001010101000
00111011010000001100011101010000
00111101010011111111001010110110
10111011001000110000100111101110
10111101100010001001111000011001
00111011110000010100110011000010
10111101000001001001011010111000
10111010011000101101111100111111
00111101010011110011010001100010
10111101001000101011101010100001
10111100111101110011001100001000
00111100100000100010100110111111
00111100100011001111110000101010
10111101010110000000010010111100
00111100010101010100110100011000
10111101101101111111000011101101
10111100000000110010001011001011
10111101001011000011110110111100
10111101100011111100011010011010
00111100010101010100100111000100
00111100111101110001110010001100
10111101010000110001111101110110
10111100101111000110000111011110
10111101001101000001111001110111
00111010100110101000110101100010
00111101010010111110110000011110
10111100101100001011101101001010
00111101011111111110000110110010
00111100010011110100001000101110
10111101010011001101111100011011
10111100111001101111101010110011
00111100110001110001111001101101
00111101000111010011100010010000
00111101001000111011101000010101
10111100100101111001011100011001
10111101110011110000110011111111
00111100100010110010000101001010
10111011010011000101100011101011
10111100111011101100001101111100
10111011001100101101001000001001
10111101000110000110001101010100
00111100111101100111110100000110
10111100101111110011000111000101
10111100110100011010100111010011
10111010010101000001001010111011
00111100101100101000101110110011
10111101001000100010100011011001
00111100110001000001000010001001
00111101100001010000001100110010
10111100101011010100100101011001
10111100100100010100000000111001
10111110000001101111101111001001
00111101000001000010110100011110
10111101100100011101100110100100
10111101001001110100101001111010
10111101000001110100001111010010
10111100101001110011001010101001
00111100000011001001101101101001
00111101100110101101000011100110
00111101101010001110011101011110
10111101010101011110101100001110
00111101000111010001111110001111
00111101010001010000100001001101
00111101001011110111111110111111
00111100011110001110100010000100
00111010111110100110010101101010
10111011111100001111110000111110
10111100100101100111010000110011
00111101001011000101010010001110
10111101000010111111011000111001
00111100011111001111001101010111
00111100001000011100101110110001
10111100100101000000001100111100
00111011000110111111110011110011
00111100000001110100011111110001
10111100011101001011000101000010
00111100111111000101001110001100
00111100100111000010111011111011
10111101100111010111011111001110
00111101111011101000000100110111
10111101000011111101111111011010
00111100010000000101101010000110
10111011001001000110010101001001
10111100001000000110010111111111
10111101110010100110101000100111
10111101100100110101101001011111
10111101010100111110101000000110
10111101100000001101010101001000
10111010101110001100111100010001
10111100100011011011010100011011
10111101011110100010010011111000
00111100110111110110111011100100
00111101100001111011110111011100
00111101100010010011100110100100
10111011010111100000001001101011
10111100111101101101101000011111
00111100001000010101100110111010
10111101010111011001111101111010
10111101000011111011100011110100
10111100110101010001101100110001
00111100100101110110111111111001
10111101010101000000110011000010
00111011110000001110111010110011
00111101011100111111111000111110
10111101000111011001010010000000
00111010100010011011000000100100
00111100010001011010001001001001
10111100100010001001000000111011
10111100101001110000110001010100
00111101010111111111101101100001
00111100000101000011000110000001
00111011000111011110111000001111
10111011110000101010101110111111
10111101010001010100000111001111
00111101000100111101000110110000
10111101100110100101100011110001
10111100010001001101101000011001
10111011110111001010010110111000
10111101010101001011100100000000
10111101110001111010011011010000
10111100100100011001101010101010
10111100100011111110010110110100
00111100110111000101110111001011
10111101001000010101000110110000
00111011001100110010100011011000
00111100110011011100011110110101
10111101000101010110100000010101
00111100001000010001100011100000
00111011000001100001001000110111
10111101000010001101101001101111
00111100011110000101101011001100
10111101001011001001000010011110
00111101000001111001100111110100
10111101001110000000111001100011
00111100101011011000110000101010
10111100110010000011100010100101
00111001100010111000101001000000
10111100101100010011101110100010
00111100011000100111011011101000
00111010100111001110010101010001
10111100100100100000111101101011
00111011110111111011100111010101
10111100111001011101011000011010
10111100010101110000001111101110
10111101000010100011101110000100
00111101000001010001111000011100
10111101010010000010110001010011
10111101011100011000110111011110
10111100011001000011001010000100
00111101010001000010000001100100
10111100000010101001111011101110
10111100111111011011110110000100
10111011100010001111100011011111
00111101000110010001110100100111
10111101000011011010000001011110
10111100111100111111101011111001
00111100100000101111001001101101
10111101000010010100011100011101
00111101010011010001101001100100
10111101000011101100011000000100
00111100110011010100111101011100
00111100111110000100001110110001
00111101001111000001100011111010
10111101000100110001010000001101
10111011110110111100011100001110
10111101100000110011101111001111
10111101001101111101000100011111
10111101011010000001011000111001
00111011110111101000110001000110
10111011101001101110011010110101
10111011100101100010011010000001
00111011110001010001101101110000
00111011110001100101010111111001
00111101001010010010001011011000
00111101100101000100000100010101
10111011110010001010001111000011
10111101010010001100110100010010
00111100101100010101111100000010
10111101010001101011101001111011
10111101011110000000010110110110
00111101101001101010100100100000
10111100001101100011000001100010
10111101011100100001110001110100
10111011011100111011111011111011
10111100111001110101101100001110
00111100011001110010001111111101
10111100010111101010000001011110
10111101000001100101111010010010
10111100101101011000000010000011
10111100010010110101111001001011
10111101010000000111110010000100
00111100100111011100101011101001
00111100100010001111000010011000
10111100110111001001101100001110
00111101001100100100001101100100
00111100101000101101010011100101
00111100011110011110111100100101
10111100111111111010111111000100
00111101000110001110111000100010
00111101001000011100100001000110
00111101001001011000101010000000
00111101010101010001000011111001
00111101000101101100111010000110
00111101010100011000010011001001
00111100111001101000011001100110
10111100101101000011111000011001
10111101100100010100000011110000
10111011100000000110010011111110
00111100101100010110000101000101
10111100100010101011100000101100
00111011101001101100100001011001
00111101001001110100010010100111
10111101000010111101110000011100
00111011000100001111100101111001
10111100101001110111100010010011
10111011010011010001101100000110
10111011001101001101110010101101
00111100110010010101111011001011
10111011011110110101010010011010
10111101000001111111111101001110
10111010111101000110011101111111
10111011110110110111110011000100
00111101000011010011110110010000
00111100001011100010111001101101
10111101000000100010000110000011
10111100101010001100011000101100
10111011000011011011000000111011
10111100100100000100100100110010
00111100000100101100100011010001
10111100101011010001011100000011
10111101000100010011100011101100
00111010000011011010001001101111
00111100110000000110101110110110
00111011101110011000010001101100
10111100111100101110110111001100
00111101011110011111000101011100
10111010110101001000111010100010
00111100000000011000000100101010
10111100001100011111111000110111
00111100110010100101010010101000
00111100001110010000111101010100
10111100011101101011011101000011
10111101000001100101111100110010
10111100100000101000101010001111
10111101010001101000000000011011
00111101001010101110010011100010
10111010100101111000001101101100
10111101000000010010101110001000
10111100101010001110010100000110
10111100110111001100011111010010
00111101001111100000000011100001
00111100100110000101101011010010
10111101010000000010011101010000
10111100111001011010111111111100
00111100011010011110010000110111
10111100111100010001011010100001
00111100110010011100010000101111
10111100010110011111110000101101
10111100101000001101011110010100
00111011111010001111011010000100
00111100000111110000111100101011
10111010100000111100100001101100
00111011110111101001110101111110
10111101000110010101100011101010
00111011101100111001011001100010
10111011010001010000010000000001
10111101010010000111110110001111
00111100110001111101011001010100
10111101001111100101110100101010
10111101001011111100010001100111
00111100101011110101011011110011
00111100111111001000001100011011
10111100011111000101101000011000
10111101000000100110111101001000
00111100101101010101101010000110
00111100100101001001100111000111
00111100010010111111011101100001
00111100101100011101011000110011
00111101001001110111001011100011
10111100101001101010100101011100
10111100100001011111011000001110
00111101001010001100010101100011
10111101000010010011000001000010
10111101000001110000001101101110
10111011011011100110111000110101
10111101000010000101110110001101
00111011001000100010001000110110
10111101101100101101111001000110
00111100101111001011111001100100
10111100001101000101011101101101
10111100100110111100000000010001
10111100011111101111100110111001
10111100011101110001011111011010
10111010011010001111000110110010
10111100000101001100100001100011
00111101001100100011001110110010
10111100000000111100110110001101
10111100100010100010001101001100
00111100001011101000010000111001
00111100101000100110000010101100
10111100100010000011011110001111
10111101000101100001011101000000
10111100101111000110001000111000
10111100100010000011100101001011
00111101011101111010110101111100
10111000110000010111000100110110
10111100101001011011000010111110
00111101010100001101101100000111
10111100111001001101100100101100
00111101000011001011101001010001
10111100101100000001110001101010
10111100101111011001000101010001
00111101001000010011001000000010
10111100100010111101101001110010
00111101000011000011010000110100
10111100100110001000001001111100
00111100010010011101000111101101
10111011010101101011001010100011
10111011110100100001111101001011
00111011110011001000000001001111
10111101010101000111110111000111
10111101011100010010100001100111
10111101000001000011001110001000
00111001110010000111111011001010
00111100011110110110111001000111
10111011110100000011110101100010
10111100110000111100101110010001
00111100010010101110101111001110
10111101011010000010000101011100
00111100100111011011011010111100
10111101001110101110110110000001
00111101000100100010111111011110
10111100000000001010010000100110
10111100010010100010001011110101
00111101000111000001011001101011
00111100111010000100111100101101
00111100110011011100110011101000
00111100110011101011010100000011
10111101010111000101000110100001
10111011010010010001001001110010
10111101100001011011010001100011
10111101011011101110100111100101
00111100110010011110010010110001
00111101001110100100111011100111
00111101001010101110101010010000
00111011111110010011100100010001
10111011111010001010110110010111
10111100111111100010011001011110
00111100010001111001011110101100
10111100100111100011001101000101
00111010100001011111110010101010
00111100100100110011001000001000
00111101010001010111100100001001
00111011101101000011010010111011
10111011111110011000101001010101
00111101010000110000001000011001
00111100011101110110001000001111
00111100001011101010011000000100
00111101010011000111100111111011
00111100000101101001000001101000
00111100101111110000001000110111
00111100011110001111001011101111
10111011001001001001110001110101
10111101011011001101100101001010
10111011100110111000100100110111
00111100010001101010010001000110
10111101010010111110111111000010
10111100011010001111111111011110
10111101001010000010111110101000
00111011101011110000110111111111
10111100101110100110110111111001
10111100111110110101100010101011
10111100010000111001111101101100
10111100100010001110000001011000
10111101001010101101111001001110
00111100011011001110110111100101
00111100110110010111111100010110
00111100111111100000011111001001
00111100000111110001000111100111
00111011110010100010010000001100
10111011100111011101111100101001
00111011000101100100001011111101
00111100100101110101110110010000
00111011010011011010111101001110
10111101011110100101001100010000
00111101001111110100010110001010
10111100000011101000001010011010
10111100110011000001001011101101
10111100001000011100101010010110
10111100001001010111001011110111
10111101000100110101100010110111
10111101001101110101101111000110
00111011111100000110101101110000
00111100111111000011001111000010
10111100001000000011110000011010
00111101000001010100111101010111
00111101000110010000001110101001
10111101010111001101011100011000
10111101001001111111101011011000
10111100011100100011001010010000
10111101010011100101111000001110
10111100111110011111001000000010
10111101100101001110101110001111
00111100100101001000101010010101
10111100101110100001001101010111
00111011100101001110110000100011
10111101011001110100101010011111
10111101101001000000001100111100
00111011111010011000000110011000
00111101001101101001010100100100
00111101000111010100001100000111
00111011010011101110111000001000
10111011011011111010111111110110
10111101000010001110001000110110
00111100111000011110100101111000
00111100000010111000011010011000
10111101011010011000100001101000
10111100011101011000000111010010
00111101001011001101001001010000
10111100001101000111110100011111
10111101001010110100001101111000
00111101000110101001110100100110
10111101000000010100011110010110
00111100111111110010010111001011
10111101011100110100001011101001
00111011110100011100011111101101
10111101011111011101100001011111
00111100001001001011101011101000
00111101010110100000101101100110
10111101001000011011001000001011
10111100011111100101000000110000
10111101011100110010110001111111
00111100110110010111010001000011
00111101011010001111000110010000
00111101111111011010000000010000
10111101000000110101010010010001
10111011111011101101000100001000
10111101100100100000101101011101
10111101010000110111101100011111
10111100000001110101100000101100
00111101001010010110100111001011
10111100110010010100101000101001
10111100100001000001011001111111
10111101011101110011011100101101
10111100101101000001101110001111
00111101010001110101100001011001
10111101010010110010111000001011
00111101100100001111100010011101
00111101000101111001110010000100
00111011110101110111101000000110
00111101000011111101101011011000
10111011111010100110101011011001
10111100100010011111000100111101
10111100001000010101111001111111
10111100100110000111000001011110
10111011111111001011100100011100
10111100100000001101110100011100
00111011101100010110111011110111
10111100011111010001111011001110
10111101100000101011101110010111
00111101001100100111000111101001
00111100000010100100110110101111
00111011111000110001001110111001
00111101000010100100011110100011
00111101000000011100101101011000
00111101000110001001000111110011
00111100010000100001101001011110
00111100100110010001101100000111
10111100010010111001011110100100
10111100000001101010001110000000
00111100001011110110111010011000
10111100110110101010010000100010
00111101001110001001000000110100
10111011111001110001001000010000
00111100101001010100010010000101
00111101010010100011011001011101
10111100000010110110001100111001
00111101000001110100000101111111
00111101100110100001010111100001
00111110000001010110011100000111
00111100101011001000010011001110
00111011101011111010000110111100
10111100001101110001011000111101
10111101001001100011010011010110
10111011110001001001100111111101
00111101000101001010101110010000
00111100000011110001011011001111
10111010101101000100110000101111
00111100101111011011110001111000
00111101100110001010111100111001
00111100010100111000010011011011
00111101010010100110001100011110
00111100010001110111100000110011
00111011110110011100100100011100
10111010110101111011010011001010
00111101011010110101111100100110
00111100100010011011111111000110
10111101100000100100001010001010
00111100011111001101110111110111
10111011111010011000001011100000
10111100101111100110110111011000
10111101011101111000111100010010
00111101100010010010010011011110
00111101000100011011000101101111
10111101000011000101101000110011
10111101011010101011111001011111
10111011110001111110000000010001
00111101001001010100101011111010
10111100101100101100010001111111
10111011110110100001011000100110
00111011110010011010111111101110
10111101010011101100101100010110
10111100111000110011010101010011
10111100111001101110100011110100
10111100100011110101010101110110
00111011100000101010101110011001
10111101010010100111100000100110
10111101011110101100011000011101
00111100011100100100000001010101
00111001110100001001011100100110
00111100010111001101100101010001
10111101001010011100011010111111
10111100101101111011000011101101
10111100100010010110001011101101
10111010110000000000111101100010
10111101011110011101110000010010
00111100010000000100000110001010
00111100011011110111110101011011
00111100001010110111001001000011
10111100010110100001100011101011
10111101000011111111111111011100
10111100001001111011111111100100
10111011100111110111011010110110
00111100110011110001011100010010
10111101101011111110100100100010
00111100010111111100001101100101
00111100111110000111010110001110
00111011110010010111110000000100
00111101000011001101011001100100
10111100101001011100011100001001
10111100100110100100010111001111
10111100100111111111111001100010
10111101011000101101111101100000
00111100110000110100010101011101
00111011011101010000110010010110
10111100100010001011001100011110
10111100111110010001110000011100
10111101001000101011111001101010
10111101010001100001100010011011
00111100101000111010110010111010
10111011101000001100100100100110
00111100110101001000101011101000
00111100011011011100011111111110
10111100000100111001111000010111
00111100001100110001111001011101
10111100101001010100001000010101
10111100100101011111101100100000
10111101001101100000000011011100
00111101001001111010110111100110
00111101001000101100000001011110
00111100011001011010010001100110
00111100010101100101011001111001
00111100010110000010011101101101
10111100100011010011110010111101
00111101010110011110011010110101
10111101010100000000000010110000
00111101001101001110000110111011
00111011101011100000101000011110
00111101101010001000010010100000
00111100101011111111110000111111
00111100111000110010011000100011
00111101010101001000011101011111
00111100110011100101101111010100
00111100001001110101101101111011
00111101001011110010011101100000
00111101001010011110000101001011
00111010111111001001100110010111
00111100001010111011110011010100
10111100110011011111110101011110
10111100111010101111001110100101
10111101001110110110101101100001
10111101011001101110000101000111
00111100111111111010000001111110
00111100111011000111111001110101
10111100101001010100000000010111
00111101010101110010110001110110
00111100001010111000010011100111
10111011101101110011101100100111
00111101000010001101111010100110
00111100100011010100000110101111
10111010101110110110011111010111
00111101001010101010101110001001
00111011100100100001010101100100
10111101001101001100011111010000
10111011011001111001110110011011
00111100000001000001100010100101
10111100011101111001100101110011
00111100011000100001001101100100
00111101001001110011110100100100
00111101010110001001010110110100
10111101110100000001101111000001
00111101011111110001111111101101
10111101100000100111111010001001
00111100100111110110000001110001
10111100010010010101001101011011
10111100011000011000100000010100
10111100011111101011111011110010
00111100101000000111111010101101
00111100110111100101000011100001
00111100110110001000101001000101
10111100100010000000000111001100
00111100001110100001010111111001
00111101001110111011001110011001
10111101011010110101011011001010
10111100110101110000110000110110
00111011111010000001000000001101
00111011100010011111010111001001
10111011110111011111000011111011
00111101000001000101110100111000
10111100000010110010101000000110
00111100001111111101110000100010
10111100100110111100001001111001
10111100110101111100110111011010
00111100000010010111001100101011
00111101001001010001100010011010
00111100101111001101110001000010
10111101000001101000001010010110
10111101110101011000001100001101
00111101000010001011000111010111
10111011011111010101001001000010
10111101010001100111110110110110
10111101001111000010001100110011
10111101000111001110110100111100
00111011001110000101110111001101
10111100111110110010101111011010
10111100011011100010011000111101
00111101001001011100110111111011
10111100111010001110100011011111
00111100010110001000100100110111
00111100100001111011001001101111
10111101100000101111110001011011
10111011010011011000011010100110
00111011000010100101101000101100
10110111111011110100011111101011
10111011110011011111001110110000
00111101010100001110111010010100
00111100100110110110001101110100
00111100100110110001101001101110
10111100000000100101111100011110
00111100000101001100111100001000
10111101000000101101010100110100
00111101010100011011110000101001
10111100001001101100010100011011
10111100000110111100111001111000
10111100110111000111101001000100
00111101101100010110010100010011
10111101011100101100110101100111
10111100101110000010110110001101
00111101100111001111101111001000
10111101100101010000011110101111
00111000110101011100000101111100
00111101100011110110100110110111
00111101010001110000000110011110
10111011101010011111001010011011
10111101000101001110011101010100
10111101000100010111011101000000
00111100101111010001010000011001
00111010110010010011001000110001
00111101000110000010010001111100
10111100000001000111000010001111
10111100100111101011100001011001
00111000000110000000101110111110
10111100100110000110010100001100
10111101000010001011100110011000
10111100100111111111110010100110
00111100101100100000001101110100
10111100111100111110000001110011
00111100111010001010011001010101
00111100011011000111001011111100
10111011010001000010010010010101
10111100100000101101001000100110
10111101100011001101111100101100
00111100110011110011111011101010
10111011100101010101000010101111
00111101011010000111000111111011
10111100000101100111001101111101
10111101001101010001101010010000
10111101001101111101010000000111
10111101001001110110011000001101
00111100101010110011110110010110
00111101001101101101111010000010
00111101000111000101100100100111
10111100011111110111110110011110
10111100100000001101101111001000
10111100101010001111111100000001
00111101001000110110011000101010
10111101010111001001111001000100
10111100001101010011000110111110
00111100111000101000010001100011
10111100101101100101001001010010
10111101000000100001000100100111
10111100111001000010101100111101
00111100000100111010100011111000
00111100011101111000110001010111
00111100111010111101101011010001
10111011101001011101110001001101
00111100101001100011110000110001
10111101011111000111101110011111
10111100101101011101111011101100
00111101000010111000110000111101
10111011110000001000000110010010
00111100100011100011111100111101
10111100010100010011101000111101
00111101000101110100100001111111
00111100100111101011001101111001
00111101000111011101011000011111
10111101100000001010101100010000
00111101011111111001001010011011
10111101110100011011111111101001
10111100110011010101001000101111
00111010111011110000111100001011
10111100000111000001110101110100
10111101010110000010011010000010
00111101000111101011000110100111
10111101010001111010000101000010
10111101000101011010011100000100
10111101000100100110011100010000
10111100000111000010111011101110
10111011001110110010111110111101
10111101001110111011101101100110
10111101101110011000001100010111
10111100001101100000011100000010
00111011111000000110011011110010
10111101000011111001011011011110
00111011000101000110010111000110
00111011110101011100011011000101
00111001111100100110000111101011
00111010001111101100011011111010
10111100101001101001010011101100
00111011100101000000100000001010
10111101010111000100101011110011
00111100001111100110110001010110
00111100010011000011100101011110
10111011101110101101010110000010
10111101001010101000101111110111
10111011101100000011011111101010
10111100111011010101010011010110
00111101001001010101100100110110
10111101100101010110011100000110
10111101001011100101010110101001
00111100111100000001110010101111
10111101001010101100100000110000
00111101011000100001011100101111
00111100011010100111110101100101
10111100011110100100111011010011
00111101000100010110011011000100
00111100100000100110100101101111
10111100111000111001011010100001
10111100001110010100100001011100
00111101010110101110010101011000
10111101010001001101100000001111
00111101001001111011111010001111
10111101100101010100001101111000
10111100101000101010010010111001
00111101000001100101000011001000
10111101000011110100110000000000
00111101001000010000011010101011
10111011111101000111101100011110
00111011101001110011011111110100
00111100110000100100000110111100
10111100101111011001101000100111
10111101001110001010001011111001
10111101011111110100001001010001
00111100100110111101000000101011
00111100111000010110110010001100
00111100001010100101010111100000
10111101011110011000001101001100
00111101001001100101010101110111
00111101001011100011000010010101
10111100000001011101000100000000
00111101100110100110000101011010
10111101101001001100010101111000
00111101010101011000011010010110
00111101100101000000000110111010
10111100110100110000010011110010
10111101001010101011001111100000
00111100100111100011101111100011
10111100101010111010000001000011
10111101100001011101110001010110
00111101010101001011101110001001
10111011001111100010001010011100
00111100101001110011000110110000
00111101000010110110101101110110
00111100111100101100101110010100
00111101011000001101110001111111
00111101100001000010111000101101
10111100000000100111110010100110
10111101000111110011011001001001
00111100101001100010110110100111
00111100110011111110110001110000
10111101011101100011100001101110
00111101111110011100001101111011
00111100100001001011100111110110
10111100010100111110001001111111
00111101100110010000011011001100
10111011101010111010101110011010
10111011110101010100111011000110
10111101001111100101001101001000
00111100111000111000100111111010
10111011110011001001101001111010
00111100000010000100010000100100
00111100000011001001110111111001
00111101010101101111100000011101
00111101100011011110111011110011
10111100010101100000010101101100
00111101011110011000101101100100
10111100111101010000110110000000
10111100100110000111001110111000
10111011000011100100100011100101
00111100001100100001011101000000
00111100000001111111011101100011
10111101100000010001011010001001
10111100111010110001110100010001
10111100100010001100100001110000
10111100011111000100110100100101
10111100011110011100111101110101
00111011101010011011001010011100
10111011100100001111011110101100
10111100001010110100000111100010
00111101000001101101100011110000
00111100101011110000101001011001
10111100100111110100011100001011
10111100010101011111111110001011
10111100110010011100001001011101
00111100111111010111011101110100
00111101000001111010110110001101
10111100100011010111101111110000
00111101011000000111001011010011
00111101010000100100001101010111
00111100011101001111000000101111
00111100110011011001111001100000
00111101000000001011000111010110
10111011000101110000101000011010
00111101100101100000011010101001
10111010000011110000001111010101
00111100101010001111111101000101
00111011110001101011111011110101
00111100101100011101111011111000
10111100111111011010110001101101
00111101101100010001110001000000
10111101100100101001110101010010
10111101111010100101001011011000
10111010100111110011110001101000
10111101010010110001011001000010
10111100011010011111101101011100
10111100100011000011011011110001
00111100000101110011110101010100
00111100111010100011100101100001
10111101000100111100010101110000
10111100001000101111011100111001
00111101000100011111100010000000
00111101011101110101110101111100
10111101011100010101001111100011
10111100001000101111001011001111
00111010101111111011100011000101
00111100110110100000001101000100
10111101001000000001010110010111
10111100100000011011001110111101
00111101010001000101111101001000
00111010110111101011010000111101
00111100101110000110100001001110
10111100010001011001000110011011
10111101000110000100011000100111
10111101000010000101010000000100
00111101010101111110111010011101
10111101101001001001001010100101
10111100001010001101010011010000
10111100111110100011010011001010
10111101011001000011010100100111
10111101001100111101111011101110
10111100110010011100110000110110
00111101000100101100111101000101
00111101001101100010101100000101
10111101000000110111111000111100
00111011110100101110011111000100
10111101000001111110100000001011
00111100100010001100110000110001
10111100111101001110100111100110
10111101101001101000010001111100
10111100011000010010110001001111
00111011110110011100100110111000
10111101111000000110110001010111
00111100000101101001111001100000
10111101110111001101000110110101
00111100010100111001100011111000
00111101100000011110101110011111
00111101011010011000111011101101
00111100011101011110101010110011
10111101011000111110010010110110
10111100101010000000001011000111
00111100100011100011011111001010
00111100100111101001011110010000
10111100001100010101100001101100
10111101100000100000111000111011
10111011101011001100110001111111
10111101000110000001101011100011
10111101010110011110111111001010
00111101101010101010110101010000
10111101100101001001001000100001
00111011001100110100101110000001
00111100101110001110110011110010
10111101001000011011011011001111
00111100010000001011100110010010
00111101000000110101000101110000
00111100111100011001101101010111
10111100100010001001011010110010
00111011011111100010110101110001
10111100111000101101101000111010
00111100100110101001100000110000
10111101001001010110101100101010
00111101000111010010011110001001
10111011101010101010100000000010
10111100111010011110110001001101
00111100001011000001010101010101
10111101011110101001101101101010
10111011110111010101011011101110
00111101000111011101111100101010
00111011111100000011100010100011
10111010000100101001110111001101
10111100100110110110010100001100
10111100110100000101010110011101
10111101001001000001010011100110
10111010110000111100011011111010
10111100100111001000011000010111
10111101011011011100011100011111
10111101100011000000010001011010
10111100110110001111100010110000
10111100111110100111011101100010
10111101000111000000001100000110
10111101011100000010010111110111
10111100011000010011110100000001
10111100011111001100100101010001
00111100100010100010111101010100
00111101001011011010010010101100
10111101011010000111111011110011
10111100111101001001011101011010
10111100101100001010000000001111
00111101100100110000101000010001
10111101000101100101100111001000
00111100101101110101101111100101
10111011110111111011001001011110
10111101011000000001101011001110
00111101001010011110100010100101
10111011110100100101011111000100
00111100100011011110110101111100
10111011111011101001001011110000
00111100111000011000101100000001
10111100000011111101001111111011
10111100111011111101011101110010
10111101011100011100001101110001
10111100000001000011110000011100
00111100000110001111110111001101
00111100110100110011011011111101
00111101010101010000000000001111
00111100000001110101011011110110
10111101100010010011011101010011
10111100100010011011010110101101
10111100100100010110110000000000
10111100010000100000100100010011
10111100010100111111100111000011
00111100101110001011111101010000
00111100100001111110011100001111
00111101111011101000100001010001
00111011101101110001111100010010
00111011100111111010011010000111
00111101000100101110100111111111
00111010101011101110001111111101
00111101000001011110110100111101
00111011010000010111110000111000
00111100000101010011010101111101
00111100100110000100110101100110
10111010111101011101001111100110
10111101000101101011111011010111
10111101010101101100011011110010
10111101011101101100000110001000
10111101011101100010111110110000
00111100100000010000010110110101
10111101001001110110001000101100
10111101000111110111011010011010
00111100101111011000011111101000
10111101011010101000000000100001
10111010100101000010101100011011
00111100101010110010000100110110
00111101000011011011110010010001
00111101010010111001000100101001
10111101011100101001010000100111
00111101000111111011100101011101
10111011110101100110011000101100
10111011101101100111001010010010
10111101001001011000111101100000
10111101000110100011101101011001
00111101000111000010101110101100
00111011100000100100101110001100
00111101000011001111010100111100
10111100101011101010011011101001
10111011111011110011000011100000
10111101000010010001101010110101
00111101000110011110111100101100
10111101000101011001001111000011
00111101010101100001011001101001
10111101100100001110111110111111
10111100111001000110000011110100
10111101001010111110100110111011
00111101001000101001011110000001
10111101000110000000001001010001
00111101000001001001101001000101
00111011111110000011110110111011
00111100111111111000111100100011
10111011110010001110111100100100
10111011110101100010110001001001
10111100111011010101001001101011
10111100100010001101110111100001
10111100101100111000100110001011
00111101010001010011011100011111
10111011000010100111010000000011
10111011011010100100001011000001
00111100001101000010001011111101
00111100011000111011101000100010
00111011000010010100101110100001
10111011100011111010100000110110
00111100100111011010100101001100
00111101001111110010010000001001
10111011110110110100110010101001
00111100001100010011010110000100
10111101010010110101110111001111
10111011010110101011111001110010
10111100110011001001010101011110
00111100101100110100100010000111
00111101100001101000011001001100
10111011101000000100100001100110
00111010000011000011100000110010
00111101001100100100001101111011
10111011111010010100001101101010
10111101000101110010010010010011
00111101001000100000011100010100
10111101011010000011111111011111
00111100100000000000110111001000
00111101001110001101001111100011
10111011101100101011100100101000
10111101000110110111100001110000
00111010110101101101000010010010
10111101001000011010011010111010
10111100100111000100010011010001
10111100110010111111101010111010
00111100010101110101101010001110
10111100111101011110111111010011
10111100110010011101100100010100
00111101001010101110011100110000
10111101001000010110011000111011
10111101001010001010000001111110
00111101001011110010110101111111
00111011000010110000111100000010
00111100001111100011011010000000
10111101100100010001000111010101
10111100100001000001010011100101
00111100011011000011101001011011
00111100000110110001110111111010
00111011110011111111011110110110
10111011001111001001111011001010
00111100100011100011010010110001
10111100101000110010100100010101
10111011100100000001101001010110
00111100000111010111011000100100
00111101010111100100100000000011
00111101000011110110110111101011
10111101000011011101100011110110
10111100010110011010100000010001
10111100111010001000111101110010
00111101011001101000010011101111
10111100000001011001010100000000
10111011010111100101101110010000
00111101010011101110111111001001
00111011010100001001000110000101
10111011111000111100010000011010
10111011100000101111001110110001
10111101000101000100000001000110
10111100100011011001101011011111
00111101011000001100010010111000
10111011101111100001111101110101
00111010100010000011010000111001
10111101001101110100101110111011
00111101000010100000110101100001
10111100111011010011001010111001
10111011110011100011010110110001
10111101100010001100101110101110
10111100010010010110110001000000
00111011101101000110011100110101
00111011111000011111101000011110
10111011011110100101110110101010
10111100010110001011111000110001
00111100110011001000100100110010
00111100100111101011010101010100
00111100001001101101010101111011
00111011110001000001101011001000
10111101100000011100101100010101
00111100000100101011010100110000
10111011100110000001001001110100
10111100110010000010101101100100
00111101000011010011011000010000
10111101000011000100011001001010
10111101001100010100100100000010
10111101100100101001010011100101
00111100011101100000110100001000
10111101001101000101101001000110
00111101000101011111101011101110
00111011001101011110100101001000
00111011110111110011111101101101
00111101000100100100101001011100
10111100101001000010001100001101
10111101001000100100000011010001
00111101100010101001001100000010
10111101001001100111110010101000
00111100100100100100101011101011
10111100111111111000011011110001
00111101010000011100000111110111
00111100100110001001110101110001
00111101010000010010010001001011
00111101100110000100011011111101
00111011100101011010101000010100
10111011001101000110000110111000
10111100001110010111100001110100
10111101100011111111110010010110
00111101010101001010001110101110
10111101100001000000100111100010
10111101000110011111001101001011
10111011111000001101001000000011
00111101100101111100101101010010
10111101001101101110001010100101
00111101010000011000111000110010
10111101110111100111010000101100
00111100110100000000100010110110
00111101101000110001010110100110
10111101010001100011110101010001
00111011010011001111111000011111
10111100110111010010011001101111
10111100111000000110000111010001
10111100101110001111110010001001
10111100001101100100100011000000
10111100111000101010001011010111
10111100011101000010110100010010
00111101010100110000000011101010
00111101000110101011001110100110
00111100111011101110000000001111
10111100100010111101101001001101
00111100111001111011110011110101
10111101011010010000111100011111
10111100101111100101101010111110
10111011000001111011101001111101
10111100101000101101011001011101
10111100101101101011101111010001
00111011101011010101101010001000
10111100101100001011001000110010
00111100010010000000001010100100
00111100111110011110001100101010
00111100110101100011011010100101
10111010100110100000010010011110
10111100110110111010000011101111
00111100010100110100000100001101
00111010010110010101111100001101
10111101011000010101100001001000
10111100110110001001111001100111
00111101000001111101100110001001
00111101001110100001000000110111
10111101000001110111001110010001
00111100001111011100000010100001
00111100100110011010001111001001
10111100110010001000001001100111
10111101100111000101110001101001
10111100011000010011101000011100
10111100100011110100001111111101
00111101010101110110100110110001
00111100111101100001010000110010
10111100101001010110001100100110
10111100011100100100001110101111
10111100101000001010100001010110
10111101010110001001000011000000
10111100101111001000001111110111
10111100111011000000000011011011
10111011001111000011010001001100
00111011011010110011001011010100
00111100110001001100010100100100
10111010101000011001111101011100
00111011101010110110010001010111
00111100010010101110100101000011
10111101001000111010101001111101
00111100101001001100100010011011
00111011111101110000110001100001
10111011100010110111010100101101
00111100101000100101011111101101
00111100100101000100110000000110
10111011101010000100001111011110
10111101000000001101010001111000
10111011010111010110110100010010
10111101000011100110101011010000
00111101010000101000000010100011
00111011001100111101000011110001
10111100000110000110110100110001
00111011100001000010001111001111
00111100111010100001110101111110
10111100111011011111001010111101
00111101000000110010111110110001
10111100101001101000011011100010
00111101011110110110000110000010
10111100010001010101100000111000
10111100011010100011010011100011
00111101100101110001011011110011
10111010100100111110010000110001
00111100000010001010101111011100
00111101011111011010101101111010
00111100000001101100100000100011
00111100000101100011011010010010
00111100010110111011110000111100
00111011000010111000010110010001
10111100001111110000101011111111
10111100111111110010110100000101
00111101010110100001011100001000
10111011111001110000001101101001
10111100111011001001001110111110
10111101010000110000001111011010
10111100111100011100011111110101
10111101001100110001100101010011
10111100001011100010010001001001
00111100101111011011000100110001
00111100000011000000010001100011
10111011101010000111110100100110
00111100010110010011110010110111
10111100101111011100000000100101
00111011110011110010011001110111
00111100101101110010011111110001
00111101001011010000000100011001
00111010101100101100100011101000
00111100100010001110000100101000
10111100000110100010101001100100
00111101100010000111000100111110
10111101000111100011001110000101
10111101100011011010001011001101
00111100101011110111101100111110
00111101111100011011011011010001
10111101100101110100001001111000
00111101100001010100100010010101
10111101000101000010001110001111
10111010110110000110110010101111
00111101010101001011011001011101
00111101100001010101010011100100
00111101000010010100110000101111
10111100101000100001001010011111
10111011110000000011010000000000
00111100100001100100011010000101
10111101011110110000111010001001
10111101000110010011000111000101
00111100101011000010111010101100
10111100111110011000011000001100
10111101010110101000011111100001
10111100110011011111101111000111
10111100111010110100110110110110
00111101001100001111111010011001
00111101100000000110010111100110
10111101101101111010001001101111
00111011100010100101110100001000
00111101001111111011011001010101
10111101000010100000100101001000
10111011100110010010100111001101
10111100011111111100101000110000
10111101001101000110110100011010
00111101000100110000011110101110
00111101000011110010101110001111
00111100001010011100000010011000
00111100110011101110110000001111
10111100110110101000110011110100
00111011111011111011101101100001
10111101011101110101001010000100
00111101000000011000111000001011
00111011011100011110000110100101
10111100111001011101100010111100
00111100110000110111000010100001
10111100000001100111101110111101
10111100001100011010101110010000
00111101010001111100101111101010
10111100101110111001111110000000
10111100110101111000100001010111
10111100100000101001100011000011
00111100101101010100010110001111
00111100000101000101010011011101
10111100000100010000000101000001
10111011100011100111110110001011
10111101000111111110101011010101
00111100111111101001100001000101
10111001110101110111011111111100
10111100111001010000010011000001
00111101011000100001000001101011
00111010100101100010011110111111
10111100100100000000000001100001
00111011001011100010100010110001
00111101001101110010011010101010
10111101001101110110110000111111
10111101001101011101010011111000
10111100011100010101100101100111
10111101001011111101000001000101
00111010110101010111101111000010
10111101010000001100011000110000
00111100101110000111001000111001
10111101010010101001010011110110
10111100110100011011101011000001
10111100101011001011101111111000
00111100011011010111110101100100
10111101010010001100101111000110
10111101010010111001111111101101
10111101001101100011110100011001
10111100001111110011111101100001
10111100001101110101110001100100
00111010111100100000000110000000
00111101100011011110010010010010
10111100011100101100001101011011
00111101010011010000100110010001
00111100011101111001110000011110
00111100101001001111011101110110
10111101001101001001111100111011
00111010110011001111101010010111
10111101000010001110000110011111
10111110000011000110101000110010
00111100110000101010101110110011
00111101000100000100011111101000
10111100100100101111010111100100
00111100101010001001100000100110
10111100101100110011101100100100
10111100111101101101011101100011
00111100100001010110100011001010
10111100111001001011101110000101
00111101000111011000000000110011
00111101011100111111011101011010
00111011101010110111011001110101
10111100011000100000110011011010
10111011111100110100010001101000
10111100100011111000011011000001
00111100111111010010010111101100
10111101011000100111100000011001
10111100110111101110010000100100
00111011101110001001111010010001
10111100101000100000011111110010
10111101000111011100100110111011
00111101000100100010011000000100
00111101000100100001011001010000
10111100010011110010000011001100
00111101010010000010000101001000
10111101010011000010000010101000
10111010110111011001011110000101
10111101100000101110101010010110
10111011110111001000011110010101
10111010110000110111011000111100
10111101000101011011101101011101
10111100001000001011001000010010
00111101011110100100101111001001
00111100101010000101000101101111
00111011001001000100100011101110
00111100001111100111011100000011
00111100011110100111001110101100
00111101001111110010011011110010
10111101100101001001010010110001
10111101000100010010100001100000
00111101000010111000001101100000
00111101000011110001110101011011
10111101000101101011011010011011
10111101011001111011010011001011
00111100110101111010101111001000
10111100100001110111000110000010
00111010010010100101110010100101
00111100110110010001101110110011
10111100101001000001110100000010
10111101011111011010010000001110
10111101001011100100100100110100
10111100101000111000101101000110
10111011100001100011010000000100
00111100010000001111011101011010
10111100001000011110011001110001
10111100101100110100001101101011
10111100000111000011111101000011
10111100100011111110110110001011
10111100101110110000010100011001
00111101010100100100100111011100
00111100011101001000111100001000
10111100110111111011001101011001
00111101000001101010010110110010
00111100100101110100010010001110
10111101100011111010100101000111
00111101011110011100010010011000
00111101000100111111110001110110
10111100101000010011110000001001
10111011110101010001000001100000
00111101010110111100001100111011
10111100110101010110001011101001
10111101000000001010010100111011
00111100010010101111011010011010
10111100111011011111100011001111
00111101001101011101100100111010
10111100111001111110100010100010
00111010111011111110110110110011
00111101010011001001011000001100
10111101001001000011011111100010
00111100101011100111101010001101
00111100100001000010011010000101
10111100111001110011111001001101
00111100101000111101111001110011
00111101000000101111000101010011
10111100010010111110001010010111
00111100101110110111011000110101
00111100101001011000000111000111
00111101000011001110001011000111
10111100011101110110011101011000
10111100110110111101100100110010
00111101010011010110101111000000
10111011101000111110011110111001
00111100000001100010010111001100
00111100111011001100101000101011
00111100000110110110101111000011
00111101010100100000011010001101
00111101011010000100111010000011
00111100100001001111001101101101
00111101101101101110000100100010
10111100101110011000101101011111
10111101100010001101010000011111
00111100101001110010001001100100
10111101100101011100001111100010
10111011001111010000101000100001
10111011001011001100000010111011
10111101101001010111000000000011
10111101011100110001010101101010
10111101110111001111000001100101
10111101000011011011000110001000
10111100100101011100010000000111
00111100100111111000101101001100
10111100100011101001001100001001
10111010101000110110100011011010
00111101011011101000110111110101
10111101000110101010100110000010
00111011001010110100111000000111
00111100101101101110000110001011
00111100000100000000011011111001
00111101011000101111011100010000
10111100000101100110001011100101
00111011001111111101110100101000
10111101010001010000100110111100
00111100001110100011111001001011
00111011110011100101101010010011
10111100000101110110010101001101
10111100111000011111110100001000
10111100101110001100101110111010
10111011111101010010001001011011
10111100110010001010110101110110
00111100100000101100000100100110
00111100000101110111000101010100
00111011110011111000101100111001
10111100101110001110000011010001
00111100110011001100100010111010
10111101001111111001110010010110
10111100101100111111110001110000
00111011111110101100010010011110
10111011010000001001010100101010
00111100101001000001000111101010
10111100100111010110010110010000
10111100000011111001010001110111
10111100110011101000010110110010
00111100011010110010001011111101
10111100100110101001110111000000
00111101001110110100001101110000
10111100111011111010001010111001
10111100111000001011010010111100
00111101010101111000111010111011
00111100100101110110100011100100
00111101011011100011001110101111
00111011111010010111111101111111
00111011110001100101001011110111
10111101000000011001010011010100
00111100101101010011111111011100
00111101100001100111001110011011
00111100001010000101100100001110
10111100101110011011000011111010
00111101011110010000011110001011
00111100010110001111101010011110
10111100110001000000100010100010
10111100110001001011100100101011
10111101100101111110110000111111
10111011000011010100100100000111
10111101000011101101011110010010
10111101000001110011010010111101
00111101000010101001111101010100
10111100101001010001110110110011
00111010110100010000100111010010
00111101010010011110111001111000
00111010100010001010001011101010
10111101000001100100011110001011
10111100100010101111101011100100
00111101011101000001111101011011
10111100111011111100101001010110
00111100100110000010010110101000
10111101001111111111110011000101
10111101001000111111001111011100
10111011100000000110000111010011
10111010100001000010001000011001
10111100010111100111111011101000
10111100110100001000011010110100
10111100110101010011111010001101
10111101000110011010110001111000
10111101100000110100101001110000
00111100110110111000001100001011
10111100111011110000111100110011
00111101011010101110110100100010
10111011011001010100111011000011
10111100101010001011100001110111
10111100101111111111011111101111
10111100111110011111111001001000
10111100000111110010011011011111
10111101000100010011101101101111
10111101001100010110011100010010
10111101100000000001110001100101
00111100100100011110000100101010
10111101010110001100001011010000
00111100111111010101011110101111
10111101011011011011111100111011
00111010110101011001011010001001
10111101100010010001010111100110
00111100000110110111100110011100
10111101000001101001000110010010
00111100101111011101101010011110
10111101000001110111100000100111
00111101000011011001000010110000
10111100111001111000101111011100
00111100111101110000100010100111
10111101010010001010101010011010
10111100010000101001110010111100
00111001110110111000110101110000
00111011111111011100111111011010
10111101000000000011010001110000
10111100011111111001001111101001
10111101010010110010000101001010
10111100110110000111100101110101
00111100001000110001101000101111
10111101011001110011010011111110
10111100110110000111011010101111
10111100001001000101000010001110
00111100010100110000010000000010
00111101000110101001001110000101
10111100010000001101011100010011
10111011111111001101001010011110
10111100000110011000101101100100
00111100111010001001011100011010
00111010111000010011101010010100
10111100101110100001100110010110
00111101010010110110000010011110
10111100110010011010001101100001
10111100100011110010100110001110
10111100111000111011010000101000
10111100101010111111100011001101
10111100000101111000000110011100
10111100111010101110111111101010
00111100111100101100001011110111
10111101001000000011000000010100
00111101010011001100001010000110
10111101011000010111011101000001
00111010101000000000000110011000
10111101011100101000010010100111
10111101011000101001100011110111
00111100010100100101000111110001
10111011100111000011010100010111
10111100110100011011110100010111
10111100001010100001110101111000
10111101001001100011101100101110
00111011000110011110110010110100
00111101010001000111100000010110
10111100100101001110111000000101
00111010100110001001100111100111
10111100100101001000110111011010
10111010001100011110010011000000
00111101001111110000100000110000
10111101000011001001100001010010
00111101001101111100111010000001
00111101011101001100100110011100
10111100010101001001110111011100
00111100011101111010011011111000
10111100010101010010110100001011
00111101101101010000011000110110
10111101001111000011101001111101
10111100101001010000010110000010
10111100100101011010101000101011
00111101010010100011011101101000
10111101100111001001000010011001
10111100111011010101001100010101
00111100101010100100100001011110
10111100100111001101110001100011
00111100101100001100000010111000
10111101001100100100010000000011
10111100010100001101111101001001
00111100101001000011010001100000
00111011101010000011111001100100
10111011011010100110010001000110
00111100111011001000010111010000
00111101001011001100011101100001
10111101001100101110111000111110
10111011111010001110001010101100
00111011111101100111100010001111
00111011110000100011001101010111
00111011111110001101111101010110
00111100100110111010110001100011
10111101011011100101101110101101
00111101001000000111101010110110
10111100001010000110100001110000
00111000110101011010110001111001
10111101000011111111011001010101
10111011011101001101001100100111
10111101011111100101110010001111
00111010111011101011011110100100
10111101001110011100000100011011
10111010000011100100101000100011
10111101100001100001001010011000
10111100011110111101011001101000
00111011101010101110101001111001
10111100000000111101010011111111
00111100001110010011011111011000
10111101000111111100011101011010
00111100101000111000011110010011
00111100011000000011000011000001
10111100000001100100100010010100
10111101000010111011110011100011
00111101100000001000000110100101
10111011110001001010010110011010
00111101000101110010000101100010
00111101010001011101110101011000
10111100010110101110010110111110
10111100111011100101110101001110
10111101011011100110100110001000
00111011100101101000011111111001
00111100110100100010000100001011
10111101001100010001101101010100
10111100100011001101010010000100
10111010100001101011101001001011
00111100110101111011000110001000
10111101101101011001100010101010
10111101001111110001001000101000
00111101000101000001011101001110
10111101010110111010110010101111
10111101100001000000000100001000
00111101000101111011100011111010
00111101010100010011011111010111
00111011100110000111111100101000
00111101000101101001100100010000
00111101011000000110001000110100
00111101000100111011111110011110
10111101000101110011111100111000
00111101001100001111011000111000
00111101000000000011010000011100
00111100111011001110011100100100
10111100100010000101110111110100
00111101001100010100111010000111
10111100010111000101011010100100
00111100100101001111011110110101
10111101011001110000110110010010
10111100010101100100001111100010
00111011001010011110000010110110
00111101010000110010111000010001
10111101100100111100011111111010
10111100010110111010100011000101
10111101000011010011101011011110
10111011000101011101010000000101
10111100110000000101110011100101
10111101100001111001010101001110
10111101000010011010000101100011
10111101001011010100001001001011
10111100111001111001111111101110
10111010010011110110100101010101
10111101000111010110110010001111
10111100101110001011101100010011
00111100101001000001011010000101
10111100010001110000001001010000
00111100110000110000001110100101
10111011100110010110110100111011
00111101010110111001110111011110
00111101010010100110010111110110
10111011011010010111110101110010
10111100100000010011010101000110
10111101000101010000011001000101
10111101101001001010101000111101
00111101100111011011101000010110
10111010111000111101110001001101
10111100101001010011101100100100
00111100011110101010000010011001
00111101101011010110011101111111
10111010111101001111111110000001
10111100110010111110010000110001
00110111111000010011110111111011
00111011110010100101011110000001
00111100101000101110001100000001
10111011100010100110110011100010
10111100101100011000101001101010
00111100010101100101111100100110
10111010110110010111011000011011
10111100110110100110110110101001
00111100100111011011011010010100
00111100010001111101111011110111
10111100101100110010111100101000
00111100011000000100110001101001
00111010110101101111001001111001
10111100000101000100110100010010
00111101000101010011111010100111
10111101100010100001011010100100
10111101010011101101110111110011
10111011001110100100011010110111
10111100101011011100001000111110
10111011000010000000110101101010
00111011111011110010110100010111
10111100110100001010100011101000
00111100010010101100000001001100
10111100000001001011101000000001
00111100100001101101110000101011
10111100100010011010011101111110
00111100100001110101000011111101
10111100011011010000000100110100
10111100110101011110111000001000
10111100111000100110010111010010
00111101010100100110000001011101
00111100111100101100010000000001
10111100100010001000000000101111
10111101000001100010001011001011
10111100100110111001111001001010
00111011000101001001011101010010
10111011011001001101000000110010
00111100100100000000101100010101
00111001011011011001010011001010
00111011111111100111001001111000
10111101001001111001001010100110
00111101100101110011110010011111
10111100111010111010000011010001
10111101100010111100010101101111
00111100010000011010101011011010
10111101000111001100110000010000
10111101000011100111001111101110
10111101011110010101101111010100
00111100100110010101000001101010
00111101001010001000111111010011
00111001101110001001010001100110
10111100001110001001110001100000
10111101011010100000100011100011
00111101010001010000101111011010
00111100101011001010011010100111
00111011100101110111100110001110
10111011111010100111111110100100
00111100101100110100001101010001
00111100000000010111011111001010
00111011001000000010101110100000
10111101000011101101100010010000
10111101000111111110010001010011
10111101000010101010000011000111
10111100111000010110101110000111
10111101011011110110100011010100
10111100111110011101000011010101
10111101100101100001111101100111
10111101111010101011001010100111
10111101011100000101001111010100
00111101001001001010111011111001
10111101010101000001000101011111
10111101100111111001000001111101
10111101110110110110011111111011
10111101010000011001011110011111
10111101010011100100111111010010
00111101000100001100100100010011
00111100010111010000100010111101
10111100111001100011010010000011
10111101010100010001110011010111
00111101010000000010011001001110
00111011110100000011111110010101
00111100100111100001001101010000
