00111101101111101110010010100000
10111101111001110111100111010100
00111010010111100000000100100001
10111100110011000001010011110011
00111101111101010011110000011000
00111101101101100010011010001110
10111101001101001001110011000110
00111011101000110110011111010101
10111101000110110001010110100100
10111011011101001111111100011010
00111101111110101111000001110101
10111101100111010111000001111101
10111011011110110011010110011100
10111101011101111100110001100101
10111100110110111101011100111011
10111100110111010111110100101001
10111011011010101000011011111001
00111101110000010011111010110000
10111110000000110010100101000110
10111101100011011101011101011011
00111100000010110110001110001000
00111101111011001111100001000100
10111101101000111001111101101000
00111100110110100111110111100110
00111101100011110111101111100001
00111100111110110000100000010011
00111100100111010111111100010000
00111101100011111011011001010110
00111101100000101000110011000011
00111101101001011001000011011111
00111101010110001010100110010100
10111100010111100100100100101110
10111101000110110110101001011100
00111101000111010000000010011100
00111101100111100111100111101101
00111100011011000011101001110110
10111101001010011001001001001100
00111101010000111000110001010010
10111100111110111100010010000011
10111101010111011100111000011110
00111101110110101011101010111011
00111101100110000011111110111111
00111101100110101000110000000110
00111100110100111011010110110001
10111101101000111100000110110001
10111101110001000101000010001000
00111101100010100101110000100100
00111100101110010111101111101011
00111100111110100000000010011001
10111101101001011110101011010001
10111101001100000010001010011101
00111101100100010101101010111000
00111100110101011111010011000100
00111011100101100010100010011101
10111011110000110101101010000101
10111101001000000111011101000111
10111110000001011111100111010000
10111100010011010111100001011101
00111101101010100110011101010101
00111101110001000001111110010111
10111101100010110100111001111010
00111100110001101010101001011010
10111101110011000100101010111011
00111100100101011010111111000010
10111100100000110010101010101001
10111100110000001010101110001000
00111000010001000101001110011110
00111100010111011110111110111111
10111100110100010110011011001100
10111101000100101010110111110110
10111100110010100001101111001010
10111011001100001010101011001100
10111011000101101100000011011011
00111101000010101110110110011111
10111101110101001001011110110000
00111100101101010001101101110111
00111100001001010100011100010100
10111101110101100001111101101011
10111101011000111000100101000000
10111101101011011111110111110110
00111011000011010011101001100001
00111101011001001010111111101100
10111101011010100001100010000110
00111100011100000111111000111100
10111101100010011111101110101010
10111101011101101110100101001011
00111101100000000111000011110001
10111100111100000000110111110001
00111101001100010110001101110001
10111101100110011101010011101101
10111110000011100101111000100100
10111101110101011010010011101001
10111101011011100111011011000111
10111100111011000111111001100010
00111011011111011101010000101110
10111101110000101100000000001000
10111110000010100000000011000101
10111110000011000001101000011001
10111101100101000101001101100000
10111011100011111100011000110001
10111101110101111100111001110001
00111101110000011100011101101010
10111011001111101001111110011001
10111101010001111011100000010100
10111011110100111001011011010011
10111010100100111111100101010101
10111101101100111100001010011101
10111100110000110000100001111011
10111101101001110110100110111111
10111100110101101100000011000100
10111011011111010110100100100101
10111101001011010110001000011111
10111100101010110011100110100101
10111100110101010110010000101101
00111101111011010101000100101011
00111101000010110110011111010111
10111011011111101010000001001100
00111101010100101100101101111110
10111100110101011101010001101010
00111101100010011101011010000111
00111101001011010011000011111111
10111101111100001101000011100010
10111011000011111001110011000011
10111100000101110011000010110000
10111101011010011000011101111001
10111101011101101111011001111001
10111101000011010110010111010101
00111100010110110010011000100101
00111100101111011110000000100010
10111101110100011000111101010110
10111010100001000110011010000101
00111101110111111101101001011111
10111101101000001100111110001100
10111010001100101011101100101110
10111101100010110001110010001100
00111101100100010111101010110000
10111101110000100100110111010101
10111101001011011111001010110111
10111100111111011110011100100010
10111101011101000110110001011010
10111101100001011001101111011001
00111100010011001111110010011000
10111101000101010010001000101111
00111101000001101010100001000000
00111100111110111011011001001111
00111100111100110010000011100110
10111101101101110100011100000000
10111100111010000011000001001010
00111101010101001100011111001111
00111011010100000011000011001010
00111101111101110111010011111001
00111100100100110000101111100111
10111011110011001010110100000100
00111101010001010110110011011000
00111101100110000010010011101000
10111101100000000111000001010100
00111101101110011100001111110000
10111101001100011100101110001000
00111101101001111111000001110101
00111101010011110000111010110000
10111011111001001000110000101000
00111101011000110100011101000001
00111101111000010101001011101011
10111101110110001011000010001101
10111101010110100000010000110000
10111001111001100110010101111100
00111101001110110010000011000100
00111100111100100000111110000011
00111001100011110111100011010110
10111101000101101001010011111101
00111100011111000011011100010101
10111101010001011001010110100001
00111101110010001010101100101100
00111011110001111101001110010110
00111101010110101101100011100001
10111101000110010110000100001011
10111101100110111100011110101010
10111101110010110011111100001110
10111100111111010101001110001010
00111101100010100100001111001100
10111110000001111010000110010100
00111110000001000111100010111101
10111101111001011101111110110100
00111100100110110111111011100101
00111100011000000011111101010010
10111101100110100111000001011010
10111101100011010100010001011100
00111101000100110000010100000000
10111101100110001111110111010000
10111101101011100001001101001111
10111101110000100111000110010010
10111101010000001101001000100010
10111011001110101000001011110011
10111101001100001001100000111100
00111101110101011001111010010111
10111100010010011111100011000001
00111101010010010001111000111000
10111101010110110111011111000010
00111101110000111110110011001000
10111101110100001011011011011111
00111100101111000010111000011111
00111101100011101111010010110011
00111101110100001100100101000110
10111101000001101010100010101000
10111101111000111101001110001011
00111101001100001111101100011001
00111011000101010101011101101101
00111101001111101001001111010011
10111101100011000001001011100110
00111001000000010000101010111000
00111101011110000001110100000111
00111101101000011010100011010100
10111101100001111010001111111100
00111100001110000000110101110100
10111100110010000100100100101101
10111101100111000101011001000111
00111100110000110001001110010101
00111101000100111100011101110000
00111100100110101010010010010011
00111100000100000101100100100100
00111101000110011100111001010000
10111101100110100111011010010000
10111100110001010110001111101110
10111101100010000111000011001010
10111100011000100111010110001010
10111101100001111101011100001110
10111101110010101111110101111100
10111101011011000010101001100001
00111101000011010000011000010001
10111110000000101101001100001010
00111100011111011001101110110010
00111101101101100010100010101101
10111101000000111100011000111001
00111011001001100000110001011111
00111101111111010011000000001100
00111101010001010001101011111010
00111101100001110010101101001001
10111100100000001111100000011110
00111100011000000000011001110010
00111100110111001001000100110110
10111101100010010101000001000010
10111101100001000101100010001010
10111101001111001011011110001100
00111100011100000110110110000101
10111101010110010010010101001111
00111011100111010111010110100011
10111101110001101101010110000010
00111011111111110111100100100011
10111100000111100010110101010110
00111100100111100110010100101000
10111101000011010100000001110110
10111100101010010010101111001101
10111101001001100101111111111110
00111101111000000011011000100001
00111101001001111010101100111111
00111011110011001110010011100100
10111101100001000000010001101100
10111101000101100111011111001010
00111100101111001000010010110101
10111101111100001101100101101101
10111101100110000000100111110010
10111101110110110111101000110001
00111101100110110010111011111011
10111101101010010110011101110011
10111101101101100100000010100101
10111101110000001011001111001010
10111110000010101001011110111001
10111100000010100101110000100101
10111101011010000011100011001011
00111101001101000111110100000100
10111101110001101101100001110101
10111101000111010000111100010101
00111011001000110010001000001000
00111101101011100001011110101110
10111101100000010000100011001101
10111101010100010011000111000001
10111101001001100111110100000110
10111101010010111100101111111100
00111101101011100000011010011001
00111100011011000100001110001000
00111101101110101101111001010000
00111101110011001111100111001101
00111101101110101010010111010100
10111101100110010011010100011111
00111101110111110111111100001111
00111101100100001010001110010110
00111101011100010001110001010011
00111101001010111100101111010101
10111101000000011111000101111111
10111101000010000100001100011101
10111101010001111101110110110100
10111101110100111110010000101001
00111101100110101111110001101110
10111101001010011001010111110101
10111100010010000111000101101101
10111100111000100111011110011010
00111101011100100110101100001011
10111101000101111100000111011100
00111110000011100110010110001101
00111101000100110110110101101100
00111101010111100111011100000100
10111100111000010110110000100000
10111100000110011011100110101010
00111011110011010001101010101100
00111100101011010111101000100011
10111101000011101110110111001101
10111101111000101101001001001011
00111100001101101011100011011010
00111101101100001001111111001011
10111100011101000011111010110111
00111101100110111011001100110110
00111101011011001010101111011111
10111101101000001110101011101000
10111100111001010011001001011010
00111101011010000001111011010110
10111101000111100101100011100111
00111001110011000111010011111111
00111100010001000101010010000001
00111101010101100101100101001001
10111101110111101000010100101011
00111101101000001011111001110110
00111101111111000111001101011010
00111101010101100101011101000100
00111100101101100011110001010101
00111100110000011101101111010011
00111101000010011100101101100011
10111101001011000110101010111000
00111101100001101100111010111101
00111101100000000101000101100010
00111101100001010000010011001101
10111101100110010111000100111001
00111101001101010110011001101100
00111100010000110000101001100111
10111011101011100000011011110001
10111101000110000010011010111100
00111100101110110011011100101101
10111101101010010100100011011101
00111101010110001000110010011110
00111101100011001100001001011010
00111100111000100111000001001011
10111100100001101001000100001111
00111101000011111011100010101101
10111011000010111110101110001110
00111011100011111011110011110001
10111101011100000000110110011001
00111100011101000100010110110010
00111100100100110001110001100000
00111100100100100011000111001010
00111101000001101111100011110011
00111101011100000010000011110111
10111101011000111111010110110011
00111101111001111100000001000100
10111101110100010010000010111110
10111101101101010110100011111111
00111100100100000111111100100010
10111101100001001111111111001000
00111101011010100101110001001011
10111100110110100111001010001101
10111101000010010100001000100100
10111101101100111111100010011111
00111101000101000100100010000110
00111101100000101111001111110101
10111100101111101111010010100001
00111100111110001101000000101001
10111101000001010001110010001010
10111100001011110111101011010010
10111101000111010101001001011011
10111110000000001011111100011001
00111011101010111001010011010110
00111100100010001111011101001101
00111101001111100111101011010110
10111101001010000001001111101010
00111101010111011110101100111101
00111101000110101000100110110001
00111101010110000101000111001001
10111101010101100001101011000001
00111101001000001111000101000111
10111011001000001001101110001011
10111100110011001000111101011110
10111101001110110100101110100100
00111100100100010100101010001100
00111101011100001111100011001011
10111101001000010001000101100110
00111101101000111000111001010010
00111101001010011001101010010001
00111101110000101000100110001100
10111101100001001000111101100010
00111100101001111110001000011001
10111110000010011111110011111001
00111100101100001111110101000010
10111101101100001110100010110011
00111011011010010011011000010101
10111101110000001011000110010100
00111101111000001110101011011011
10111101110100101101110111001001
10111101010001010101001010001101
10111100100001110010001111001100
00111010100001001100010100111100
10111011011011110101000001110100
00111100110011000111010011110001
10111101000110101110000001011110
10111100101000111110001101010000
10111101010010100000001110011001
10111101010100100011000111000101
10111011100011100100001011000111
10111101110101111111000010111111
10111100001001001111101111100110
00111011010010011111111110101011
10111101110001100000100011001100
00111101111000101110111101001010
10111100110100101010111101101011
00111100001110101011011110010000
10111010110001010010100011011101
00111101001000001010110001100010
00111100111010110000100010000100
10111101101110110100111100000100
00111101010000100000010111101100
00111011110000011101101000001000
10111101000001010001000100111010
10111101100101001001001110010111
10111101111101111011111101110000
10111101000001011011111011011101
10111101000000000010111101101000
00111100000100101010101010111010
00111101001010001000010101010011
10111101010100010000000111001001
00111101000110100101000110110110
00111011011000111010001111100000
10111100110101110100001100001011
00111101011101011110010000001000
00111100001101001111001111010011
10111101000110011011001100001010
10111110000000110010010000001011
00111100110111011000011111110011
00111101011010000010000101100001
10111011011110110001000001100000
10111100100101110100101001110101
10111101010100111010010100101001
00111100101101000010011010110001
00111101001110101101011100011110
10111100100011001101001010100011
00111101000101110000111101110010
10111101101001101000110111101001
10111110000101011101001100111100
10111010110100011101100010100110
00111101011110010010101000101111
10111101100010010010011101001010
00111100110110100100101100100011
00111100111110010111110111101111
10111101001100001110001100100101
00111100110010101110101110011110
00111101101111100011011000100101
00111101100000000111111011000001
00111100110011000000000101001010
10111101101100010011001101101110
10111101001111111010011001000001
10111101010100010111001000100110
00111100100011111111110001010000
00111010111000100100000101010001
10111101110001001010001110101000
00111101110011010001010111001011
10111101111010100000010111110111
00111101110011010111000010101100
10111101001011001011110011010101
10111100010010001100111001001011
00111100000100001001101111010101
10111110000100101100001100011110
10111101111100000001101011110101
10111010101011011000010000110110
10111101000011111011011100110001
10111101110110011110110011111011
10111101100010011000010010111101
00111101000000001110101111100011
00111101100000000001010110010011
00111100110001010110111011101010
10111101100101000111110011101111
10111101111001001100001101001111
10111100111110011011111100111010
00111100111011111110100010110011
00111101111000111111101101101011
10111101100100101001010101010000
00111101100010001110101101110110
00111101010010100110100100000100
10111100110101001110000110010001
10111100000111001111011000010001
00111011011001011100010001011001
00111100001000100010100000111111
00111101100100100010001001001011
10111101011001111101010010001110
00111101110101100001001010100000
00111100100101000100110101110101
10111101100011101100111100110010
10111101010100001011100000000111
00111101111011010100110101001111
10111100010001010010111101001101
00111100010100001100000101100010
00111110000000001010010010010001
10111100100111100001111011100111
10111101011010010000110011001110
10111101000000000010010010101100
00111101100001101001110010000000
10111101111100100110000011000011
00111101100000100110111000011110
00111101100001111111100001010000
00111100100100000110110001010100
10111101110001001000001110110000
10111101101101010011001001110011
00111101100011110111111111100101
00111011000111010100001100000111
00111101001110000101010001001001
10111101001110110001101000110101
00111101100100001011111010111000
10111101100000100001101101111101
00111011001010100010101100000110
00111011111011100101101001010010
10111100110001010011000100101010
10111101001111101001000010000010
10111011001111001101111000100001
00111101011100001001000010000011
00111101101001100110100100101010
00111101000001111111101010111100
10111101001011000111000100000110
10111101111001101000110100101010
10111011010110001011100000011000
00111100101000000000101100100110
10111101101111000101110100001001
00111100110110111001000001011111
10111101001011110111000011000110
10111101001101000010110101010010
00111100010000110100100101101011
00111100111100011011011001110000
00111101001011110011000111101111
10111100011001110001101011011110
00111101100110001110000101010110
10111101111011111110100011011110
10111101101010010001010010110000
00111100010110000110000001111001
10111101000010001010001011011000
00111101011111100000101110111101
10111101110100010110111110010100
00111101110010001000001111011011
00111101001101001101010011111111
10111101111011111001001101100000
10111010001000010011010010001010
00111010100110010000001110011101
00111100111001110001100111000011
00111101010000100011111011100101
10111100110111110001110101001110
00111101011001001000111111000011
00111100100111001011011000110011
10111011011100101011001010111011
10111101010111100011111101110110
10111101001100010100000110000110
00111101100100010110100111100111
00111011111001101110111111011001
10111101110100000000000011100011
00111101000101100011001101000110
00111100110010000000000101001011
00111101001111101010110001001101
00111101100010000010101111101011
10111010011110001111101111000111
00111101011101011111000010101010
10111101110001101110111001101011
10111101100111111100000010000011
10111100101001001011010111111011
10111101100001100110010101110010
00111100101001100011011001011010
00111101100001101000011010011000
10111011111110001111101000110110
00111011011011000010110110111001
00111101101111110111111111000111
10111011110110111011110100111011
00111101100111000100100011110011
10111101001111000011011010010000
00111101010001000000010110010100
00111101110100000101110111101101
