10111101010101100100011000000000
10111101111000001101101001011110
00111101010101011110010101110010
10111100100100001101010111000011
00111100000111100111010100110011
10111101010001000001001000101000
10111101011101110111110000101010
10111101000100110000110101111001
10111101100110101101001101101101
10111101010111000000111100001010
10111101011101100000010001010000
10111101011010101010100011111100
10111101100000110111011010001010
00111001101111110111101111011001
00111101010101110100000111001101
10111100111100101011001101010110
00111101100001011111000101100100
00111101111110100110110011111111
10111100011101110100101000101101
00111101001011010010010111010001
00111101100111100100000110011111
00111100001101101110010110011101
00111101111100010010011001100001
10111101100010110010011010111100
10111100101111000010001000100011
10111101001111110000000110001000
10111100101001000101100010011100
10111101101101110100110110001011
10111011111000111000000101101000
00111101101010000000011011001111
00111011101100001111110010110010
10111100011001111000000011100111
10111110000001100000010110011000
10111101000010000101000000010010
10111101001011010101010001010000
00111100001010100111100101011100
00111011100110001001010000001001
10111100000101101001100000100100
10111100110000100011010001100000
10111101100000010101011011000001
00111011110111000000010000100100
10111100000011111011011100111011
00111101100010110100011010000110
00111101000000000000000011010000
00111110000001000010111111011110
10111100111100010110101100010101
00111101000000101001100000110000
00111000101110111001100010011001
00111100111100010011101100001011
00111100101000010101011111010000
10111100111010001110101000011000
10111101011011110011111000000110
00111101101001011001110011001011
10111100000010100011110110111110
10111101011000100110001111100011
00111101101110101010010101010100
10111100111000101001000001001111
00111101000010001100011010011001
00111101001010011111100001101011
10111101111101011011010111000001
00111011110011000111111011001010
10111101110010101111110011000110
00111101011010011110110001101011
10111100111000101100110000011111
00111101000110000110101101101111
00111101101111111111000001011101
00111100110010110110000100000010
10111101101000001000000001110101
10111101111001000011001010111101
10111100101110111010000010110101
00111101100100011110111111111110
00111101100000011000000111010100
10111101100101000010000111010011
00111100100001001000001110011001
10111101011101110100111001111011
00111101001011110011001101110111
00111101011010010110101110101111
00111101110000011000011101011011
10111101011011110000100111101000
10111101101110100101001001100011
10111100101110101010010100001111
00111101100110010110001100000101
00111101001010000101111101100111
10111101100010010000101110100100
10111101011010011001000001011101
00111100101011001110011011100010
00111101000011011100010010101100
00111101010111111111101001010100
10111101101111000011001001110000
00111101101101000001101011111010
10111100100101111011111110110001
10111101000011111101100000110101
00111101101110000011110111001110
00111100010001100001110010000101
00111101001010010110010110010110
00111101110001010110101100000011
00111100101001001010000100111011
10111100110101101011111100110000
00111101110001000011111101100101
10111101001100000100110000111111
10111100110001001100111100110101
10111101011000110101100001011010
10111101011111100101001001010001
10111100010000101111101111001101
00111101111000111110011000101101
00111100000011011000100011001100
10111101100110101100111101100000
10111011111000000011101101010010
00111101111010000101110011010100
00111101111010001111110101001001
10111101011011010100111111001010
10111101011110000010110011100001
00111100111111101011110010110100
00111101000001111111101101101111
10111011101101111010000110000100
10111100000100001001000010011010
10111101001001000001010110101111
00111101100010100000100101001011
10111101110000111010010100111111
10111101000100001111101001110101
10111101001011111010000010111001
00111100000100110110110100100101
00111100011111000110111110011110
10111100110010110001011011111000
10111101001001011010000100000011
00111100011101111110001011000100
10111110000000100010011001101101
10111101010100100011011101010101
00111101101100010011000111110010
00111101101011000001001111111001
10111101100010001000011111101001
00111101100111001111111100110011
00111101011000001100100111100111
00111101001111011100010101001000
10111101110000010110101111001100
10111100111110011111000001111010
10111101010010000000001110000001
10111100111010000011011111000110
10111101000010010011011100111010
00111100000111101110010100010010
00111101100000010100101101100111
10111101000111110111100101001000
10111011000011000001010001001000
10111101110111000101100011101110
00111101101001100110101100000000
00111101110010011110011001100111
00111101010100000001011001110011
00111101010000111001001101010100
10111100111010101001001001010001
10111101110110110010111111000101
00111100100111100010010001011001
10111101101100100100010101010000
10111101001100010100011110001100
10111100001001000011011111000001
10111101110000000010100100011110
10111011011101010011100101101100
00111100101111010010100100111101
10111100001010010001110000011001
00111100100010000111010000010001
00111101101010010011010001001100
00111100101100111010001000011001
00111101000001100100000100010100
00111100000001100100001001110111
10111101010001010101010011010000
00111101000110100111110001001110
10111101110101100000001101001011
00111101010000101010100101110010
10111101101001000110111000110101
10111101000010111011001010001000
10111101111111001000011010001010
10111101100111000100111100101101
00111100111001001111010111001101
00111011011101010100001101010001
10111010100100111001111110110110
00111100110001000110000111000011
00111101111001110001000101001011
10111100011011101101101011010111
00111101011110011110010001111000
10111100111110110111011110010011
00111101011101011011100001011010
10111101111101100010101011000100
00111101101011110100101000101010
00111101101011111011111100011011
10111101011001000011100111110011
10111101110101101001011011001001
00111101100011110101111001001010
00111101110111111110000010011101
00111101101010100010110001101010
00111101011101000110001000110000
10111101101011011010000111001010
10111101001010001101001101110101
00111101011101110001010010111000
10111100010101011010111011111001
00111101101100001111000100111111
10111101001110010110001001101001
00111101001011111101100100111000
00111101000010011111011011101011
10111101111100111111011010010000
00111100101101011001001110000111
10111100110000011000110110000010
00111101001011000000110011110101
10111101110001000011001111111010
00111100111110010111001001101110
10111101011010010100101001001010
00111100100101000010101100101111
10111100100000011111111001011001
00111101100111111000101110010110
10111100100110010011001110010101
00111011111101010100010110010011
10111101111010110111001100101000
00111100110100110001101110111001
10111101101001111111011111000011
00111101100111110100011100101011
00111101010010001101001101011111
10111101011011001111000111100011
10111101010001001110001011101010
00111101000100110100011111011010
10111100111111101101110111010111
10111101000110101001100110111001
00111101101101100001000101001100
00111101101111011001110000011001
10111101110110100100000000011110
10111101111100110011101110101001
00111101101000110100001011111011
10111100100011101111111000110001
00111101100110100110011100000100
10111101101011010100001111101111
10111101110001100100110101000111
10111100100000101000110010101100
10111100000001011110010011100100
10111100110000101010011001111101
00111101001011001110011011000111
10111101100111101110100111100011
10111101001110001011010111010110
10111101001100111000001100101000
00111101010001110110010011111101
00111011000110111100000000111100
00111101010001010110000011111110
00111101110001111000010000101101
00111100111111010101001110111010
10111010010000010011110000110100
10111100100001001001001000001000
00111100011010001111100111101010
10111100101000100010011111100101
10111101001001111011001001000101
10111100011100011010010100111110
10111100011001111001010100111001
00111101111001000010011110001000
00111101110100011100101010110110
10111100101000111000101000001111
10111101110110110010011111111110
10111110000000101110001100001101
00111101001011001001010000000101
10111100101001011110110110111110
10111101011101110001110110010011
00111100101001101101010111000000
10111101000101010010101011100110
10111100000100000101101101011001
00111100111011101101100100111101
00111100110100101000010101101011
10111101010001111000011001010110
10111101001001011011101110110000
00111101011110100101011110110110
10111100010111100100100111100001
10111100111011111111000101001001
10111101010011001100101011100001
00111101010100111010011000011000
00111100010110000001101011010000
10111101100011011100011100010101
10111100100101110000110011001001
10111100000000011001011001010000
10111100101010110010100010101001
00111011110011010010100010001100
10111100000110001000110101011000
10111101110011101001000110100010
00111101100010000100010010111101
00111101010101110100100011100100
00111100110100111100101110011100
00111101001000001110011100000111
00111100000111110010011010100000
00111101100011000101010111011111
10111101110110000110101101011011
00111110000001101100011110100101
10111101001010100000001000011010
10111101100111110110100001111101
10111101001000100010000000111111
00111101100000110111100000100011
00111100011000111101010001001101
10111100011010101010000010010010
10111100100101000000011001100011
10111101100101000111110011010001
10111101001110010011111111001000
10111100110010010011001000101111
10111101001111101010111010001000
10111100001001011001011110110100
10111110000000001110101000101100
10111110000010010000001001100111
00111101001011100010011011011011
10111101101000001100000101101000
00111101010101011110101000011011
00111101010111001101010011010011
00111101100000000110010001111101
10111011110000110110111100001010
00111100000010110110001000101101
00111101110011110010111110100010
00111100111100110111100101010010
10111101101110011011111110011001
00111101110001101000100100110000
10111101101100111000110000010000
00111011010010000010100001101010
10111100101000101101010110000010
10111100111111111001001100001111
00111100010011101110010110011100
00111100100010101101000110000010
10111101011100011101000010111101
00111101010101011010000011011011
00111101001011001011011010110000
00111100101000110101010101110111
10111100101110100001001011001000
10111100110011011000011101000000
00111101010111010110000101100010
10111101000100011101110111011110
10111101000011001111110100111001
00111101101110010111110000101110
00111101111101000100001001010001
10111101001101001001000111100111
10111101101110100111001011101110
00111100001000011010100001100001
10111101101010010010101010010110
00111101011010001011110100000111
10111100101111000000001001100001
00111101111001110000001001001101
10111101011001011011100000100110
00111011101010001000101010100010
00111101011000011000001111101101
00111101100001100010001011000111
00111100001001110001111011100100
00111000011100011111010001101010
00111101000110100011000111111000
10111100101001100010011100011010
00111101110101001010010001000010
10111011101010100011100010001011
10111101011010111101111001110001
10111011100111000110011010101101
10111011110001010111111101001111
00111011110011111001000101001101
10111100101100101000111000111011
00111101100111011010110111101010
00111100101011010111110001111011
10111101011110000101011100000000
00111101011101101011010011110111
10111101101110110110010111100000
10111101100111001001100101000101
10111101100001100110000010010011
10111101000000001011110111011001
00111100111010011011110000101110
00111101100011111001100110001010
10111100110000000100001001010011
10111100100111100100001100010100
00111100010101011101110010010000
10111100001111001111110010011001
00111100101011101111011010101000
00111101011111001101000101101100
00111100110011101000101011010101
00111100011001100000010110101110
10111101100000101001101101010010
10111100111001010100111011000001
10111110000001001001101000011110
10111101101101101011101100100110
10111100110000001111110000111001
00111101001000011010110011110101
10111101101100111011010111000110
00111101011111111100010111111000
10111100100010111100010000110011
10111101101000110010010110001011
00111100111000010110001101011110
10111100101100100100111010011011
00111101100000100001010101011111
00111101100100110000011011001000
00111011011000011100001100100010
10111100010010110010010001001100
00111101000101111010001101111010
00111101101011110111101010010000
10111101100000010110100111010100
10111101001010101000011001011110
00111101100001111010100000011100
10111100111011100010010110100101
00111010100000101001101000110001
10111101101100100100101011001101
10111011110001100000001100010000
00111101101010001001111101011000
00111100100001011011000101110011
00111100111100000110100000011100
10111101100101001100010101011100
10111100101001100001011111011110
00111001000110010100111101111111
10111101100000010000111000101010
00111100011110100101001101001100
10111100100111010000100010001110
00111101001001001101010101010101
00111101100100111001001100000011
00111101000000110100110010110101
00111100110010111001111101101100
10111101110101011100101001011010
00111101100010111100100001000010
10111011101010010100000111110001
00111101100110110100011101110001
00111100001110000110111010001011
10111101010011110101101101001001
10111101000111010101111001001010
10111101110011100000001101111110
00111101001010010111110101011100
00111100101110111010101101010101
00111101110111110000111101010000
00111101111010111011000111000101
00111101111000001110101000101100
00111011101111001110011110000001
00111100100001110001001001010000
00111011101110110011011101111011
00111100001000010110000000010010
10111101110001101110100000100110
00111100001011011101111101001111
00111101000001110001100010001000
00111101011010110011100101011011
10111010000110100110110010010000
00111100101010101010100111101001
00111100101010010000001011101101
00111100001111100011011000010000
10111101001110110101010100011000
10111100110101111011010001001000
10111101100100110001000001010110
10111101011100000101010000110010
10111101011011111101110001010001
00111101110011101001000010010101
10111101001111010111100010001011
10111101000001000111001100001000
00111101101111110111100001011011
10111101000101111110010000111101
10111101111010101101001011011000
10111011111100010000100010011010
00111100110111000000101110110101
10111101101001001000011000010001
10111011101101000001001010110111
10111101100011100100011101100010
10111101011001111101000001011110
00111101000000110110010101111111
00111101010111111001000001001111
10111100000011010000001110001010
10111101000001011110010000101111
00111101001000111000000111101001
00111101100100000100011001110001
00111101011100100100011111010001
10111101110010100001011011001010
10111100100100111111001000100110
00111011110001111100001010111110
10111101100000101111110011111000
10111101000111101000011100101101
10111101100101110010100010111000
00111110000010001100010100001101
00111101100011100000110100100111
00111100001010110101011111010111
10111100000100010110000101010101
10111101000011001110101110001001
00111011110101001000101000111000
10111100110011111101010010101000
10111101001110001000110110100111
10111101100001001111101011001111
10111100110001110000111000001101
00111101000111011101011001011011
10111010001100011110000000100001
10111101101000110101110000110111
00111100111101101011111110011110
10111101100110000101011000111010
10111101111100011000010010101100
10111101011000000100000110101110
10111101001010001100000011000011
00111101100001101010100010001001
10111100100110001000110101110111
10111101111011000101001100101101
10111011111000001101110000011001
10111101101110101110000001111001
00111101011101010110100010010101
00111101111110000101001000111010
00111100011111101000100111001011
00111100110011101111101111110000
10111101101001001011011010010100
00111101001110100101101110111111
10111101001001001110001101110010
10111101010011001000111100011011
10111101100111010011100000100010
00111011001001011011010010101010
00111100011001111101110010011000
00111101011111101000001000100100
00111101110011111011101011101110
00111100100111110111000111101010
00111101100010001100101001001000
00111101010101011001100000000110
10111100100101110000010110101101
10111101100001111110110000111101
00111101001011000010100111100110
00111000101101001111001101110000
10111100001100100100001100100111
00111101111000101111011101010010
00111101001011110111001110111111
10111101001100111001001101100010
10111100100001010111111101100111
00111100110111111000101100101100
10111101100100101001001100000101
10111101011111010100001001010010
00111011110010101000110110010101
10111101101101111110000000001000
10111100101101000101010000100011
10111101100010111000111011001000
10111101101110100011010100111010
00111011010101101000000100011101
10111101110000100111100000110100
00111100010101110010010011111011
00111011010001011001000000100011
00111100101100110011111010011010
10111110000000010110000111001000
00111100111100011000110110101001
10111100011000010111111101101101
10111101001110111011101011001011
00111100001100000111110001110001
00111100110010110111010101110110
10111101110001111111000011110000
10111100010111101101110100100010
10111101010010010011010100110010
00111101000011001110001000101000
10111110000000110001100101100111
00111101111111001111101111100001
10111101000010000001110101010100
10111101100100100001010000011000
10111101101000011101110100111111
00111101110100000101010011111110
10111100111100111101110100111111
00111101001101001101011110101101
00111101110110011000101100001111
00111101110100110101100011111011
00111101011011010110000010100000
10111100001101111111111111101010
10111101100001100110100011010010
00111100010010111010101010110111
00111101001010100110011110001011
10111101101000010101110100110000
00111100010000001001001100101010
00111101110101111011011011010111
00111100110000000111100100110100
00111101010001001011000011011101
00111101100101000001111101100100
00111100111011100110010111011100
00111100100011010011111110011100
00111101101100000011111110001010
10111100111100110000011101110010
10111101001110001100011000001011
00111101101000001101100001011110
10111101110110101100100010011011
10111100110010111110011101000110
00111100011110000011010111110101
10111101100101110101100110010001
10111101010110100010011100100110
00111101100011110010110100010010
10111101010101010101001001010000
00111101010000010010111000001100
10111011110010101101110011000101
00111100100000100101101110111000
00111101000000101100111000100010
10111101011000100100000011011100
00111101110100100000101111001100
10111100111100100010101011000110
00111110000000000010010001000110
00111100101100010011101000010110
10111100010000001101010100110100
00111101011111001001001010110111
00111101100110001101110100111010
10111100011110111000000011000101
