00111101000001100110001011110101
00111101101010011010000111010100
10111101001110010010111110011010
00111101101111101001000111111111
00111101101000010000101100011110
10111101011001001110001110100100
00111011101000110010011001100010
00111101100101011101101001100101
00111101011111010010100101100010
10111101101101010101101110010010
00111101111000101111010011010111
10111011000100110101111010001110
00111100110011010001010100111001
00111101100010100101101011010111
10111101111101101111111111011011
00111100001010000111000110010010
00111011101000010001110101110010
00111100100011110101111111011001
00111101001011000001101101110110
00111100110010011001010011001010
10111101000001000110001110001100
00111101100111000111101000011000
00111101000010100011011101111100
10111100000100110010101110011111
00111101001001001001010110101000
00111100100110010000010011010110
10111100101000001000001001011010
10111100111100101111010111010001
10111101100011001111011111110101
00111101010100011100110011001001
00111101111011000011100100001001
10111100101000001010010010111101
10111101000101101000111010010110
10111100111001010010011110100101
00111101100111001111111011101111
10111101000001000011010011111100
00111100000101001110110000011111
00111101011011110000000000101111
00111101100110010100011000100110
10111101011010001001010101111101
00111100001100111000111011001111
00111101011101001101011100011100
00111011111111101000000101111000
00111101101011011110000110111110
00111101010111101010100100110010
10111100010110001100110110100100
00111101000110001101000010010001
00111100101001111111011110000111
00111101010001010110100101110000
00111101011011111001100100001000
00111011101110001100101110110000
00111100010000011101101000011111
00111100011110111010100111111010
10111011110101100010001110001111
00111010111100001110011001101110
00111101011010111000111011101101
00111100110000111001001101110100
10111100011111100011001111001011
00111101110101111101110111100000
10111101100101101101101010101001
00111010000111000100111111101000
10111100101001001101000101010000
00111101100001110100111011011101
00111101101001100001001000010001
10111100010001110000100110001000
10111100101110001010100110100110
10111101000010011011111011111100
10111101100010100010110101110100
00111101110001111011011111101001
00111100101010101011010010110011
00111100101100111001000010001111
10111011100011000000010010111111
10111101110111101000101100101101
00111100110111011000001100111111
00111100100000001110100000010010
10111100111101000001000101010111
00111101001000111010000001110101
00111100111110100001010111011100
00111100011110010110110011110110
00111100101011110101001100010010
00111101011111000100010000111010
10111100110100010100101110010001
10111101011000011101101110011110
10111101011101001100010010001101
00111101101001001110111010110000
00111101001001110100011000010111
10111100111111000110100000111111
10111101010001101110110011110101
10111101010111000000111100011110
00111101110001010000100101110010
00111011111001111001000000010101
10111101110000100011011101010011
10111101101010011110111001000000
00111101101110101010011111001001
10111101000101010101101111101111
10111101000101001010000011111011
00111101101101001000110001101010
00111011110011100111100011101110
00111101000011011000110110110011
00111100101100100110000001100100
00111101100111001110111100011101
00111101111011101001111010110100
10111101010101001100110011100010
00111101110000110010010010000011
10111101110111101111101011100010
10111011100001010000100001010101
10111100111110101001000011000000
10111011100010111101110011100101
00111101111111001100000111101010
10111101010110011001000111011100
10111100101001000101000100100110
10111101011001000000010100111010
00111101100111010110000111000100
10111101010111000111100100001111
00111011101011100110111100010101
00111101101010101111010000010000
10111101110011110000101000010010
10111101011011101111010111100001
10111101111011001111010111101101
10111011111100001010001011001010
00111100100000011001101101011101
00111101000011110000100001101101
10111101111101010100001001101010
10111100010111000110011001010100
00111100010011111110111001110001
00111100111010001001100111110000
00111101010000000110001010101000
00111101101010000101011001000110
00111101100001101100011011100100
00111100100010010101010001001010
10111100100101010000101100001101
00111101011111100011100110011001
10111100110001011000100001001001
10111100010001001001001101001110
00111101100000000101000101100110
10111101100001110010101000110011
10111101000000111100000101011001
00111011000000111100010010100001
00111011011111110000111111010111
10111101001001101010111110111101
10111100100010010101001011000000
10111101111111001100110001110000
10111101000000000010100000110000
00111101000101010111001110001100
10111101000111001110100000100110
00111101010111000010011011001000
10111101000110101011000001010100
00111100100010001101101110011010
00111100110010101110011011000111
00111101100111011111100111010010
10111101100011101011100111010000
00111101011000010000011011011001
10111010101001101100010110111110
10111101010000010100010000010101
00111101101101001101000111011000
00111101101011001110100010001101
00111101100110101101001000100111
00111101100001101100100111101111
10111101101100011100010001101101
00111101100111010110000010000011
10111101010101010101110000100010
10111101011110000101011100000110
10111100111001111010011000100111
10111011101111000110101100111010
00111100101010100100111000010001
00111101001010001000010000110010
00111101011011110011110000010000
00111100100001101010001101001101
10111101010101111011000010010001
00111101101100010110110100110001
00111101100001111101001111000001
00111101001011010100000010000110
00111101010100011100111001000111
00111101110001011100111001100010
00111101110110100001000000000001
00111100110010011011000110111101
00111101110111011111111000100001
10111101101001011000010011001101
00111100011111100000001001001101
00111101100110011111100101000000
10111101110110100000111111101010
10111101101011011000110111111100
10111011100000010100101011110011
10111101101010000011111001011011
10111100100010111010101001101110
00111100101000111111101100110101
10111101111010011110000111001010
10111101101010111101010001101101
00111100101101100000111110110011
10111110000000110100010011110001
10111101101110001100100011000011
10111101000011101001110101001101
10111100011001100111110100011100
10111001100011001010011010010100
00111100001100110001011000011111
00111101100101011001011000110010
00111010111110011000001011010111
00111101110101011011000100101000
00111011101101011100100000011010
10111101100011110011000000110101
10111101100011101110011001111001
00111100100111100101101001001101
10111101101110010100010001100100
00111101111101000000110010010000
00111101110101011000011011001010
00111100001000101001011000101110
00111101000010100101010001010100
10111101011111011010111000110101
10111101110000111101010000101000
00111100110010100100010110010111
00111101001000101010101100100001
00111101101111101101011010111100
00111101100100011001100101011110
10111101100001101001011011100001
00111100111001000110100001010110
00111101111001011000101110111011
00111101101010100001111000111010
10111101000011110001100000111001
00111101011110100001000101100111
10111100111111101011011011110101
00111010010011011000101101111001
10111100100110001011110000101010
00111101111010001110111101000000
00111101000110000000010011110101
00111100010111101100110000110101
10111100001111101110100001000010
10111101111110111011010001101100
00111101010000110110011110100110
00111101001100100010010101110111
10111101001101111100011111001000
10111101110101001110110100111001
00111101000010100001100110100001
10111101100010101100101111001001
10111101100101001110001110111011
10111101110110100101110010000100
10111101110010011100100000100010
10111101000010001101100000110001
10111101011111001011010011001011
00111101111010111011110111111010
00111101010000010110110011110111
10111101100010110101101011101000
00111101011111110111001111011000
10111101100100001110001100110000
10111110000010100000100011010001
00111101100011001100011011100011
00111101101111001010010001101000
00111101000010001001001011111111
00111011110111001000000010100111
00111100101001101011000000000110
00111101101110111000000001101110
00111101101000000001110111101111
10111100110011001110001000111100
00111101111010011000111001000011
10111101001000000110111100100001
10111100100001100110000011111101
00111100100111111001010011011100
10111101000000010110011100111001
00111101100100111110100011101100
00111100100010110111010001110110
10111100101011101001111110100100
00111101111110010001111011110001
10111011101001011001110101001100
00111011101011110000010010010101
00111101100010111000100010000111
10111101001101011001101100100011
10111100101001001001000000100000
10111100100110000001011101010101
00111101001000001101010001110110
00111101100011010010111010110010
00111011111011110001010110110011
10111101110000001100001010111011
10111000110010100100111011101100
00111100110110110101011110001001
10111100101111011000011110110110
00111101101101011100110010001110
10111100111110111110011110000010
10111100001000110100011101110100
00111101101000110111001010011010
00111100110101101111011101001010
10111100010111101010010110000111
00111101110011000100101111100010
00111101100000001000110000110000
10111101100011001101001011101001
00111100100100110101110011111111
10111101001010010000011000010011
00111011010011111001110110010000
10111100111011011100001101100110
00111100111100111001011111010100
00111101000000000101111000111001
10111101100111110000011011100010
10111100100001001001011100000011
00111100010010101001111010110001
10111101101000011110010110010001
00111100101000000100111001000011
00111100101000101101000110110011
10111101000110111011010011000111
00111100110110011000000110011010
10111101111011010100010110001010
10111100111100101100111100100000
10111010100000110100001010110001
10111101011010011100110111111100
00111101000101010001001111100110
00111110000000100111101111010011
10111101110111010111010101000011
10111100000111010000100000011010
00111101000010111111001001100001
00111100111101110100001001011110
00111101011101110110000001111011
00111101101011000111010001010111
10111101001110010101100010001111
00111100000111010110011110000010
10111101100010010111101111011100
10111101001011101010000110001001
10111101101111100010010010110011
10111101010111110011010111001000
10111101000111111010100011001110
10111101000011001110001101001010
00111101101100101101010111111010
10111101100000010100011010110011
10111100100010011101000111100010
00111100101110011111101000011100
10111101101000010101101110001011
00111101100000101100101111110110
10111100100000111111001111011010
00111101000011100000101110011000
00111101011001010110011010000111
00111100101000011111010100111010
10111100011011101101011011111110
00111100111111100110010110100010
00111101111011101111110000101011
10111100011111110011111011110101
00111100010100011000101100010110
00111011000101101000011100011101
00111101110101100100000011111000
10111101001101000101000010110101
00111101101000101110000000000111
00111100101100000001001010001100
00111101110111111100111011100000
00111100111101101011100001011011
10111101000001000101111011100010
10111100111110001010001100001101
10111101000010111010110110111101
00111100010111101011100001010111
00111101100111110101100010100110
00111100100110001111110101000001
00111101110101000100100010011000
10111101001010101000101010100111
10111101000011010000000000000010
10111101100111010000001011001110
00111101110001110011001100010000
10111100010010100000001100010000
10111101111010110010000000000011
00111101100101010011100011110101
00111100101010010100001110101010
00111101000111111010111001010101
10111011011011100101110101001111
10111110000001001011000110101011
00111100011101101000110100111011
10111100101011110000001110101100
10111100111011110010010001111000
10111101001001101011111110001111
00111101100001110110110111000010
00111101000100010110010000101000
00111100001001000000001101010000
00111100010000100110010110111001
00111101000110110101011010001101
10111100100100010000001111010111
10111101010010001111101100101111
00111100101010111110110011111110
10111100101000010110100111101000
10111101110101101101001110111110
10111100110001010011100101001001
10111100110010110110000100010011
10111100100011010010101111101100
00111101010101100001000111100000
10111101101111001110001010101110
10111101000111110000101010101101
00111101101010010110000100100101
00111100100100011101100100111110
00111101011000011011011100010101
10111101100010001111011110110000
10111100111000111001100011110100
00111100010011110001100000010111
10111101000111010110000100001110
00111100101100011101010000110001
00111101010110101111101000010110
00111101000110111010110010010110
10111101100100011000001101100110
10111101110001110101010110011111
00111101001100111110010111011011
10111100101101100100101111010001
10111101100110110010000011100001
00111011001001111101110111011110
00111100000001100001111100110101
10111101100110000011110011011111
10111101111001101100111101110011
10111101010000001001000100110110
10111101110010111101100000111001
00111101011110101111101010110111
00111101001101000000000000100100
00111100011110011101100111001001
10111101110011010110110100100100
10111101101110011001011100101010
00111101001010101110100101100011
00111101011100100000010100111111
10111101101011101101011011110010
10111100000111000110101101110110
00111100110110111101010011100010
00111101011110101011101101101001
00111101101001011110010001110010
10111011110111101011000010001000
10111100101001001001010000111111
00111101100010011010000101100110
10111101011110000001110100101010
10111100011001000101101110101110
00111100001000111011010100010101
10111101100001011111001111100010
00111101100010001010010111001011
00111100101010101100000010110010
00111101010111101010000100000100
00111100111000001101010101001000
10111101000101000001001111001000
10111101000101110100010100100111
10111101110000111100101100111111
10111101001100110010110011001011
10111101000011011000111101100001
10111101101110111100110111001110
10111100111111001101110010111100
10111101100000011011110011011010
00111100100010110001101110010011
10111101001000000011001101110101
10111101111000101011101110001001
10111101001110100101100100111001
00111100000000110101010100100010
10111100101011111111010001000001
10111011001101001100011100001011
00111101001110111100001011100011
00111100101111010000001111101000
00111011111000011000011011001110
10111101001101000001101010010111
10111011100000100110010011100011
10111101110110101011001010000011
10111101100010011100111000111100
00111101100010011001011011101010
00111011000110000001011001100101
00111101101010101111011011110000
00111101100011111011000101110111
00111101011101110011000001101110
00111101110001100010111010010101
10111101100001101010110001101001
00111101011000111011111001010011
10111101110010011000010100011111
00111100110010011110010000010010
00111101100000001010110110001011
00111010111011101011110100011101
10111101000010111110110001100101
10111101001001101010010011101111
00111101101010100011110010110100
10111101011010110011101100110100
00111100100110111010111000101101
10111101011110001010001100011110
00111101011010111001111011010010
10111011000100111010111000011010
10111100110100111101101110110010
10111101011001100001010001010001
10111011110101110000110011111000
00111100110000010100101100001001
10111011100011100010100011110001
00111101001111011111010001010100
10111110000001100110001010000101
00111101100100000101101001111110
10111101110100100101000011111001
00111100111000000111101010000101
10111101100111100101110110001110
00111100100011111011110000110000
00111101010001010010111101011111
00111011100111010000101011000010
00111101000100100001010010001111
10111101101110011010011011101101
10111101101100001101111110101101
00111101010000011000110000001000
10111101000000111110011010100101
10111101110101001001110001011010
10111101111111010110100010011010
00111101000111000111011011010000
00111100111100100110010010111100
00111101000110110111110110100101
10111101001101111010011011000011
10111110000001101100000000010011
00111100110111111011010010001111
10111101100100000100010110100011
10111101100100000001111010110100
00111101101110001101111000000101
00111101100101110101101101001000
10111101101010101000110110110110
00111101000001110011101101111001
10111101100111011010000111110011
10111100011001001010010000001001
00111101100111011101100110001001
00111100100110011100011011001100
10111100110110011000000100011101
00111101100011110100110101100001
10111101001010101100011000000101
10111101101111111110010110001011
00111101010010101000000010011000
00111101010100011001010100000111
00111101001111110000010001001100
10111101111111100000001101100011
00111101111010000101010010101111
00111100101011010010000111111000
10111011010111010001101001010000
00111101101101110011010010010100
10111101101001001101010111011111
00111011101001011101010010111010
10111101101110000010011101010110
10111101100101101010001001100001
10111101010001100000101001100000
10111101111110101001110111011001
10111101000011111011001001111100
00111100010011101111010111001111
10111101011100100110101000100101
10111011000100001001111011111000
10111101011010101100000101111000
00111101101001111011101101001100
10111101001010001111101100001111
10111101010011100111000001111001
10111101010111101000010100100111
10111101111001110011011111111001
00111100100101111101010010101001
10111100001101001010000101001111
00111101011100010101001101010011
00111101010000010101101110111000
00111101000010100001111101111101
10111101111010110111100100001000
00111101001011000000100001100110
00111100011110000001111000101100
10111100001100001110000110110110
00111011000101011110001101100011
00111001011101100000100110110100
00111101100101010010111100011011
10111100110000010011000100110001
00111011110111110000010100010000
10111101000101010010100111001010
10111101000111100001001100101000
10111100100000110111110101101000
10111100001101011000100110111011
10111101111110010100111101000111
00111101100100000001011101100110
00111101101101011101111011100111
10111100101100110110110001101110
10111101010100100011110001010000
10111101101001101110110011111111
10111101100001010100011100010100
00111101000100010001001010001011
10111101011110100110001001000111
10111100000011001000011100001110
10111101101111001011111101101001
00111100110011000011001100000100
00111100001101100010111010100011
00111101111011000000010000000101
00111101010001000101001011010010
10111101101001110111100110101011
00111011000000001011000000001100
00111011111111010010011101101011
10111101101110100100011110010111
00111101010001011001111101101000
00111010001110011010000011001010
00111100011100100110010111100101
10111101110110011011011101000000
00111101010100001000000000110101
10111101001011011100101010010011
10111101010001000101001100000000
00111011111110010111000001111010
10111100111000000110010010110110
10111101101100101011000111001111
10111101001101110101010111010010
