00111101000111000010100100011011
00111100011000010111010110110001
10111100101101001010001110100100
00111101100011101001011011011110
00111100110110001101000000101101
00111101000000111001110111111011
00111101010011111101111010111100
10111101111101010000111010100110
00111101100010011000110100110010
00111101110100100011010000111111
10111101110000010000111101010001
10111101100111111111111001100101
10111100101101011001000001111110
10111101001101001100110100011101
10111100000110010010110100110101
00111100101110011111101101100001
00111101100101110010100011111100
10111100100100011110101110011011
10111101000100111011101111010111
00111100111111010011111101100110
00111100010011011101100011001000
10111101100000111011001011000011
00111100110000101101100101100011
00111101101011110000000011010001
00111101000110101101110010010111
00111100100001110001100101101010
00111100101100110010110010010100
00111100111111100100010101111110
10111101010101011111100000101101
00111101010001010111011001000111
00111101100101001100101001111000
00111101000100010110101100000010
00111101001111011101101111110110
00111101001001000111110100010100
00111011101110000110110000111000
10111011100110110101111111011111
00111101110000000101000011011111
00111101101101110010101111100001
10111101100110101011111000110010
00111100101101101010001110010010
00111100100011101001101111010110
00111010111110011101101001000100
00111011111011111000010111110100
00111100100111010111100011101011
10111100000011001000010011101001
00111100100100010110110111111111
00111101011011101000000100001001
00111101101100001000100010011010
10111100010001010100111010100011
10111100000011000101011011110010
00111100011001010110010101000011
10111100100101110011010101111111
10111011100111111100000111010110
10111011101101110010000100000101
10111101000000010101100010010001
00111110000100001111010001110011
00111110010010111110011101000000
10111100000000100011110101001110
00111110000001010101000110111011
00111110010000010100000001011111
10111101111000110111110100111011
00111110000011011001101110011110
00111110010001100001010110000111
10111101101001010001010010111101
00111100111100000100110110101000
00111101011111111001110010100100
00111100101011101110101100110110
00111101110111000111100011101000
10111101000010010111001001010111
00111101000111011110100001011101
00111101000000010000111010001000
10111011011110101011010001111101
00111101001001011111010110000011
00111011101010011001000010110101
00111101101000011010111111011111
00111011010000011011011111100101
00111101001101110000111000001111
00111100110000010100100011110101
10111101111101110000101111010000
00111110000010001001111000111010
00111101010010110110000010101110
00111100101110000100110110000111
00111100001101110100111001000110
10111101010101011000011001010111
00111101100000101010001110110000
00111100000011010010000001111001
00111101111010011100100011011111
10111101100001111011111111100010
10111101101001101100101011110111
00111100011001011000111111101101
10111101011000010110100100111111
00111101000110101011000110000010
00111110000001011110101000100001
00111101100101100100010011010010
00111101100011000000010001010000
00111100000011011010100000011011
00111101101011011110110111110010
10111100111011111100101010010011
10111101101010100101001101100110
00111101011001100010000001101111
00111101000111000110110010111110
10111101110100111110100010010101
00111100111010111011011110110110
00111101011100001010010100011011
00111100101001110000001100110100
10111101101111011111000010111010
10111101010110001101001011010010
10111100001110001010011000101101
10111101010000110001100000001111
10111100100100011110111001101000
10111101000010111111100101111011
00111101010000110111111111110011
10111101011111110001011011010001
00111101110000101010110111101011
10111101101000100110000101101001
00111101000100111110011101110001
00111101010110011010110110000000
00111101100101001010011110011001
10111100111111111111010101011010
00111101001010111100010000101110
00111100010001101110111101101111
10111101001101010001011111001110
10111101011011001110111100100010
10111101010001100001011001010101
10111100100101010100001111111001
00111101100001100110010000000011
00111100100011010001010010000110
10111100100010001100100001000100
10111101100100001011000010100010
00111101110110101111110110100010
00111010111100011101010011110100
10111101100010011111101010000000
10111101011101101101101011101011
10111100001101101111000100110011
00111100110101100011000011001111
00111110000101010010101001101000
00111110000100101011011110101110
00111101111100010011001001101001
00111110001101100100101000111001
00111101110110111101011101111110
00111100111011010101110010100000
00111110000000011101110001000101
10111101101001000000010000011110
00111101110001010001001001000110
00111101100001110011001000011101
00111101001001011001000111111101
00111101011100010101001111111000
10111100111110000000000011110001
10111101011010110100001000101000
00111101011011110010100111011101
10111101001100110111011110011100
10111101000101000111100011001111
10111101011110101101001111111111
00111101101000011101000000110111
00111101110111111000111111000100
00111101101001111001101100100101
00111101101110011000011110100100
00111101111001101110011101000100
00111101110010001010001110000111
00111101000000100011001101110001
00111101000001011110001111111011
00111101010011001000001001000110
00111100100111111000100010011110
00111101101110111011110010001000
10111101100011001111000111101001
10111100001011001011001011010010
00111100101100100110110001111011
00111100000110000011000010011000
10111101101111110100010011100111
10111011110000001110111000001010
10111100111001011101000110111111
10111101100111100000100111001111
10111101011001101110100010001100
10111101010010101111000110001111
10111101010001011001010101011101
00111101110011001000000110011011
00111101111101101101000110100100
00111100101000100001010100010000
00111101110010111010010000011100
10111100110111000010100100110111
10111100101010000110111111100011
10111100111000010111001010110011
00111100101011011110100000101011
00111101111111100011000001100011
00111101001111100100011111111010
10111101110001101100011001011000
00111101101001100001101111111010
10111101000001001010100111110000
10111101101000111110110100011001
10111110000000010000101010001010
10111101100001100000101110110011
00111100101100001101011011101110
00111100100101110111111101010000
10111101000001001011100001010110
10111100000011010001101100001010
00111011111010111010011010001010
00111101000010111100001001111101
10111100100010011100110000101110
10111101110010110101101111111000
10111101100110010010110011110000
00111101100111100001011110101110
00111100110001111100001010000000
10111101101110001111011101101011
00111100111110010010001010100000
00111101010111110011010000001110
10111010101100110001101011010101
10111100011101101001110110010000
10111100111010010110001100101011
10111100100100111001101001101011
00111101111101100001101101001000
10111101100111000000101110000010
00111101100111010111101101000110
00111110010010111111110110001011
00111101100111000001000100110001
00111110001001000110111010111111
00111101100110101011101100000100
00111100110110100001100011011010
10111100101100111101010010110101
10111010101000101101001111000111
10111101000010101110110011101100
10111101101010101101100000000110
10111101001001101010010011101101
00111100101111100001111011001011
00111101010000011111111111111011
10111100101011001011101001000101
10111100010010010110010000110011
10111101100001000010000111111111
10111101100101101011100010010001
10111100111111010101000110101110
10111010011011001100111111111110
10111101101010111111000000100010
00111100010100010101000011110000
10111101001101110111111011101101
00111101110010110010110010011100
00111101100100110111011111000011
00111101100100101111000111101001
10111101110100001001001000101001
10111110000011100001111110001110
00111110000101111011011111101010
10111100111010000010111001110110
10111100110010001010110001100111
00111101100111101100100000100010
10111110000001100110010100011110
10111101001010001000001101010110
00111110001001000111000111000010
10111101010100011011111110110000
10111101100000011111000001111111
00111101101100001111011101001010
00111101010011010010101010101111
10111110001011011000100000111111
00111101100100101110100010010010
10111101010001011011001000001000
10111100110111011011101001011000
10111010100010100101110010100111
10111101001010001010001011101110
10111100111111001000011010001001
10111101011110001011010101011010
10111010110010000001010000100111
00111011100000010101111110000001
00111100011001111110001111001011
00111110000000100101100011111101
00111110000111100111000100110000
00111101110010011100111100011110
10111101010100011000000011111100
10111100000010100101001001101000
10111100011100010010001000001100
10111101110010011000110001010000
10111010101101111011110000101110
00111101111001100100010010001110
00111101110110001101010101110110
10111100000000100100111000011011
00111101110000010110110101111011
10111011100110110001101000100100
00111101111110000011111010001011
00111101100001100101000000100011
10111101111010011000110100001110
10111101011100111110110101101000
10111110000110001100101110111000
10111101100011101000110111111110
10111011010010000101110000100101
00111110010010000010000100010111
00111110001100001110011100110001
00111101101000011011001010011001
00111110000011101000101101000111
00111101100110000101101001011101
00111101100111100011011010111110
00111100101000011111001010101001
00111101101010100101010110100101
10111100111101100001111011101011
00111110000000101101100010101001
10111011101001100111100010011111
10111100011000010001001111010100
00111100011111010010011010111001
00111101010111101000100001101010
10111100101110100110001110011110
00111100101111001011100110001111
00111101110101100010110010100000
00111101010110110111111100100010
00111101011110100101100110110100
00111101010111011000001011011000
00111101111010100011011101101100
00111110000101100110011001111110
00111101100100110101001101101101
00111100101100010111011111011100
10111010111010100001101010010101
00111101100000001101110100001101
00111100101000000001100000010110
00111100000011010001000000000101
00111101010111110010000110001110
00111100110000001100101101111111
10111011111001100010000000011110
00111101101011100010101111101111
00111101100001110110010100110110
10111100001111101101010000101000
10111011111111000100100100111011
10111100100110111000110011111010
00111110000001110111001100110011
00111110000100010110011010000010
00111101100000001110110101101000
00111101111111011101111001101000
00111101010001001101100111011000
10111101110011001100111001011011
00111110000100100111001110110111
00111101100111110100111101000011
00111011110100111101000001111010
00111100110110111101000101110000
10111110000000100011000101000010
10111101010111110000010011110011
10111100100101110110111100001001
00111100110000111010011110100110
10111011010000111110100100001111
10111101001011111110101010110100
10111100000110101000000110110011
10111100110010000101001001010001
10111101001011001111101000100110
10111101010010001011001101001101
00111101000100110001011111011000
10111110000111011011110110001011
10111101000010101010010111011101
10111100111101101001001110011001
10111100100110001000000010101001
00111101000100010100110001010101
10111101100110110111100101001010
10111100011101000000101001000011
00111101001010101011111000011000
10111101010001011011100110101100
10111101101000101100010100101011
10111100111101001111110000110001
10111101001011011011110011101010
00111101000100111111101011100111
00111101111001101110111010110101
00111101101100100011111110001000
10111101001001000011011111000110
00111101000011000010100101011000
10111101110011010110100001010000
00111100000100101010111010100111
00111100010010100001110010101100
00111101111000011010111010100011
10111101001001111111100100000000
00111101001100000001000010001010
10111100000000110011101010110000
00111101000001111001101110010111
00111100111001011000100100011110
10111100110101100001011101011000
00111101000101001111011110100111
00111011100110100011111111101111
00111101001100001011100011010010
00111101000001110110011000000110
00111101100111100010101011101111
10111101110011010101001100101111
00111101010001100111100110010001
00111101100010101110101001101101
00111110000001000111000001001010
00111110010011100111001010001110
00111100000111011010010000001000
00111101111001011010011001101001
00111101001011110101111000110111
00111101010010001110100101000011
00111101001111110110010000111010
10111101110100111001111101101111
10111011111100110010100011010101
10111100111001000001011010101110
00111101100111010011110001111011
10111101101000111010101100101100
00111100100101011011101001100011
10111101010001001001110001000100
10111101001000011100110001110111
10111101010000111100001110010010
10111100010011000101000100010100
10111101000110011010110111110100
10111101100100111111000000101010
00111100000010100010001101100100
00111101110001101101111010001110
00111101100111110010101000010110
10111101001010101001110111010011
10111100100101011010110100001100
10111101010100101000110101100000
10111101110000111000001000011110
00111101011110111001111101110110
10111011110100111101001011001101
00111101000110000010100001010100
00111011101100001111101101101000
10110111110001101010011100011000
10111100001001100000101000010100
00111100110100011101000001011100
00111100011011100010111111001101
00111101110100011001100010110111
00111100111110101110000010000111
10111101010000111101010111000011
00111101101111001101101011100011
00111100101011011101110010001111
00111101000010010001110010110110
00111110000101000010101100101011
00111101100111101101111010110000
10111101111110110000001101100111
10111101000101100100010101011101
00111101100010110110110001001110
10111101010100111000100000101100
10111101001110001001101000010000
00111101100000101101011100000000
00111100011011101010000010000100
00111010111010001100110100110001
10111100110011010011101111000001
00111100111001101001000001011010
00111011101111011001010111001000
00111101100110101111011010010010
00111101000001110110010110000010
00111101110111111110011100100010
00111101110101110010001000110100
00111101000010100000100010001010
00111101101000000011001101100111
00111101101010000000101000110000
00111101110000011010011001100010
10111101110011100100000111011010
10111101100010111111001100010000
10111101111111000001010011010100
00111100111001010001001001111110
00111100001111000110010110010100
00111100110110000000011001110000
00111100100010001000001010001010
00111101010101001001101100101010
10111101001001100011000101101101
10111100111001100101110011101111
10111101111001001010100100010000
10111101110011001001010001100000
00111101011111101100000011010110
10111101000100100111011111110101
00111100100111101001110111000011
00111011000101110111010010111110
00111101111111101010100011010101
10111101101101010101110001101110
00111110001100010011001000011011
00111101101011100011101001010100
10111100100011111100001000011111
10111101000000001011011010000110
00111101110100000111101111001001
10111101100100111100000000110111
00111101110000001010000111010111
00111101111111010110110001011011
10111101011101111111010010011011
10111100011010101111111101011111
10111011100110001100101001011011
00111101101001000101011011000110
10111100110111101011101001001111
10111101101010111011100001100110
10111100100001011110011011010111
00111101111010101001000000000011
00111101000010011111111111010010
10111101101001011010100101101000
00111100110010010011000101101100
10111100001001010011010011100010
00111100100010011011100101110000
00111011111011000100101001000100
10111101101000011011010001010000
00111101000010000101110000100101
00111110010000011110010000010111
00111100100000111011100000011110
10111101101001100110000110110100
10111101100100111101011101111101
00111110001001101011111100010000
10111100110010011101110010110101
00111100010001011100000001010101
00111110000001001111101010010100
00111011000110010100111101011110
00111100101101010000001110010000
00111101001001010111011001100100
00111101111101101001100110111010
00111100011110100101010110010101
10111100101101111010011101111110
00111101010101111011101111100111
10111100111110111110001110111110
00111101100110000101100001110011
00111100100111000011100010110010
10111101011111001011000111011100
00111011101010000001011011010010
10111101100100100001011110000011
10111100100110100100001000010110
10111101011011101100001000111111
10111110010111111110010000100111
10111100110000011101101111000111
10111101110111111001110110111111
10111101010111010001000111001001
10111110000001101000100100001101
10111101100111011110101101010111
00111101101100000011111011001111
10111101100000101010000110101111
00111101000000110000110110101110
00111101101011010011100000000100
10111101100111100111101111001101
00111100110100101110111010100000
00111101010001101010000000001110
00111100001000011001100101111001
00111110000001010100010010000010
00111101110110010100101001011011
00111100010110110011111111001110
10111101010110110110110110101101
00111001010110100010001100111110
10111101000101110000111101101000
10111101110111011001001101010111
00111010100110101111010111001001
10111110000010011101100110110111
10111101010000011111011011011011
00111100101110011011010000111001
10111100100111111010001100010011
10111100001110100100101001000110
10111101000011011000100100011101
10111101111000010000011011011111
10111101101000110100001010010001
10111011101010000110000100111010
10110111100000011011100111111110
00111110000100001011000111110111
10111101110101000111111101001110
00111011001111110110110110000011
10111100110010101010101111111101
10111101100111011100010111110111
00111101010101110101101011001001
00111101100011100001110101010010
10111101100101000100110011110011
00111101100001111010010001010010
10111100110110001011001100000100
00111101111101001111110010001111
00111101100000000101110110011011
00111100110101111101110010001011
00111110001001000111011101010011
10111101000110101100100101001000
10111101000010101010111000110100
00111101101001011010111110101111
10111110000100111001010100001011
10111110000100010111111110101100
10111100011111110100001000111001
00111101111110111110001100000001
00111110010110010101111011100001
10111100110111101000101110000001
10111101001100011110110101100100
00111110001101001000100001001111
00111101001110101011010010001010
00111100011001000001111000010100
00111110001100111001000010101111
10111100110011101100000111111011
00111101101111100011000010111001
10111100001001101110001000011110
00111101110010000100010000000000
00111100111010010110010001111000
10111101000111011001100111000110
00111101100011100011110111100001
00111100101110101111001100101001
10111100111111101000110010001101
10111100101111010010100010001010
00111100101010011010111011001001
00111101101010100011011001110001
00111101100101010010110111001000
00111101101011110011011111100101
00111100000011000101111010110101
00111101100100110100110101010101
00111100000110011101111010101001
00111101110111011011111101000010
