10111101001011100010110101010101
00111101000111011001000011001111
00111100001101001001001101100111
10111101010001001011001111110111
00111011110101001000010101101001
10111101000100011000011000101000
10111101001010001111100111000001
00111100011001110000010101100010
10111101011011110011100100111110
10111100111111011000000110110011
00111100110000110001100010101001
00111101001110000110100100110100
10111101100100111101011011011000
00111101100001011101000101101111
00111010001100000111101101001110
10111100100000100110110111111010
00111101011001011000001001010000
10111110000010111001100000000011
00111100101100001111100110100001
10111010000000110101110011110011
10111010111100110010110001110101
00111101101010000111000011001100
00111101000100000101001000111001
00111101101011100101001001110101
00111101000011011110100010111000
00111100010000110100110111110000
00111101001111000100000010110111
00111101010110101011011010100110
00111011011101111101111111001001
10111100100110101001010111010110
10111010100011000011011000000001
00111100101010111001011010110111
10111100101111000110100100000000
10111100100111000000001111110011
10111100001000100110001110000011
10111100000100100010001111010110
10111011101010111000011101001001
10111101001101010101000100010000
10111101110001011011110101000100
10111010011100110101110000110111
10111101111111100001110111001100
00111100100101111011001010000001
00111101101110101010010111010000
10111101010110010100101001110000
10111101001010111111001010110000
10111101000000001001000111010111
10111011111110000111010001010101
00111100000110011001011110100011
00111001001001001111011010101011
00111100010010100100010011011110
10111100101010110111010110011000
00111101100100100110100000001001
00111101100000010010101110010111
10111011010110011000010110001111
00111101010010011001110010101101
00111101111001001011100100011111
00111100000010101110100110011010
10111110000011000111011000011011
00111101111100011000100111000101
00111100011100101101011111010100
00111100100000010111000010001100
10111101101101111100001110001011
00111100000001010100000001110010
10111100110101001000010100111001
00111100100110111110001110100001
00111100111001110111110110110100
00111011001111111110101110101000
00111101000111010101011110111100
00111101010011110101001000011000
00111100000011110000111000110000
00111100110011101111001111000000
00111100100000011100101010010011
10111011111101100101110011100101
10111101001001000001010110000011
00111001001101011110011011011101
10111100110100101111101011011111
10111101010011001110110001111110
00111011001001110110000111001100
10111100001010100111110010001100
10111101011010101101100001110011
10111101001000010111100110101100
10111100010111000001001001101001
10111101110101000010010110001010
00111010010010101101010010110000
10111100110110111111000011001011
10111101010010000010101100011001
10111100110111111000011000010000
00111011110000010000101011011010
00111101100010111100011100110100
10111101010001011100111110100110
10111101010001111111100110111001
00111101100000111111110101001010
00111011100011111000001101110100
00111100110101110010100011010110
00111101100010100001010010110001
10111101010000001100100001111100
10111101000010100011000100000111
10111011110101100011001111100111
10111101001010111001101010111111
10111101011100001100011100110000
10111100110001101000011100101100
00111101001111000011111110100110
10111011101111011111001010100100
10111101011100111111101111111101
00111101010110111111111001100011
00111100011110001110111001100110
10111100010110010111111011110001
10111101010011111100000011010000
00111101000110010110011010010001
10111100000110101011001010000000
10111101101111001011000101000010
10111101010101000011000101001001
00111100110111110000011010000110
10111100111101010001000010011110
10111101100110101110000111011100
10111100100011010010010010100011
00111101110001110011111100010010
10111101010101111010011000011000
10111011110010000011101001011110
00111101010001100111101010111100
00111101001001110110111000011101
10111101111110001000011011101011
00111110000000000101111011100101
00111100101110000011011011011001
10111101110010001100011111111011
00111101110011010101010100111110
10111101101001110100011001011111
10111101001000001001111111001011
00111101011111000100111011001000
10111101101101001111100010110111
10111100111011110110001000111100
10111100111101000110100001000011
10111100001101100011000000100001
10111100100111110110001010110101
00111100101001001111110011010001
00111100111100111100101111010011
10111101110011101001010010101110
00111101000011001110100000101111
00111101001100100111010111110010
10111100110101010011111111101001
00111100000101110101011001100011
00111100101111110110010011001111
10111100100010110101000101010110
10111100001100010001000000000000
00111100100001000111100001000101
10111101010100011001111011111111
00111100001000110111010000110111
00111100000101010111111110111010
10111100101001111101100100011011
10111011111000100000100101110100
00111011001111010111111010100011
00111101000010011111101011001010
10111100011101111111001011010111
10111101001111010110101110010111
00111100101000001100100011000000
10111101000111101111001011110000
00111101011100110011010001101001
00111011111001110001110011011111
10111101101101010011100111000001
10111100000001011011011100110011
00111101001001011000111000011111
10111100100011110010001010010111
00111101110001001110000101001111
00111101000101000011100000110100
10111100111110100111010100001111
10111011000010001100111110110010
00111011011111001111101110011100
00111100110010011100010100001010
00111100111011110000100100001001
10111100101011000101000111011011
00111101100110111010000001110010
00111101000010001100110110100010
00111101101100001010111101000100
00111101000101011110111101100011
00111100110100000111001001011101
10111100010011001100110110010101
10111101011101111001010101111100
10111100110010100101011011001011
00111100010111010100000101010110
10111100001110111001011011001100
00111100011110010100001010011010
10111101011101011101101101000010
00111100101010101100010101000101
00111101000000100100111011000110
10111010110001001011101000000100
00111100000001110011000111110100
00111101011010110010011010011001
10111011100101100100111101010111
00111100111101000100001011101110
10111100010100100011111000011101
00111010111010010100001110011001
00111101010000001101000001101011
10111101000100001100110111100010
00111101001001000000100011001011
10111100100111010001010100101000
00111101000001000011000000111101
00111100110100011011011111010001
00111101000000101010101110010100
00111100111010111011010100100101
10111100001000011100001011000010
00111101011000111001110000110011
10111101011110001100011101100101
00111011001110111101001110011001
10111101100101001111100000010111
00111101010010010100101011010000
10111011101111010011001101100110
10111101001001100011111011000100
00111101001100111010111111110000
10111101000110000000100010110010
10111011010011100110111111110010
00111100011001111100111101001000
10111100110001110110100001101100
00111101011011101001110111100110
00111101000000100010100010000101
10111100111001110101110110001100
00111101000000101111011101001101
10111100100111101110000011000011
10111011101100110000101101101001
00111101110001011111011000001100
00111110000000000110100011011100
10111101100011111110000010001110
00111101010111011011101000111000
00111011011000011100100100000111
10111101100011011100100011111111
10111101001110000100111110101111
10111100101010111101011101001010
10111100110110010110011001011000
10111101000000000101110001011011
10111101000000010110010110000001
10111110001000000100110000110000
00111011101001110001011100001000
00111101101110011110111111000110
10111101010110101001010100100111
10111101010110010101001110111000
10111100001011001100010010011010
00111101010100101011110011111001
10111011101101100001111100001101
10111100111000111110110010000100
10111101010110100001000101011100
00111011101101100000000011001000
10111100100101011111001100100110
10111101011101111000000110011110
00111101000101001000000111111011
10111101000100111110111100101000
10111100000100101100111010010000
10111101001011010100000010010101
10111011110000010000111111001110
10111101000000011100011110111101
10111101001010100011100111011101
00111101010000011101100100011000
00111100011000010111010110011010
10111100111111111000101100011011
10111100101100110100011111010110
00111101010000100110101011010001
00111011111101011101111101000000
10111101000010011011110111111111
10111100010100101000011001110110
00111100001000101101000100010000
10111100111011100110000100100101
10111101000101100110110100100100
00111100101001010011010000011100
00111011110110001011010011011011
10111100011111100001011001110010
00111101011010010101100110001011
00111100100101101000110001011101
10111100111011110001110010000101
00111100101110010101100011111000
10111100101110101101101111001011
00111011111001011100101000001101
00111011111100101111100100011100
00111011110011000101001101001001
00111101000100011000000101010100
10111100010010111101110100000101
10111100110001100110011110100000
00111101001000001101001101010001
00111011111110001001010001001101
10111100100111000000011110110001
10111100111110001100110111001011
00111101011111101111110011001111
00111011100101111111111110000010
10111101010101111100110101100100
10111100011010000110010110010000
00111101000001101110101100101010
10111101101100000011110101001110
00111100101001111000000001100011
00111101100000001111110011101111
10111101001001110011111001110110
00111100111001011111011110110010
00111101000110110101101000110101
00111101011010000001101010110110
00111101110010000110000101111010
10111100000010101101111101111111
00111101100111100101101110111100
00111101101110100000110001100110
10111011011101010110110110100010
00111100010101000111101010001001
00111101101001001111110100000000
10111101001011111001101101110011
10111100111000110111111011100001
10111100100100001110001100000011
00111100011101001010010111111101
10111101000101101110000110000101
00111101010010110101110011111110
00111100111110101010010111111110
10111010111100111001001010100010
00111100000000101010100100010011
00111011101011110010001110100110
00111101010000001011110100101011
10111100010110110010110100011111
10111101100101010011010010110010
10111101001001000010011000100010
00111011101001010000100011001100
10111101001100101111100010001111
10111101101111000001010101000111
10111101010101111111011101110011
10111101100100111110010010011100
00111101101011010000110111100000
10111101100011111011100100011001
10111101101110010000100011000101
00111101100010010111010011000101
00111100100100001000100011001110
00111100010000010111000001000000
00111101001111101011011001101000
10111100101101011001010001110110
10111011101010101101111000100011
00111100111100000100111011110110
00111100110001111111111111110101
10111101110000110011101110001010
10111011111101101111111010010010
00111100100011000111001101000100
10111101010100000101010111001100
10111101001010001010000010001111
10111101000100000101110011011010
00111101011010110110000011011010
00111101000010101010110011110010
00111100110000111111100000101100
10111100101011110100100001000011
10111100110100100010100000110100
10111100010001100011100011101100
10111101010010000110010010100000
10111101000110011110110111000110
10111011110110001011010110010001
00111100101101001110000111111111
00111100100111110011011100001000
00111100001111010000010110110111
00111100101100010000110010001010
10111100001000001101110101001100
00111011100100110011111010110101
10111100000101011010110111100101
10111100111101010100100011011111
00111101010110000001001101011001
10111100001100000001001110101011
10111101010110111101000110110011
10111101100100101001011110011001
10111100100111100001100010001110
10111100100111011110110000101011
10111100000011110010110000111111
10111101000110000000000110101111
10111110001010000111010100111101
10111101011011010111111101110101
10111001000001110100000110110000
00111100100010111111101100001111
10111100111111110111010000101110
10111100111111100011010110011111
00111100101111001110011100101010
10111100010100110111011000010001
10111100111000010111111000101100
00111101111011100001110001100010
00111101100010111111010010011100
10111100101000001011011001110101
10111101101001001111001000011111
00111100011010111100011100111101
00111100011011010011110000110010
10111100101100101100011000100000
00111101100010001000000000010110
00111101100011000010000011000111
10111100100101110111101010100011
00111100010001101101100101001010
00111100101100111110101001111110
10111101100011010110010111101010
10111100010011100001000011000110
10111011101101001100100000011101
10111100001010100001111001100000
00111101010011101000000101100011
00111101011000110111010101010010
00111000111101000100011101001110
00111101010011100011001111100101
00111101001110010110011000101101
10111101110000010011010011111000
00111101001011010101100101000001
10111011011110110101000101110111
10111100011110001110001000001100
00111011111111101100011111110110
00111101001001111010000011100001
10111101011011101100001111010110
00111101000111111101101011100111
10111101000111001110100010010000
10111101000000101001100001010111
10111011111011101000000000100001
00111101010111111001000011110101
10111100111010001111010111010110
00111101100110101010000000101000
00111100010010000000110110111101
10111100100101101110100010111111
10111101011111010000011110111110
10111101101011110010110100010001
10111101001101010101000011101001
00111101001000000101111011011100
00111011110111010110101101110000
10111101100001100110000101010011
10111011011111111100000101100010
00111100100111101000000001000011
00111100111010001101111000010000
00111101001100110110110110000100
10111101011111101100001010111010
10111101111001000111101001110001
00111100110001011011001111001011
00111100101100101100110010111000
10111100100111000011010010111101
00111101001010101110100111110011
00111100110010000100111101111001
10111101010011111101011001111101
00111101101100000010010000011000
00111001111111110011110101111011
10111101000101011100100000010101
10111101001011110111000010000110
10111100101110101110110100111110
10111100110100101111010001111000
00111101001100001000001100000111
00111101001011110100010001101010
10111100111011010010101100100000
10111100110010001110011111110111
10111110000001101010101001011001
00111100111111001011001011100100
00111101100000101111011100001000
10111101110100111011000000101101
10111101101000110001111000000000
10111100100111001100011010010000
10111010100101000101101010011010
10111101100101110010001110111000
10111101000101100000111001010000
10111101000100111000101011011011
10111100010000110111011111011000
00111100101110110110001011001110
10111100010110000110100011100101
00111011001011101001111100110011
00111011101000101011011001110011
10111011110000111101001110111100
00111001100010101101110010101010
10111101000101000001111000010110
10111100101010000100010000000100
10111101011010110010111010001010
10111100111111010100011011000101
10111000000010111101101011011001
10111101011011101000111111111011
10111100111001011111000111110001
10111100000110001000110011101011
00111100111010110010011110110001
00111101000010000100110011011011
10111101010000000000011110001001
10111100110011111010111000011111
10111100101101001111111010010101
10111100101011010010100001110110
00111011101000001101001111000000
00111101010100010100011000001101
00111101011100010101100001001110
10111100110100111010010111101100
00111101001000110111100001000100
10111100100101001000101011111010
00111101001110111110100010111110
00111101000111101101100100110100
00111100100011000110000011110000
10111100000110010101101011100001
00111101010010000111101100010000
10111011010011001110001010001001
10111011110001011010110111011000
00111101001100010111011001011101
00111101000111011010011100111100
00111101001011000101110011010010
10111101011011110101000010101001
00111100011010110111110101101100
10111100101011011000111000000110
10111101001111011100011000101101
00111100000000010100011010000010
00111011100001111011100000111110
10111101001110110010110101001000
10111011111010110011111101011011
10111100111010001011010111000101
00111101001100101100001001010001
10111101110011001111110001100010
10111010001001010110011101101010
10111011101001110111001011001111
10111101001001101101011011001110
00111101000101111100110011011110
00111101010010110100101000000011
10111010101000110011011110000011
00111011000011100101110010010010
00111101011011001111111010000100
00111101100010100110110111010110
00111011011110010010010101101101
10111011001100001000010101011111
00111011011111001000000110101101
00111101001000000101100101101011
00111011100100011001000011000001
10111100110010011101100010111101
00111101100001100001000000010101
00111101000111111100010100101111
00111100110101100110001000100000
10111101011101111000000010011101
10111100001001111000001011001111
00111100000001110111111010110100
00111101010111111001000001000100
10111101001110001100110100001100
10111100111101011100010111011111
10111101001101110010100011000100
10111001001111011001111000111100
00111100110101011001100111010001
00111011110011111001001001011101
10111100111110110100110101011011
00111101100001100100010101100110
10111101010000110000101111000000
10111101001011001110011110100111
10111101001011110010110111010101
00111100111010011110010011000100
00111101000101101111101011000111
10111101110011011100101110110001
00111100010101101011000111111000
00111101001000011000011001011110
10111100010000001101101010010111
10111101100111101010111100000100
00111011110110111000001011000011
10111101100110011111001101011001
10111101110001111110001010100100
00111101100010011001100001100010
00111100100001001010100100001101
10111100111000110100001000101011
00111110000000010011101011100001
00111011101111001100011000010111
10111101000100111110011101101100
00111101101001010010010011000000
10111100000101000000110000000110
00111101100001110000000111110000
00111100110101111110010101010101
10111010110000101111101001100101
00111101100101101000011111110000
10111100101111011001011100100110
10111011101100010000110011101101
10111101010000111001110110011000
10111101000100000011010010100011
00111101101111001011111011011000
10111101101011111010101001000010
00111100100100001110011111001010
00111100100011000010110010001111
10111110001000011001101010101010
00111101101000111000000111001000
10111100100000010100101010000101
10111101100000011110111100001010
10111101011011100101110000000011
00111101000110000100010100110100
10111101010100011001000100000000
00111010101100010110110000100101
10111100101110110101101000001101
10111101101100110011100111110110
00111101000000010110010100010000
10111100101000011001111001011100
10111101001001111011000111111001
00111101000010101111101000100001
10111100110111000100110011111101
10111011101101111101101000001111
10111101000000111101100000110001
00111011011001001100100000000011
10111100100100000001101101011100
10111101001111110101011001001000
00111100110100111010110010110110
10111101000010001110101101000101
10111101010110110011000001100000
00111100100100010010010000011010
00111100010100001010101000100001
10111011100000101110000110000100
10111100001100111001101111101100
00111011100111000100101110101000
10111100011110001100111001111100
10111100010011111000000010010110
00111101101101000100000111110110
00111010100011110101101011111110
10111101001110000010000001111001
00111101001111000000011111110000
00111100111111010001011111011100
10111101100000110010010110010110
10111101010111010001001000001110
00111100111000011111100100100101
10111100110111001111000011101110
00111100000010101010111001100111
10111011110111000001110110010101
00111101000010010110011101101011
10111100001001000011001000000000
00111100111011001111101111111011
10111100110000101100010000111000
10111011100000011010111101001111
10111100111111100101000010100110
10111101001101011110010101011001
00111100000111101110011101011111
10111101010000100110000010111000
10111100011001100000111110000110
10111101001111101010101011011100
10111101001111110111000110001110
00111101111101111100111101100010
10111100111001001001100011101011
10111101001101010011001011000101
10111100111010001010101110010111
00111101010000111111110011011001
00111101010011101001000001011000
10111100111110111100110010111011
10111101111101101010101010011110
00111101010010011000010001101111
10111101100101111011100011111111
10111101110001101100001011100010
00111101011011011001111100001011
00111010101001011011110001110011
10111100111010001011110001010111
10111100001110110001111001100111
00111011110010101111010010100010
00111101011111001000011001000111
10111101010100100010111001010111
10111101101001011001011010110000
10111100001100011110101100011000
10111101010010000111100111110111
10111101100010000011100000000101
10111100110010010000011011010010
10111100100010011101100011000101
00111011100010000101111000011110
10111101010001110110000000000111
10111100010001101001010111110100
00111011101100000101001111100110
00111101000111010000011111111010
10111011110011001001000101101111
00111100100101111010010101000111
00111101001010010011100101100111
00111101000001011110011000111101
00111101000011110111110010010111
10111100100010100000001001011111
00111110000010110001011010101001
00111100101111110000101010011011
00111100111010011110101000100110
00111101100101101001011011110110
00111101110100001010100111010011
10111100100110101001000111100111
00111101100001010001001010111010
10111101100100111000100001011000
00111010110100111101001000011001
10111101001001100010110010100100
10111101000110010000111111001010
00111100110000100010100000000111
10111101001000011010111000111110
10111011111111010000001110100111
10111101010111111011000001011111
10111101011110110111010110110000
00111100111111011111011100010111
10111100100101011110010110110100
10111011111001010110101011111111
00111100101010000100111100110111
00111011011101010111111100111110
10111100010110011111001111110001
10111101000010101100011110011001
10111101011011010000001001110000
00111100111011111100001000100011
00111100111100111110000011110110
10111011110100011001101011011000
10111011011000000001100010110000
10111101011100001001101000011010
10111100111100010100000100000101
10111011100000101101011110111000
00111101010111100010110010000000
00111100000101011110110010100100
10111101100010001011101011000000
00111010000001011110010101010001
00111100000011101000111011101000
10111100011110000000010010101000
00111101000111111011110001010101
00111100100011101011010101101110
10111100100001110101010100001101
10111101000110011110101101001100
10111100010110001100110101001100
00111100101111000000001110101000
00111011111011110011001110011010
00111100010110110110101011010110
00111100111111001010111100110011
10111101001001000000001100111001
00111101101001000011001000100000
00111100111011000111110001000001
00111101001010011111111101001000
00111101011010101010011000111010
00111101011111111001100100111010
10111100011111100101011000000111
10111101100011101010010010010110
10111101001010000001110110011100
10111101110100011011111000100100
10111101100100001111110000001101
10111101110001111100101101011011
10111101011000000111000010100000
10111101010001100101100100010001
10111100010100101000010111000111
00111101011111110111101100001100
10111011111111010100111100001001
00111011110011001110010111111110
10111100101101101111100111001111
10111101000101100111100010001100
00111011001000101110010010010000
10111100011010111110101100110101
10111100110101011000000100001100
10111100100100110001010001011011
10111100101001001111101001010011
00111100001111001000100000100001
00111011101000110000011011001001
10111101001100110101011011100010
00111101011101000111010011110111
00111101000001010100110011011100
10111101011001101000111001100110
10111101100110011111111100010001
00111101000000100101101110001101
00111100101011111110001000111100
10111101110100011101110101101110
10111100111101110100110011110110
00111011011010010100100010111011
10111101100010100100100000110111
00111100111111110110010111011101
00111100011110110100011010000101
10111101100100000010110111010100
00111100101011111101101101011101
00111011110111000111111110100100
00111101001100110110110100001000
10111011110111000101111010110010
00111100111101111111011000111101
00111100011000111011110110001111
10111100110110111000100010000110
00111100100100110001011000110100
10111101000011101111101101111010
10111011000101001111111011101010
10111101000011010101101010010111
10111100111011010011001010010101
00111100000100111010100011000001
10111001111001010000010010000000
10111101101000110010011010101101
00111100100101110101101001001100
00111101011001001011001011001010
00111100101011010101011100100000
00111100100011010011101011100100
10111011100011000000010111010111
00111100100111111111010101000001
00111100011010010101001000101111
10111101100000110110110101011111
10111011111110110011011111111110
00111100000100110011110101101000
10111100100000100001111010011100
00111101001000010110010011110110
00111100100011110000000101101101
00111100100110111000100001101101
00111101001011110110001101100000
00111101010010100010010011001001
10111101100010111001100010010000
00111101011010100010000001000000
10111001111000111110101100000001
00111011110010010111110000000101
00111101000000000001001110111001
10111100111010101100010100100101
00111100101000000100110101111000
00111011011000100011100010011000
00111101000000111110110110001111
00111101000100100110100011000011
10111100011010011110011001000110
00111100100000111101001111010001
10111101011110100100100010110000
10111101010110000110010000101110
10111100110010100000110101001101
10111101000101011100001001101000
10111100001011010001101111100000
00111101100100001000100001110001
10111101001010101101110110011011
10111100101110011000101100000100
10111100100110111100100100001011
10111100111100111101111001111000
10111100000010110011000010000100
00111100110011110101000101000110
00111011011001111110111001101010
10111100100001111101100100110001
00111100000001010001000101111111
10111100100101110111010001011011
10111100101001101100011111010011
00111100001110001110110001011010
00111100001111110001110010010100
10111101010101011011100100100111
10111100111000001000010100011001
10111011011101000011101110010110
10111101101100100011100110010110
00111100111010111101011111010111
00111101100001101011000000111101
10111011001000011101001111111110
10111100001001000110111010110010
10111100110010100010110111010110
00111100100111000000110100101001
10111101010010001101110111000101
10111100110010011000011011010001
00111100101000010000101011101100
00111100100011010010111100011110
00111100010001000000100100111111
10111101010100101110101100010001
00110111101001011001001001010010
10111100100001110100000000101001
10111100100101001011100011010001
00111100101011011010111111011100
10111100111010101010111010010011
00111101011010101101101010010011
00111100110001000010100001101101
10111101000110111010110001010111
10111011101001110110000101011101
10111100010101000001001110101011
10111101100000110101111100111001
10111010101110110110111110010110
10111011101011010011010001100000
10111101000101110111110000101110
10111100111010101001000110110001
10111100101011000100110110000111
00111100100011011111011010100110
00111100000001010010000011111110
10111101000001110111011000110010
00111100000001010101010100000110
10111011011010100111101101101101
00111101010011011101100110101101
00111101011011010001100000101011
00111101100110100011010110101000
10111101100010101010101010100101
00111011111000010010110011110011
00111101011100000111101001111110
10111101110101101110001011110010
10111010110000101101111000000101
00111100001100001111101000111111
10111101101111110101100111111100
10111101000001011100001110010011
10111100000000001011000100010110
10111100101011101101011000110100
00111100010000110010011100110110
00111101001011111000101110101000
00111101000110110100001111011000
10111101010110101101001111111000
10111101101100110100001011100111
10111100101100100101110001011001
10111101110011110111100000010001
00111110000111101001110110101001
10111100110000011101001110100010
10111100001010100111100100010110
00111101100001100100101100111101
00111101101000100101011000001000
00111101101011001110010001111100
10111101011101111011101001010011
00111101010010110101010100010111
10111100100101100100110001000110
10111100001111100110101111110001
00111101000001001111110100000110
00111100101101110000101010101110
10111101101101011010000001110010
10111101100010011100100000100110
10111100101111101010000110111000
10111101101000010011100101010000
10111101010110000101111011001110
10111101010001001101100100110000
10111101000000110101001110010001
00111101011010010110010000010101
10111100101000100011110101010111
00111100111001010010011010001111
10111101001001011000011000001100
10111101000000111100101000100101
00111101001010001011001101101110
00111011100100110010101100111110
10111101101011100010010101001011
00111100000011010010011010011010
10111101000110011011111110111011
00111001011100010111101111010111
00111100100100010101011010110100
10111101000111001011011010100111
10111101001100110111111111100110
00111100100110010001111000001010
00111100100101110001110000011101
10111101000110011101000010011110
00111101011101000000000000100011
00111101010110101111010110000100
00111101010110111100010011111110
00111101110001101011111100000010
00111101000100101010000110010100
10111011110111110011111100011011
10111100010000111011110100011010
10111100100111000101000110110110
10111101010000111100111101000001
00111101110111001001010110010000
00111101010110100111010001011100
10111101001011011110110000000000
00111101010011011101011110011011
10111100100000100010000100101110
10111101001110101111000100101111
00111100110110010000100100010011
10111011100001011100010111011111
10111100101101110001001010011111
00111100110111100011000110010000
10111101000001101100111110011111
00111101101010011001100011011001
10111101011110110110101011000010
10111101000101000010001101101100
10111101101101001000100101101100
10111101110110000010100011010110
00111011100110000110011011110011
00111100110111111110100011000000
00111101000110100110010111110011
10111101010111011100000011000111
00111101111011110000000010011100
10111011111101011110011010100100
10111101010110010110000101111001
10111010110000011010110000111110
00111100100110010110000011011000
00111100000010001110001010111000
10111100010100000110011111001011
10111010001000010011100100111011
10111100110111000011111101010001
10111100001110011001001101011101
10111100000010011100001110101100
00111100100111001001010100100110
10111100101110011010110001101111
00111011101110111011000000101101
10111011101101000010000000000100
00111100100111001100111010111000
00111100100100111111011001100110
10111101101001001100100011100100
10111100010011000000000101001011
00111100000011011101011000010100
10111101100010100000000110101000
00111101100101011001010101000010
00111101011011001001101100010101
10111100001010010000110010000011
00111101001110111011100001011001
10111101001011110110010110101111
00111101011110100001010100001100
00111101010101101101001010010010
10111101001110100011011011111111
00111100000011010101111110001000
00111101110010111010101000110100
10111011000100010100001111010110
00111011000010110001010100000001
10111011010000001111001111011101
00111011110001000111100010001110
10111101010011011011011101010111
10111011011000000010110111011110
10111100110101110100010010100110
10111100001000010101010101001010
00111100101101011011001000110000
00111101000001100001000110110000
10111100001110001001010011101001
00111100001000111101001001111100
10111100110001100101111011010111
00111010111001000110110000101000
10111101010101101000000001110111
10111100100101001110011111111101
00111100000101000011111001001010
10111101001111011101001100110000
10111100111100010000011110101100
00111011000100101110000100110111
10111100101101111001011000011000
00111101011111101001000111110110
10111100111011110101011000000001
10111100101011100010101011001001
10111100000001011011100101101010
00111101011010100001011011111010
10111100110111001010100011111110
10111101001101111100001000010010
10111100001011001011011101000101
10111000111000100111101111100010
10111101011100001100111110101001
10111100011111001110110110010100
10111101001100011101111101101000
10111100100110010001101111100000
00111101000000011001101100101101
00111100111000000010101000010010
10111100101000100101010100001100
00111010010100101000100011101000
10111101100111010010111110110001
10111101101101010011100110101110
00111101011010000110001101110011
10111101101111010111000100001110
10111100101001111010011100111111
00111100101110111101110011000011
00111101100110101010101110010011
10111101011000100111101110111010
10111100111101100010110011001111
10111101001110010010111100001001
00111010010010011010110110110111
10111011100010010110011011110100
10111101010000101011000000011111
00111100111111111101001100110100
00111011101110101010000011001100
00111101001100000111110111101111
00111100110101111001111011101110
00111101101000000110011101000100
10111011111011110110001001011101
10111101011011100010000001110011
00111100011010111001001001011110
10111100111011000100110011010100
10111100000010000001010011000110
00111101010010000111011100101011
10111101000111100100111000001110
10111101000111111101101110011001
10111100100101001101011011001101
10111101101010010111100000001110
10111011010010111010110101100010
10111100101100001101001011010011
10111101101011110011001111101111
00111100111101110100100110011110
00111011000000010000011011000101
10111011101100001001001100101011
00111101000001101100010101100110
10111100101010000011100001000101
10111100100010001011100001010011
10111101110010011010111000110111
00111101010011101011011000110011
10111100001010000111100101101000
10111101100100011001011010000010
00111100011101011100000010111110
00111101010001111101000001011110
10111101011001110000111011111001
00111100100001101001010110010110
10111101010000010000100001011111
10111101101110101101101101010011
10111100110001001010101001001011
00111101110100010011110000011111
00111100110111100010100110011000
10111101010000000010110100110000
00111101100001010110110001001001
00111100100000111000011110101010
10111100101100010111010000111100
10111101110010110011011101111000
10111101110010101101001110110001
00111101001111111010101101000101
00111100101101111110000111011101
10111101100111010101111101110100
00111101011011000010011101010101
10111101000010100111001100000110
10111100000011011111100100111100
10111011110111101101000101011111
10111101100010100111110100101001
10111100011101100111010100111000
00111101010111110100011001000100
10111101010000110111011100100111
10111101010010101000011010100111
10111110000010001000111000011000
10111101011000011101010111001111
10111011101100010101111010100010
10111110000010111011111110001100
10111101100000001101000101001011
00111110000000000100000000010101
10111100101110100100011111010001
10111101111100000001000100010101
00111101100010100110001010110110
00111011101001100110111100100001
00111101110010011110111110011110
10111101110011100111011101001100
10111101001111101110000000011101
10111100001110010000010011110111
00111101000111110011010101111101
10111100110000001101011100010001
10111101010000110011000100110111
10111100111010111101011111001110
10111011001011100111100001100111
10111101000101101001100010101000
00111100110101000100011101010111
10111011101011010011101001101000
00111101011011010110111100010000
10111011101000001101000110010010
00111100110100110010010100010111
00111101100010100111101011011011
00111100010011100111111000100011
00111010101011011100100110111010
00111101010111100010001111110111
10111101101000010001000001101111
10111011010100010101111010100001
00111101010110011010011111110000
00111011010000101001010001100101
00111100111011011010011001100000
00111101001100010011001110011010
10111011000000001001110100101101
00111011111111001000001011110011
10111100101110100101011100000011
00111100100010010011101100001001
10111100101101111011111110101100
00111100011001110011001101010101
00111101101000011010100111111010
10111011010110011110010000011010
10111011111000100101101100111111
10111100011100001100110111110111
10111011010111111010000011110110
00111100101010001101000111001010
10111100110001001101010000111101
10111100111100001110110110101001
10111101010110010111100110001000
00111101000101011000000101100111
00111101001111101110001000111001
00111100101110010000111100110111
00111101010001110000001111100011
00111101001000101010001100110110
10111011001111100011110101110001
10111101001001110000011100011000
10111100011010010111011100110010
00111100111000011001100000010000
10111101011100001101001010111000
10111100110011011011010111100010
10111010110010011101011000110111
00111100011010011001101100100111
10111101010110111100000011101010
00111011101100001101111010001100
00111011010111111011010000010011
00111011110110011110001001010011
10111011000101110011111110101100
10111101101010000011000011000010
00111100111111011010010101000011
10111101001010110001011111000010
10111101011110000011010110011101
00111100111101000001011101100111
10111100101111111110010010011111
00111100110011110011000110111000
00111101000001110011111110011001
00111100101110101011111000111100
00111100011000001111100001001010
10111101101001111001010101010110
10111001001111101101110000010101
00111100101001001010010011100010
10111101110010100011011101111110
10111101011010101101111011000100
00111100110111110010011011010000
10111101000011001101010101111111
00111010010011010110000000110000
00111010000100011100110111000111
10111010101010101001111101101000
00111100110001001111000110010001
00111100011110001110110101111010
10111100110101001011000000100101
00111100110011111011011100111100
10111100100110000111101100010110
00111011100100011011111111110000
10111011110011010011000111010110
00111101000010011101111100011001
00111101001001010110011111110101
10111101010110011000001000010101
10111010101001001111011100001010
00111100111011000011110100111010
10111011010011000010100011011100
10111100110011111010010110101001
10111101001101000110011011111011
10111101000111110001101100001110
00111100111100110100100100001011
10111101010000001001010001010001
10111101000101000100101010111011
00111101111000000011101000100011
10111100100110000101010101110111
00111100100101101101010010110011
00111101101000001101001110111100
10111101000001001001111110001000
10111101001100001001111101000011
00111101000010111110001100011100
10111101001011100011100010111000
10111100011100101110011110011000
10111100101111101001110011001101
00111011111011110011001010001010
10111011001110110111011110110001
00111001100111000001100010010011
00111100001011111110110000011100
10111100111000000100001001001010
10111100101111011001000010101110
10111101011011000011101101001001
00111100000001100110100001110000
00111101100001101001110001101111
00111100100111001111011101110111
10111100001100101110111011100000
00111100101010100111101101011011
00111100110100101000001011111010
10111101000010011111101011001110
00111100100010011110011001100111
10111101101100110111111011010000
10111101100000000111100000111100
10111101100001000110010000110011
00111011001101100101001010101001
10111011100101100100100011010100
10111100110110110110010010001011
00111011100011101101011010011111
00111100110000010110011111011011
00111101000000011101100100110001
10111101001110000100001101110111
00111101100011011011111001100101
10111101001110010101001000100101
00111100011111100011110011001101
00111011101101110011000010110100
00111101000010100101001011000111
10111011110011110001110000111111
10111100100001010011000101000111
10111100000010010110101100110110
00111101110000110011001010010110
10111110000000111100011111110111
10111101111000111010011100011011
00111101000011000110001111100000
00111101100110111101011000101010
10111101011001101111011000100110
00111100101101100101011011000011
00111100001010000111101000001011
00111101100100001001111010010010
00111011010101011000110010111001
10111100101011011001001101100010
00111101001000011110010101100101
10111100101011010001110111001101
10111100111110101000111001010000
00111101010001001110101110000111
10111100011100111101110101000011
00111100110100000101001100111000
00111100101101111110110101101101
10111101010100000101110011000001
10111101000101000100011110111110
10111100110100110010100100100111
10111011100011111010010010101000
00111100000101010010100100001111
10111100111100011011010000001100
00111100101100000101101110001111
10111100101001111011010011011110
00111100011111110011000100001001
10111100101010010011111101000001
10111100100111000000100100110111
00111100100011001001101101001011
10111011100001100010111100000010
10111101000100100011010100000000
00111100011110111110110111011101
10111101000111010100110101100000
10111101001110111000111010100001
00111101010001100001101101001100
10111101010001111110110001010000
10111011000000101101001100000101
00111100111110110010111110010001
10111101000001000011000000100100
00111101010100100010000111100110
00111100111110111100101011101001
00111100111111100000000010110011
10111100100011011101010110111010
00111100000100001001100110001011
00111101001111011100110010011001
00111100110000011100000010100101
10111100101010111111100000101101
00111101100011100000110110000100
00111101000011101010100100110100
10111101100010010111101100011000
00111100001101010101111100011100
00111100110110010100111101000000
00111100010010100011111100111100
00111101010000010100001100111001
00111011110101111111111101101111
10111101011110010011100000101010
00111101000010001101011100110001
00111101001010010010100100001110
00111101110001000111001010011011
10111011110010101100101000111000
00111101000011100110110101110110
10111101101000111110010000000100
00111100000110110001001011001110
10111100100111100001001100001001
00111100100100110110110010010100
00111101001111101101100010100010
10111011001010110100100011101101
10111101000101101101101101111100
00111101101010110001000111111110
10111100110111100010110000011111
00111100101100010101110101000111
10111100000101101000000001011010
00111100000101011101110101110011
00111100101011100111000000011111
10111100001101111000111110101111
10111100101011101000010011010100
00111010111010011111100101100000
00111100110001000011111011000010
10111100100101101010110010110001
00111100001000100010111011100011
00111100010101111110100001010011
10111101011001100110110001010000
00111010110011100111010111010110
00111100111101010110111010001000
10111101010010111001110110000010
10111100110010000000011101110110
00111100100111110001000001100011
00111100001000101011000000100111
10111101101010110010010010110010
10111100001010110111101110010000
10111101100011001101011011001010
10111101110000011111011000011100
10111101001001000101000101001110
00111011100111100001010001100111
00111101011111111001000110110110
00111100011111011100011101001000
10111101010001111110111000010000
10111101001101001111000011100010
00111011101000101001111100100010
10111101100110100111110111000101
10111101010100100011000101101000
00111101000011100010101100101101
10111101000010001110000100011011
00111100001101001100111011001011
00111101101001001010000010011001
10111011000000111011100111001000
00111101001110101011100000011010
10111010001111101010100110100000
10111101001011011010000100101101
10111101010111000101110101000011
10111101000000110011100011001000
00111101011010001001100100001011
00111100111110011001001100101001
10111101010000011001111001110000
00111100101100010011111111000010
10111101001000100111100011101110
10111100111010100101101010110101
00111101000100010110101101010110
10110111100101110011101011001111
10111011101000011001111111100100
10111101010011001110011111001011
10111100010001111011111111011111
10111100101100101100001100000000
00111100110101110100000010101110
00111101010111110000001011110011
00111100101101100011001100011010
00111100100100000011001011000101
10111100101000001010100000110100
10111101000010010100101101001001
00111101101000000001000011001110
10111110000010101010010111001100
10111100011010010011110101000011
10111101001001100101010001100101
10111101010101010111101111011010
10111101001010001111010000101101
10111100111100111000110000010010
10111011011001110111011010001101
10111101111000010000100001100011
10111101101001101011101111110011
10111100100000101111001111111011
10111101110001111011110100011111
10111101001001100101111110101011
10111011011110111111000111010101
10111100110000000010111010000011
10111100100111110001110000111011
00111101001101100000000111111010
10111100111110010000101011111101
10111101101011101011110011101011
10111100100001010010000101001001
00111100010010100101111111011111
10111101001111010000001100110001
00111101000000000001101001101100
00111100110010101110011110110000
00111100001010101000010111011111
10111100110000000001001000000111
10111101011100110000101110100000
00111100101110111001010001010010
00111100010000010000001111111111
00111100110111010010110000111100
00111100110001111100001001011010
10111011110110110111010010010101
00111011011100001011010010100111
10111011111010110110000101110110
00111101010001111001001011100100
00111100010011010011100100111011
10111101000001001001001011101101
00111011101010011011101100010001
00111011110101111101110001100011
00111101100000000111000100001011
10111101101010011110011101110000
00111101100001111100100011110000
10111011101010111000010111001111
00111100010100111101110100101110
00111101100010000010110010100000
00111011000100011100011110011001
10111101000110011001011001000110
00111100111001110101100100011011
10111101101010110101110010100011
10111101100000100001101110111110
10111011010001000010000001110010
10111100101011110010101100001000
00111101100010011010001011010110
00111100000100101101110011010010
00111100001101110000100100110000
00111100000110110110101111100100
00111100100100001010100100000100
10111100100001011100101000010101
00111101010111000100101001011011
00111100110000001110000111110110
00111100110100001010001100000001
10111100010100101010111011110111
10111101001111110111000111010101
10111101000111011101000110001111
00111100000111000100101111101000
10111100000001001000001001011000
10111001111110001000001101011110
10111101101111101011111110000111
00111101001100100111011101110011
00111101000100101111001000010111
00111011100010010110011000001011
00111101100101000110010101100100
00111101101011010011001100011010
10111101011001010110110111110101
00111101011110000000000011011000
00111011101010000100000011011111
10111101010001010101010000111111
10111101100001101000001011110110
10111101010110010001111010110111
00111101000101001010011001000001
10111101000111001010011010101100
00111101011001100100001111010000
00111011111110010011010101100010
10111100110001011001000111101001
00111101001101110011100110000000
10111101000010100010001111101110
00111101010100010111110000011111
00111101010000100001110110011001
10111101100100110011011111011010
10111100001110110010011100111101
00111100101110001011010101101001
10111100101110100011000010101011
10111100000001000100110001001110
00111100111101110110111101110100
00111011000111011101011110110111
10111100100000101111000001101000
10111100101100101001001001011010
00111101100111101001100000000100
10111100100111101000000110110110
10111100101001001100110111100011
00111101100001010011111111000001
10111101001100101011010101011001
10111100001101011111010010011111
10111101010110111011100111000111
00111100101111101001111101101001
10111011110011011111011011000111
00111010100001100001110100000000
10111011100010111101010011010111
00111100000111101001100001011100
00111101100011001101100000010101
10111100001110000001111011111111
00111100011101010000101111111001
00111101001111100001011010000111
10111101000000110101011111101011
00111011110100110001010001111010
00111101000100110111100000100101
10111101001011110011110101011110
10111100010010101000011111010101
10111100001101100110110111110010
00111101100000101000111101110010
10111100100101010010100110000001
00111101001000010011101111101001
10111011001001000101011111011000
00111100001001010011010100011000
00111011101001100111100100111001
10111101010000100010111011001010
00111010011000110000101001111100
00111011001011010010101010110100
10111101100011010111100001100011
00111100100100000001011001100101
00111100000001001000000010101000
00111101000101010101001110100101
10111101000000000000101010011010
00111101010000010111110010011100
00111101000001011111101000000100
10111100100010001001101101100110
10111100110000110011110010000111
00111101001010010110111000000010
10111011001110100011111110011010
00111011000101110010001011100010
10111100101010111111010000110111
10111011010011010111001110000010
10111100110101100000110001000000
10111101001101100110110100111011
10111101100101001100000110001101
10111100110100111000110100110100
10111100101001010010111111011000
00111101000111101000101011111010
00111101011001010110011100001111
10111100011011001000100010101111
00111100100001101110111011110000
00111100101101101111100010100011
10111101100100101011100000101011
10111100000000110100110110100011
10111101001001010101110100111100
10111101100100011110011000010100
10111101100011001111000100111110
00111100111011001001111111001111
10111011110001001101110110011010
10111100110101000011001100110111
00111101010010111011110001010100
00111101010000100001111010100011
00111100000011001111110110011101
00111100100100101110010000011001
00111100110010000011100000111111
00111010100010111111110011010000
00111101010000111101000010111101
00111101110010011011101001100010
10111101111001010101111000011110
00111101010110000101001110101000
00111110000010000000001001100000
10111100100010010100001010010100
10111101100000110001001101011010
00111101000101110111011010000100
00111100111111110010001001101010
10111101001001001010111000100000
00111100111101100111000000000111
00111100001011011110101101101110
00111011100010010010011111011100
00111011101000110010101100001110
00111100111010000101100101010001
00111100100111111101000010111110
10111101100000000110101011111000
00111100111111111100100101111011
10111100110011110100010000010100
00111100101111110101111000110100
00111100101011110000110110101101
10111101100010010100010111110110
00111100100001010101100100111000
00111101001000111011010100000111
10111101011010001011000101000111
10111011111011010110000110001010
00111100111010000011110110100101
10111101000001011101111000001101
00111100011000100010100001100010
10111011110110100010011010001001
10111011010000000100111001010100
10111011110111001110100000101110
10111101011110100101010100111001
00111011101111000000101110110101
10111011000000101110110101000011
10111101010000000101011011100111
10111101110001100110000111111110
00111100010100110111111110111110
10111101000011110101110001110100
10111101101010000110100111101011
00111101000000001110111110011000
10111101000001100101011001110100
10111101100100110110110000001010
00111101100011111010010011000100
10111101001100000010100001010010
10111010110000100000101111111110
00111101010110111100000011001100
10111011110010100101110011111101
00111100101010001000100011111011
10111010100000010100000111111100
10111100101111000110100011011010
00111100111101110011011011010110
10111101010110010001111011111100
10111101011011101011011100001100
10111101010000001001010101011000
00111100100010011001111001110101
10111101011110101000011101010111
10111100111011001101110010111100
10111100100111000101000011010001
00111100111001001100111000010110
10111101100000010110110101101010
00111011101010000111000001110110
00111100010100001101111000101001
10111100011011110100001010001101
10111101001100011101110000101000
10111100101011010110011100110111
10111101001100101010100111100001
10111101010010001111101101011000
00111011111011010111111011000101
10111101100001100011101101111011
10111101111001011110110101111111
00111101000010011010100111101001
00111101100101100010110010011010
10111101011000001110001010101110
10111010111000111110000001011100
00111010101100100111110010001010
00111100001010011111100000100111
00111100000001110101001011111011
10111011111011100100000000100000
00111100111010011011101100101010
10111011000001110001101100111001
00111101101011111001110111010011
00111100000110011010101011010000
10111100101101101110011010010011
00111011110010010011100101100010
00111100011000110010010101101101
10111011110001011100100110110101
10111101100111000100001101000111
10111010111010101101010000000111
00111011110100010010110011011011
00111101011000001000011110000101
10111100001000000010000010101010
10111101000001000110010111100010
00111100101011010100101010000011
10111101000100011011001001100111
00111100000100001111101011101010
10111101101111111010000110010011
10111101001001001001000011110110
10111101111101111001111011110110
00111101100010100111000001011011
10111101000100001000010001011110
10111100000010001010000011110000
00111100011110101011111011001000
10111100101111010000110001001101
10111101100001100101000011100111
00111101100101110101011101000110
10111101100100111110100101001000
10111100001001101001001111111111
00111101011001011111111001000011
00111101000010010011100100101101
00111101010110001111001100001011
10111101000001001111100011000111
00111101000000000110010101001100
10111101100011001000111011001010
10111100011101101011101110010100
00111100101010101000000111100111
00111100101001100000100110001011
10111100001011100111000000000111
00111100010011110100011000000001
10111100001110000100011110110101
00111101010011100100011000000001
10111101000001000001010010110100
00111100000111100001110001101000
00111100011110101101100111011000
10111101011010010001101011111101
00111101000001010000010111110101
10111100110011010110010110001101
10111101100100010010111011010100
00111100110101101100010011001000
10111101011101101111101100100000
10111101100000001011001110000111
00111101101111010111100110011100
10111101111100000110001011011100
10111100100110101101011101101011
00111100100010001110011111110010
10111011100010111011011001001100
00111011101000101010001001011010
00111100101111001010000000101000
00111101100110110101110110100000
00111100101011010000001110110000
00111101101000000101011111111100
10111100101001011110000111100010
00111011001011001100101000110000
10111101100000110010000110100011
10111100010000101101001111100001
10111100101110100111110110000000
10111101010000101010110110010001
10111010111101000100101111101000
00111100111110110010001000101011
10111100111000110010101111000100
00111101110111010111101000101011
10111100110111111000000100011111
00111010100000011101000000010111
10111101011101110000000100111010
10111100001000010001110000001101
10111101001001011101110101110001
10111101010010010011111111010110
10111011000111010010100101111000
00111011010000111110001110110111
10111100110000110011110100001000
00111101001010010010010000000010
10111100100011010000001111001011
00111101100001101010010110100110
00111101011110101011111001100010
10111100110000011101110010110000
00111101001111101001111010110100
10111100110001101010111010110111
10111101001000001001001011001100
00111101100100000101101010111100
00111100000010001000110101100110
10111100110110111100100011101010
10111100110101011011010111001001
00111101001101111101100111110011
10111101001101101011110011000110
00111101001011001100010101111100
00111100101011001101100001011101
00111011100111001011111110101101
00111101101010000001000001010001
00111100000111100000010001010100
00111100010001100010100001010100
00111011111001110011011000110011
10111010101000001001101011100001
00111100000001111100000000001000
00111100000100101111111001110101
10111100000110110101110101011111
10111101000110000111001010110110
10111100011110111001000100000110
10111100000110111111100000010101
00111101010001000000011011010100
00111100100111111101010100010111
10111100000110000001000100000100
10111101100010110111011011101011
10111010001000001110100010001010
10111101100100000100110110001101
10111100000100011011010011100111
00111100101111011111010111010111
00111100000110101010000101100100
10111011000111001111011011100000
00111011101011110010101011100110
00111101100001110101101010001110
00111101011000101011011110001110
10111101001000010100010010010001
00111100110010100001010111000011
10111100100110010001001001000010
10111100010100111100000011010101
10111100011011000100001001100000
00111100101111001010111110001000
00111100000100100110111001100010
00111101011100011101101010001001
10111100001101000110111001010000
00111100100110010000001110011101
00111100011011001001011011010110
10111101000001111000011011001100
10111100011100100011000111010000
00111011010110010110101110110001
10111011000011100011111111111110
00111100111110001111111010010011
00111101011011110111011010111110
10111101011111101011100100010010
00111101010110100100000001011101
10111101011000100110100111100100
00111100000000011101111110100111
00111100000011001001101001101011
10111011010010001010010101011010
10111101100110001011101111010011
00111100101000011011111011011111
00111101000010100111110001100010
10111110000011000000010100010010
00111101100010000010100100010000
00111110000011110110111101110011
10111100101111000011001111100001
00111100110001100100111101110010
10111101101111101011110111011100
10111100110101010101101101010000
10111101011011010001011110000110
00111100010111010011111000100100
00111101001001010000010011011010
10111100100001111010101001110101
10111101001000011001000111101110
00111100100011000111110101001111
10111100111010010000111011001011
10111100111011100000101110101101
00111101010101000000111010110010
10111100111010011111100000100000
10111100101101111001111110001111
10111101011011100011100000010101
10111101000101110000001010010001
10111011011001101101011100111001
10111100100100101011000110001110
10111100111001010100101110100010
10111101001010101101010011111010
00111100111110100000010110111101
10111100000011110001110100101011
00111101001010111111100110111101
10111101010011100011011010001100
10111101010101111011011101100111
00111100001110101010001100101000
00111100011000010101100111010101
00111101001111001111100001111001
00111100100100011010110100000110
00111101001001100100101111010011
10111011101010110010011100100101
00111011110001100001001101100011
10111100101000100111010100111011
10111011100111111110000000110100
00111100101011001000110010010000
10111100000101000011011110101111
00111100110000100001001001001100
00111100101011011111010010011110
00111101011110010110010001101001
10111101010100011110000100010010
10111101001101111010000001101110
00111101010000001110000001100110
00111011100010100110010000101111
10111101001101011111010100000011
00111100101111111000101100010001
10111100110011110000000110001000
00111100101110111110101101101010
10111101000110111010111111110011
00111101101110101101011010100011
00111100000100100101001110011010
10111011111101100001101111110010
00111101010001111111110110010011
10111101001011011011100101111011
10111101001010110011101010110110
10111101101010100010000010001111
10111101000100001100000110100101
10111101000000010100100100011100
00111101110110110000011111010010
00111101000000010110010100101100
00111101000011001010110101011011
00111101110111001011101010101101
00111101000111010101001000101001
00111100110101001110110010011101
00111101011101111110111111011100
00111100010110100000011101101111
00111100011101111011110010101010
10111101010010000101001001000010
00111100010110000001000001110010
00111100100110001001110111110110
10111100001111111110000100001100
00111100110011000010110001100110
00111100100011110011011100110001
10111100110101110010011001111110
00111101010011001100011111010100
00111100110111010010010101010001
10111101110011011011001110101100
00111101011000010110001111101110
10111100100000101000000111010011
00111011100111010001110011010110
00111100110000000010011110110011
00111101111111100111001110011010
00111011101001000111000010100101
00111100100001001100010111101010
00111101101100001111110001111110
10111101000110101000010001010011
10111100011100001010110111100011
10111011001010111011111110110011
10111100110011100101111101001111
00111100110011110011000000100000
10111101001010101110101110011111
00111100010110000001010101011000
00111100010010000000001010000110
10111101000111000110011000110000
00111010000101101101001010111110
10111101000000100000010011100111
00111100110100110100001001011010
00111011100100101000111011011001
00111100101011111011101011110001
10111101111000110010010010100110
00111100001001101001011110001001
00111010110110110100111000011100
10111101001011110111111100001111
10111100100100001001101100011100
10111011000000111110101011111101
10111101000111000111010101101011
10111011101010000111001110001000
10111011100100010100001011011000
10111100001000001110011011111010
10111100011010001101000101110100
10111101001101011011011111010001
10111100101000010110010000111110
10111100110011101111001101010010
00111100111010110011100011001101
00111011101101100011101011011010
00111100011011011100111001110011
00111100011101101101001001011111
00111101011101101111111011101111
10111101010110000000100111010000
00111101100001111101011001000100
10111100010010111011011101000010
10111101100001110111101101100111
00111100111010110101001101011000
10111100101101001110000000001101
10111100111111100111100100010010
10111100111110111000110110110110
10111101000000111101111000000100
00111101101010110111001100001000
10111011100001011011010010000111
00111011000101100100101010111111
10111101001011100001011010110011
10111100101010111010110100000011
00111100110010001010010111100001
10111100100101011100110011110101
10111100100110001011011111011010
00111100000011101100010001111010
00111100001110111000010001010000
10111100110111111101100010100011
10111100111111101100000001010001
10111011100110111110011000000110
10111100100011110100000100101001
10111100101000100110001111111100
00111101100111110100010100010001
10111100100010001000101001110001
00111101100111011100110100011111
00111101101011111110100010001100
10111101001000111101000100111001
10111101010010111000101110000101
10111101011110100010010010001011
00111101101101001110100110010111
10111101011010011011000110001011
10111100100001000011110100010000
10111101010110000000110111000111
10111101011101111010110101011010
10111101111001011001111110001111
00111011110010011110011111001110
10111101010101111011011000010111
10111101100010101101011110111101
10111100011100111000001111011010
10111101010011011111111011000000
10111101001111010100101111001111
10111101101101011010001110100101
00111101000100001011011110000101
00111011001011010110011111101110
10111101010111001011010100110000
10111101000010111011010011100111
10111100111111001001010011101111
00111101000101111010010000100011
10111100110010011011100100000110
00111100100001100101011011101101
00111100101010011100010100011101
00111110000000001010001001111000
00111101011010101000010110010101
10111011001101111000011100010111
00111100010001011111110001010001
00111101010111010100010110100101
10111100000010110110110110000001
10111100010000111101010111111111
10111101001100111010001101110011
10111100101110000101110001111110
10111100000001001001111111100111
00111100010011000101000001011100
10111101010110010100110100101000
00111100111111100100110100110011
00111011001110110000000000011110
00111101001000010001101111001110
10111100110100101111010001100110
00111100100011111110110010101000
10111011000000101001111111011010
00111101100010001000110111001101
00111100101100111101111110000110
00111101000110101010101111011001
10111101000100111111000010111101
10111101011111101100000110110100
00111101100111101110000001011110
00111100000100110010000000001101
10111100100100110010000011000111
00111100011010001001100111111111
00111101110100011110001001111001
10111011111011001100101101111100
00111101101010000001000000010101
10111010111101001000001100010011
10111101010100100001010110010100
00111010000111101001110011110011
10111100100011011100001111100001
10111100100000010111001011110001
10111100100001010011011111000101
00111101000110111000001000010000
00111101001001101111000111110100
00111100111110100111110100000011
10111100101000000011100011110001
00111101001001111101001001001111
10111101011111111101101111100111
00111101110001010011010000011100
00111101101001110111000111101101
10111101100111101011000100010100
00111101100000010011110110000100
00111101101101010000001100010101
10111100100110000001011110011111
10111100000101011000001111011110
00111101011010101001111100010110
10111100010011100110111110000111
10111011110011011010001110111100
00111101001011001111000011001110
10111101100010101111010000011000
10111101100100110011000010101101
00111010010000010010100101011000
10111011111100100100110111100110
10111101010001110101010101011011
00111100111001000011100011001100
00111101101000011011100111111010
00111101000111111100100011100011
00111101001001110000110000111110
00111101001000000001111001110011
00111101100011100000110011001111
10111100001000111010110001010100
10111100011010111000110100000100
10111101100011001111110000110101
10111101011000110000001010110010
10111010000111010100101100010000
10111101100100111001100101110011
10111100100110010111011010010110
00111101100101110101010111101011
10111100000011011111101110011101
00111100100100100101001100111110
00111101010001110110100111011001
00111100100100000010100100000101
10111100100111110010010101011000
00111100111000011101111001000011
10111100110000111011010010101110
00111010101000111010100000000110
10111101001001011101000110011111
00111100010010111111010111011001
00111100010000010100110001111011
10111101000000010010100100111100
00111100101010100000111010101111
00111100100001001010110010110101
10111101001000010001101011001101
10111100001101100100110110110010
00111101001101011100100101110110
00111100100001100001001000100001
10111011111100011100000001010011
00111101101101101110000100111100
00111101000111001011111000110110
00111101001011100111110010000110
00111101100110001110111001100000
00111100110010001111000100111100
00111101001111110010111110101110
00111100111100011110011110110100
10111101101111110010110011000100
10111100101101111110100010001100
00111101111010000100101001111000
10111110000111000010110010111111
10111100101100101000110111011110
10111101101011010111011010010001
10111100010101001010000111000000
00111101000010111011000000100101
10111101100101000001110011111011
10111101000110100001011011000111
10111101001011111011010110110000
10111101000011011010110000001101
00111101100010111001000000000011
00111100100101000111100101110010
00111100111010111011110011001100
10111011110110111110010111111101
00111101010101001000000101011001
10111011000110001110110101101000
00111100010101100110101010101100
00111100101010110001110000110010
10111100000101000001000010011110
10111100011100001000001000000011
00111100111010100000000000110100
00111101100110100011100010001000
10111011010001011110011010101110
10111010010011110111011101110100
00111100111000000011101110010000
10111101110110111101110000111111
10111101101001010110101000010001
10111100001000010101010000000010
00111101001011000001011111011011
10111101011011111111111110010111
00111011100100101001000100000010
10111101100010000101100000111011
00111100000001101000101111011101
00111010111100010101011100000011
10111100001111100011011110110110
00111100101000001101010111010001
00111101000111010001100110110001
10111101000011010111101000000011
10111101000011110001100010101011
00111010111010110010110101111001
10111100100101011011110000011001
10111100101100101000011111001110
10111011101011000001101000100101
10111101000110000001110000111100
10111100111110001111100111110010
10111101010010000001101010111101
00111100111111101110011001100000
10111100011011101101110101110110
10111101010100010000011000000010
00111101101000010011101010001001
00111010101111010100101001010001
10111001011111001101011001010000
00111100110100101110011110001000
10111100100110001111101110111001
00111101100000011000111010011110
00111101001111100101111010100100
10111100100000000001001011100111
00111100100100010001100110101110
00111101001010100011110001011101
00111100101000011010001101110000
10111100110101010010110011100100
10111011011011100011000101101111
00111101100110000001011001001011
10111100111100100100001001100000
10111010000000001100111011101110
10111011100010001010001101010100
10111100101100101111101001011001
10111011110101011110101111001011
00111101010000111100000100011101
00111101110100011010100011101111
10111101010010100111110011001100
00111011100101101000000101011011
00111101101100110000100101011011
10111101110010110111011100010111
10111100100111000100010100110100
10111101100001100001110110000101
10111011100110001100011110111110
00111011000011001111001010111110
10111101100111011000001101110110
10111101100011110111011000010010
10111101100001001001110000001011
00111100101101110000010111111010
10111100101001001110101011100010
00111100110100111101111111100001
10111101000101010011001000011011
10111100100001101101100010111001
00111101000101100011110001111100
10111101000100010111101101000110
00111100000011010100011100110111
00111100010011100011100110011011
00111100011011001110000110110111
10111100111101001110101000010001
00111101110101101000101100000011
00111101011110110011110000001110
00111100010101010001010100010011
00111101100101101110011011010110
00111101011000001100000011010110
00111101010001010101011111101111
10111101000110011101110101000111
10111101010001000001001011110111
10111101110011001011111011100101
00111100101100100111101010101011
00111101001101010111100111010100
00111101001010001100010101010101
10111101001011100111110010110100
00111100111100111001000011001111
10111011110010001111001110001000
00111101100101100101000111001110
00111010101000000100101110101111
00111100001111101001110001110011
10111101100000101110101111101101
10111010000110010011101010011000
10111101110001000100101111110001
10111101000100011111101000110101
10111101100000000010000110001101
10111101100100101111101000111111
10111100101010000101011100100101
00111100011010111010000111001010
10111100111111111101100000110111
10111100001111010000011011000000
10111101010100000010011110100100
10111100001100000110110101010110
10111110000100100001101010111010
10111100100011111100101100101011
00111101001101000001101001101110
10111101011010010000000001010001
00111101000100010110100001011111
10111100010000100100010001010100
10111101000010110001001101111101
10111101000000100101110101011111
10111101001010101110010011000101
10111101010000001110000010100110
00111101010101111001100110111111
10111010110111110010000010101111
00111101010101011011111101011000
00111101100111011111111000000110
00111101100010111000111000110100
00111101101010101000111111110111
10111100100011001010100100111011
00111101100101111000101000010110
10111011001100011110110010001100
00111101001011010010011111000110
00111101000011010101100101010000
00111101011000101001110100011111
00111101000011010110010101110010
00111100101001000101011100000110
00111011011110101010011000100010
10111100110111010000011010010011
00111010110100001101100010000110
10111101100010000111010111001100
10111101010010010010101111110100
00111100100011010101001001110011
00111101000010110001101001100010
00111100110100101111011110001100
00111100101110110100111111011001
00111100000000000010001011111100
10111101001000000101010111111111
10111101011010110111111001110001
10111011100110111101001111001011
10111100100100100001100001000000
10111100001111010001010111010100
10111101011100010001010100010011
10111101001011010110000100001000
10111011110010100010101001011101
00111100101111110100001111110100
00111101000010000101101010100111
00111101001011001101001001101111
10111100110001010000101000011011
10111011010011101010110001000100
10111100111110000110101111110010
00111101011010110000111001010111
00111100001110000001111101011100
00111100001111110110110001000100
10111101010000110010111101100011
10111100010001011011001010100100
00111100100001010010011010100001
00111011101111011110000010010011
00111101100000101100100000011101
10111101010111000011001111010111
10111101001100111000011011011011
00111100000110001100001000001011
00111100011100010101111000100110
10111100100100100100101100000000
10111101000001010101111101000010
10111101010100010000100010111110
10111100100110001100100011101110
10111100110001011111100100001110
10111100110000100111000110010001
00111100100000011010110100001100
00111101001011111010010101011011
00111100001100010000001000000100
10111100000001111100101000110001
00111101010000110000010101000010
00111101010101101011110000101001
10111101001110011000001111001000
00111100101110101000110110010000
10111101100001010000110011011111
10111011101100111100110011110011
10111101101111010010000111000010
00111011110111101000010110010010
10111010000100111000011001111011
10111100111011111101001111001101
10111101000111101110110100100101
00111100001000001011011001100101
10111101001110010101111010101001
00111100010100011011111000100100
00111100000101111101010101111011
10111100101111101111001000000011
10111100011101000010010110110001
10111100111010111111101000100010
10111100110111110010011101101010
00111100110011111111100000100111
10111100011111100100110011010011
10111101011111110000101001100000
10111011010001111010011000101010
00111101101111011011000101101010
10111101110000100110000101001001
10111011010000000100110100000110
00111100110000011001001011001011
00111101000110010010001101100101
00111101100110010011000101000010
10111100100111001000111111100111
10111100110000000101101110001100
10111011111111000010000000000001
10111101001111111110001001001010
10111100001010010111001011100001
10111100101000100101111111110010
10111100100100101000101100100111
10111101001000100110011001010100
10111101011001101001011011101100
10111101000111110000001100100011
10111100111011001111000000100001
00111101011000101100110101000100
10111101100011000000110100011010
10111100001000000100100010000001
00111100110010111011110010010100
10111101001001000011111101011011
00111100100000010110100011100110
00111100011010010001000101011010
10111010110011010110111000100001
00111101001010001111101011000110
00111101001000110110101100000100
10111101100001000111000011101100
10111101001010111010011111110001
10111000110111000000111101100100
00111100110010010101100010110111
00111100101011110111010001101000
00111011110111000111000001001111
10111100100000111100111100101010
00111011111011000010001100010000
10111101000111101110110100010010
10111100011110000101111101011010
10111100011011000111011000111001
10111011111110110101111101001000
10111101000010000000110011101101
10111101000111110010000110101111
00111100110101100110110011110101
10111100100111000101101000001100
00111100111101110100000011011111
10111100111001110010011111110010
00111000000000111110110100010110
00111100110011011000010111011010
00111100111010011010110100110110
10111100000110100010001000110010
10111100110010100111000100000111
10111100101011101010100110011000
00111011100101011101010001010101
10111100000011000111100101001101
10111100110111101010111111001000
10111101001101101001111011111011
00111101000100111110111101000100
00111101100100000000100111111000
00111100101001010101110011111010
00111101011110000000000010110100
00111011000010111001001110111100
10111100100111110101111011011100
10111101000110110100010111111001
00111100111010101101010011110110
00111100000110010100001001001010
00111100011101110000111001100100
00111100001001101111011101101100
00111100010001011011011010000010
00111011011111000001001011010001
10111100100000101010001001001001
10111100110101111011000001010110
00111100110111010010001010100110
10111100101011100101111011010111
10111101010010010100010101000111
10111011001101101000100110110010
10111101001100000000101001100000
00111101000001000010101111101101
00111101000001111110011001000011
00111100010110111100001011111001
10111010000101101100110011000101
10111011101101000101010110101011
10111001101000100111101011000100
10111101001001111000000110010010
10111101000110010011100011000000
10111101100110001111110001001100
00111101101010111100010011111001
10111101000111110000101100110011
10111101100110001000111101111110
00111100100000101010110010101110
00111100100101010011100000010100
10111101101101010111100001110101
10111101000100101110100011100101
10111101000110011111101111000011
10111101110001101101001011011111
