00111100000100010000110111000001
10111011100000011011010101110010
00111100110011111000000010010111
10111101011111011100011010000001
00111101001111110000110011010111
10111100111101001100011110100011
10111100110110101101111000110011
00111101001111101001011011011100
00111100110010011011110100010110
10111101000010111100001101100000
10111101010011111010110011110111
10111101011011011100100011101011
10111101011101000010001010111010
00111101101010110010011011111101
10111100011100001010111001110011
00111101001100001111011001110010
00111101010011000111011010010010
10111101110101010011010111001100
10111100001110110100000111100010
00111101011101100110100110010101
10111100110100001011101010011111
10111100000001100000100011100010
00111101000111000100111111111000
00111011010111000011100011000111
00111011011101010100110010111011
10111100100111101001010100101010
00111101001010000010000010101010
10111100001011011110001010000101
10111101001100011100011101000011
10111100100011100010010000100100
00111011110101110010000000011110
10111100100110001100001100111011
10111101010111111100001001011010
00111011110001100110010101101010
10111011110010100100110010001100
10111101001011110000011111000101
00111101110000010011111010001010
00111011101101001111000100011001
10111101000100000111100000011010
00111000001100101001110110001010
00111101100011001100110010110010
00111011100111010101110110101001
10111101010000001001010000111101
00111100101101010110000001011011
00111100001111001101010110111101
10111101101001101001011011011110
00111100001000111011010010111101
10111100001111010010111100100100
10111101000110000001000001110011
00111100010111101011100111110101
10111100101100001100111101101110
00111101000000011101011110101000
10111011011010010001101010011010
00111101001110001100111101010000
00111010111100001001010111100001
00111100100010101100111011010101
00111100101011100110110010000010
00111101010010110111110010001100
10111100011110011001001011000110
00111100111000101010100000001010
10111100101011000010000001000101
00111100101000011011101111001001
00111101010001100111100001101100
00111011010001011001010000110000
00111100000110000000101111111000
10111101000110100011000001101011
10111101010001000000111110100001
10111101001110110110101011100111
00111100100001101000011101001011
10111100101100110110001001011110
00111011011010010110110001111000
10111100000100111000111010101011
10111101000101001110110100000100
10111101101010100001011010111010
10111101001001001110100000100110
10111100100101111010000110101110
10111011101000000000010001011000
10111101101100000111011000000100
10111101010010001111110101100111
00111010110100100100010011110011
10111101011010010101111011000101
00111100101101110000000110010100
00111100001101101100111100110101
00111011101101001001101101110110
00111100001101011010010001110101
10111100110101110001110101101110
10111100000110110101011111010111
00111101001000100001111110101100
00111101001100100110010010111010
00111100101110110010101010101001
10111101010001000010000111101101
00111100011000010000101011010001
10111100111110000100100101001010
10111101000001111011100110100100
10111011001101010010000110001100
10111100100010100001011110111101
10111100100101111111110101101010
10111100010110101110001101000111
00111100100011101000010010000011
00111011111011110000111101010000
10111101011110101011011111100011
10111011011111010100010111011011
00111101001100011010101000100010
10111100101100100000110001100010
00111100011100111101001011011111
00111100111011001101010011010100
00111100100111000101010000001010
00111101101010010100011100110110
00111101000100100111100000111100
00111100111110110111110011001000
00111100101100010111011110110101
10111100111000011110110011010101
10111100110101010010101010001100
10111100111100011100110010000010
10111100110110101110111111001101
00111100101010010100111000000101
10111101001010011001111011111011
10111101110111010100011001000101
10111101100011101111010001011000
10111101111101011010001110000011
10111101101100011110111111110100
10111100010111000011001101101111
10111101101010000111101001111111
10111101000000101111100100111000
10111011011010111010101001011010
00111101011101001011101011000001
00111100101111110101101111110010
00111000010111100100101000001010
00111011000010001010000101100011
10111100110110110101111011100001
10111100000001011110101101110000
10111100101000101011101011100011
10111101000010101010000100110001
00111100000101111101101100101000
00111101000010101100000110001000
00111100001101100000010000111100
00111011111101011100000111001100
10111100000110111111111111000011
00111011001101000100011001000100
10111011010110101110100100000110
00111100011000011101100101100001
10111101011110110011000010011110
10111100010001101101010101111100
00111101000010100111011110101011
10111101000001000010011010100111
10111011111100001000000001001010
10111100101000001110110100111111
00111100110110100100011100010110
00111011110011001101111000101000
00111101010110100000001100111001
10111100100110111101011011100101
10111101000010001111111011100000
10111101010100111000010010011101
00111100101100101100001101111100
00111101000010111001101111011101
00111101011100010001011111110001
10111100101001010000111000001110
00111100110010101011110000001001
10111101000110111001100100010011
00111011111001100000100011111001
00111101100010000111010001000010
00111100000010110100100010000111
00111100111100100101001111100011
10111101101000110100100001111100
10111100100101111101110001111110
00111101100110101101011111010111
10111101101010111100110101010000
10111101100100101000010101111110
10111101011001100101101001010100
10111101000001110010010100110001
10111100100010100010000000100010
00111101000001011110101110011101
10111101101100010111000001011000
10111101001000100010010100011111
00111101001111100011010111000000
00111101100100001001100011001111
00111100000100011111010100010010
00111011101010111101101011100101
10111100000010110110011101000111
10111100100100011110111101100010
00111100110001000001110010101100
00111100100111111101110101111100
00111011100100010011111011011101
00111100111010000100011110100001
00111100010101110011010011100000
10111100110010101011110110001001
00111011000011001000101111010100
00111100101001000101110111101000
00111101001000110011100011111101
10111011111001100111010011000111
10111100111011111001111010110111
10111101001101011011011010000011
10111101000110011011101001010101
00111101001101100011110101100000
10111101010001001111000100110101
00111101001101001000001000000111
00111100010101110000110100011000
00111011100011001111100000000110
10111101101100111001010001100011
10111101000111110010111000001111
10111100101011111101010110110101
00111101010100111010111110111111
10111100101011011000000000001000
10111101000110111111110000101111
10111100000110101000100110010111
10111100001101001001111011000111
10111101011101111000111101110111
10111100100001110100010100000010
10111100101101111111110001001100
10111011101111001110111100011111
10111101010001111011011111111101
10111101010010001100110110100001
00111100110001011110100111010000
00111101001111101001011010001110
00111101100010000101010101100101
10111100110111010110011100001110
10111100111011111111010011001100
00111101100100011011000000000010
10111100010110111001000101011010
10111011110000100011101010100000
10111101001010010011010001100111
00111101110010011001000111000111
10111100111100010101100110101100
10111100100101011010110000010110
10111101100111111001000111110000
00111101011101011111110111101100
00111101100000011001101111001110
00111100001100001101000000001110
00111011111010110000000101100000
10111101001001011111000100101100
10111101100110100010101011011111
10111100111100001101100000101111
10111011111111000110001101100010
10111100110010001001110111011011
10111010101101001001001010011101
10111100001101000111000100001110
10111011101010001010011101000110
00111101100110101011110100000001
10111101000000111111000111101111
10111101000011110100000111010100
10111100100100010111010100100101
00111010000000001100110110100110
10111101000101100000011001101000
00111010111111111011111011100111
10111101000111011100110111101000
00111100101111110111101010010000
10111100110011001010111000101010
10111101001110000110011111110011
00111101000110001011101011000011
00111101000011101110111000010111
00111001000101100010101100000111
00111100110101100111111101000011
00111101010010111111110110111010
10111010110011010010100011101101
00111100111100000000000111101110
10111101001001011000101010000101
10111100000101010001110100101000
10111101000110110101100010110010
10111101011001101100111110000100
10111101100000101001011100000000
00111101000010000110100100100111
00111100110000010000111110101001
10111100110110001000001010100111
00111100011110000101000111001011
10111101001000011111001010100011
00111100001000111111101100000001
10111100001001101101001000111111
10111100010100101100000010001100
10111100110010110010011001000110
00111100110111110100110101111011
00111101000101111010101111100000
00111100100100101000001001001111
00111100010001000100011101111111
10111101000111101001111001011011
00111100100011000110101111000000
00111101011011110001101100011111
00111011100000111111110011100110
00111011111000110000100111010110
00111100111010111011011011011011
00111100100101111101001100000001
10111101011010100111110000101000
10111010011100010010010011110111
10111100101000000001100101001100
10111101100001000100000110111110
00111010111101101110101011110110
10111101101010001000000111111111
00111101000101011100011100010000
10111101001110100101100001111010
10111110000111110111100000000000
10111010011101111101110111001101
10111100111010000110110000001010
00111101100110000001000100000001
10111101001101110100011011000100
00111100110011100111101101111110
10111101000110100001110101001110
10111100000000100100001100000100
00111011110100101100010100010001
10111101010100111010010000101001
00111101100101101111001100111111
10111011110111101001100111001001
00111100111011100101010101110100
10111010110110100011101010111101
00111100110100010001100100001010
10111101001110111110111100101111
10111011101101101000000101000101
00111101001001011100100101110111
00111100000010111010111011100000
10111100101101001010001100111011
00111100000110110101101110100110
10111100110111010111110111011100
10111100001111010110101101110100
00111101011011100000101101010011
10111100101011010011011010111011
10111100101001111010000010000001
10111101001101001011000110011011
10111101010101101010111111101000
10111100100100111001101100001011
10111101010011110100111000100100
10111100011101111101110100010111
10111010100000111001001110100101
00111101000111110010000001011000
00111101010010010101010111111100
00111101001000000000010001010111
10111100011110100010001111010110
10111100101011110000001011101000
00111101000010100001010100010111
10111101001011001000011000101110
10111011111000010100111101100000
00111100101101100111110011110100
10111010000101001001000111100000
00111100111001000101101001000100
10111101010100100101000010110000
00111100111000011000010111001110
10111100100001001010011110110100
10111010100000000111110100110010
00111100111101010001101010001110
10111100111000101011111000000100
10111011010101111011110110000010
10111010111100111001011000011011
00111100100011100001011000111001
10111100010000001010000000001101
10111101001011000100110101011010
10111011010111110100111100010011
00111100000011010000010110101011
00111100100100110011000100101011
10111100111100111010100110011001
10111100110001000110010000101100
00111100111011010011100100010110
10111101000100001010101010011101
10111011111000101000001000001000
10111011110011011001010111000110
00111101000111011000110010001011
00111011110001000000001100110001
10111101001101000000001111010101
00111010110101011010100111010110
00111100101101111100010011000010
10111011101010100101111110000101
00111100100001101110011001001011
00111100100110101100101110100000
00111101001110011110101111100100
00111100000011000010111001101001
00111011010000010111101001010011
10111101100001100111100110101101
00111100100111111000001100001110
10111100110010101001001011010110
10111101110101101111011101100110
10111100011101100000000110111111
00111101001101110111001101101111
10111011100111001101101001101011
00111100101010000001001110101000
00111100100100010101010000101111
00111101001111110100100010010100
00111011100101011110000111001111
00111101001010100110101000100111
10111100010110000111100001110110
10111100011001111110110100101100
00111101001100110100001010010111
10111100101001000101101000110111
00111011001011101111110001011010
10111100011010111101111001110011
10111100100000100110001110101001
00111101001011001011100110011001
10111011111111111001010100011101
10111101111101011100110111010011
10111100110000011000101000101110
00111101100011010011110010010101
00111001000101100101010001000100
10111101000001001110001010011111
10111100001010100010000100101111
10111101011101101001100100000111
00110111100111111010111110111000
00111100101000001001101011011110
10111100101100000000010111100100
10111101011110101110110101011110
00111100100110100110101101111101
10111101010010101000100000111101
00111100000010111011011000011000
10111101000010101011001111000111
00111100011011101001001000010111
00111101011010100011000100110110
00111100000011110101000100000010
10111101101010100110110001010001
00111011000100101001011010000011
10111100010011010000101110110111
00111100010111010111110001011011
10111011001001101000111110000110
00111101001001110011011111111100
00111100111011101101111110110011
10111100110111101011011110001000
00111100100100001000000010100110
10111100000011111010000111011000
00111100100000010001010010000010
10111101000001000110011011110000
00111101000000110000000001110011
10111001011001110110010001000110
10111101000000011111001110000101
00111101000111001011100000001111
10111100010011101100111100001111
10111101010011001100011111010010
10111100110101000001010001111000
10111101101011110110101011100111
10111100110111110001010011000111
00111100001100101011010011001010
00111100100101001010111100011001
00111101100111100000111001100110
10111100101101001000011110100001
00111011111010010101111000001011
00111101001111010110100001000000
00111100100101011110111111111001
00111100100110011111010000001110
10111100111010100010001000000111
00111100010011111000111110111010
00111011101100111000101100010101
10111011101001011110000011001111
10111100101010011011110110110001
00111100111110000100010010001100
10111101010101100110001001101011
00111101001011100010010000000000
00111101001011100011100111010010
10111100001101010111001001100100
10111101100111010000010000010110
00111100100110010001100101010110
10111100101101111011011100101110
00111100011011011110110010100111
10111101010011001010101100110111
00111100110011101111111010110000
10111101000010110000101110101100
10111101011111110011010011100111
10111101010011010110100011001111
10111100100011100000010100011011
00111100000100011110111111101110
10111101000100000110100101010010
10111100101111001101111110111110
00111100010011001001110110100101
00111101001110101100000010001010
10111101000000110011100000000010
10111011110011011001001110101111
10111100111100011010010001100101
10111101100000001110000010111000
10111011110101001011111001001111
10111010111110100100011001011010
00111101001101101011100010001011
10111100110110110111011111001011
00111010100110001111100100111110
10111101100100101011000100110110
10111100100000000010001110100010
00111010101001010000110000111001
10111101001100110011101110110010
00111101001001100011011001011111
10111100110101001101111001000010
00111100110111111110100101000111
00111100111011111111010000111110
10111101010111001100000010110011
00111101000010001001101110001110
10111101000101000110110101010111
10111100000111110111110100100001
10111100010010000110111011011000
10111100100101110000010111111000
10111101000010111111110100110100
00111101000000000100100110100010
10111100011100001100110101110010
10111101011001010000110101001011
00111100100101111110001100001010
00111011010010000110100000011001
00111100100001011000010011010111
10111101010011100111110001100100
10111100111001000111110010011010
10111101011001001010101111001001
10111101101111011011010101001111
10111100000011011101111101010001
00111011000110011010110101011011
10111101010001100001110101000010
10111101001011100110100010110101
00111100110000101000100000001100
10111101000000010001010100111110
00111100100101000110111111010011
00111100011101100001000111111000
00111100110010001110101111100100
00111101101111111010011000111011
10111101101100010110001111010011
00111100011010011010011010000101
00111100000110000101011011100100
10111100100001010100011010101010
10111010101101111110110100011100
00111100101101101110100111010100
10111101000001011100010000001000
10111100100101100010000000000110
00111100100011100011000010001010
00111100111001011010100110111111
00111101010010010000110100111111
10111101100100110010010011010101
10111101010001000000110101110111
10111101011100101100110000100011
00111010111000000111001111000010
00111101001101011110111000011101
00111101000010111111100111100110
00111101000010110001000010100000
10111100101010001110101100010110
10111101110000000010000011100001
10111101010100000000101001101010
00111101010001111110010111010011
10111011111010001101001100101001
00111101100110001011000000001010
10111100101111110011101100000011
10111100110011010001001000011011
10111101000110111101100000100111
10111100100111100011010101111000
00111101100011101011001011001001
10111101001010101101001110010011
00111011110110011011101001100001
10111100001100001100001111110100
10111101000110000010010011110010
00111100010100010111100001011000
10111100011001010111100100110000
00111100001011100111101011011100
10111101001000011000110110000101
00111100011110000000011111101101
00111100001101111111000101110101
00111100101110011110110011011100
10111100010101000101110001101110
10111101011100101010111010000111
10111100110101010011111100101001
10111100101101110101010000011101
10111100101111010000111110001010
10111101000100001011101100111010
10111101001110011101010000111001
10111101001101100000000100111100
10111000011000011101001010001000
10111101001101010001101110000110
00111100101110001011100001011001
00111100101101110001011000110100
10111100110111000110110010011101
10111100101001101111000110100001
00111101100101100111011101011001
10111110000001010010001010010110
10111101100110000000011011011101
00111011110001100111001101100100
00111100101011010000101000110100
00111010101100011011111100111010
10111101100011011101000011111101
00111100010100001011000100011100
00111101011101011111101011000100
10111101010000011100011001101010
00111100110100100111001011001110
10111101011110110010100010000000
10111101010101011110010011101010
10111101001010011001010001101001
00111011111101000110101110111001
00111011110101110111100100000101
10111100100101000100000001001101
10111011100111001000000000001110
00111101100010000101110101001111
10111101000010111101011011111000
10111100100101011111111101010010
10111000001110110100100001100011
00111100100000011100110101101101
00111100111001110100001010101111
10111101101001100010101110111111
10111101100010011011001000000001
10111100101000001110010111101001
00111011101011111110110101100001
10111101000010010110000110110010
10111101011101001110011010100101
00111101000100001011101011000000
00111101010011001000110010000001
10111011101001001101000000111100
10111100110110001000100011001111
00111101001001011111000000111010
00111100010011100100110101101111
10111100000101011110011010010001
10111101000000001111101101111100
00111011111011100000101010111100
10111011011010110111101000101110
00111100001000010010011000000100
10111101000001110110000101110011
10111100101100111111001000010110
00111101000111000001011001111101
10111101001010010111100111100011
10111100111000000111010010011000
00111100100100111101111111001000
10111101001001010101100000100111
10111100011000101001101101010000
10111101011000011001111011010101
00111100101110110110001111101110
00111100010111110111101111101001
00111100010110101111010000001111
10111011100110100001101100111011
10111101101111000011000000010010
10111101101110111010010111010000
00111101100011010000100110100101
00111101101100001010101011111110
00111101011101100001100110010010
00111100111010111111101111001111
10111011101001000000111101111111
10111100110001101100010100010100
10111100111011110101110100101110
10111101101100011100110111010001
10111101100111011011000000000010
00111011101000100111100101001010
00111011110101001101011100101101
00111011110001110011100100000010
10111101010011000000101001100010
10111101001101011000011010010001
10111100111011011111110000011000
10111100001000010001111101111010
00111011100100111011011011110110
10111101011100110100100011100001
00111100110000110010100101111101
10111101001111110110111000010011
10111100110100100001010001111101
00111100110010101100000100101110
00111100111110101110111100000011
10111100000101100010110001111011
00111101000101111001000101000000
10111101000011011001010110000111
00111100001001101111000100010101
10111101011101001000111001010100
00111101000010011110010100101010
10111100001010001100101110001001
10111100001110101010010011111110
00111101101100000000100011010000
10111100111100000110000011101101
10111101011101000001111001011110
10111101011010110011011110000100
10111101001110000111011111000100
10111100010111001100000101110100
10111101001001011010101011100001
00111101100110100110001110010101
00111100101010100011110110100010
10111011101001101010100000011011
10111100110101111010010011100100
10111100100011010000100101000000
10111100111001011001000110001001
10111101110010001000101001001111
10111101001101101110000110000110
10111101010101110001100010110110
00111101100000101010100001100101
10111100100110001110111011001011
10111101001100111011110010110000
10111101100100100101111111101010
00111101000100111010001101011100
10111101000000101010110100111110
10111100001101010011111011101110
00111101000100001011001101101101
00111010001000110110101000101000
10111101010011110111011100001010
10111100010011010110000100011101
00111100100111110000011001001110
10111100111100011100101110110011
10111101001011100010011111110101
00111011000110111100110000100111
10111100101111000010101010011111
00111101100100001010110000001000
10111101100000010101110011110011
00111100111000111110000101110011
00111101011101101101111010011001
10111100101100111101001010101000
00111100011110100101010010000001
00111101010010101110010011011100
10111100000101111011000001100101
00111010110101100000100110111010
10111100101001110010110011111111
00111100100111101101000001111001
10111011101110100001001101001110
00111011001111010101111010011110
00111001000111111001011101000010
10111100011101010100111010110000
00111100101000100001101000000100
10111101000011100101100111110000
10111110000111010101100001101101
10111101100110011000000111001000
10111011100001110001111100101100
10111100110101001011010100110001
10111011110000000001001011000100
10111101101000100100101101010110
10111100000100100101001100000001
00111100001000010011100110110100
10111101110010000101000100110101
10111100111010101100111001111110
00111101100101100111011101011010
10111100010110011001000100000000
10111101000010101010010100110100
00111100011100010111000110100110
10111101000001010011100010100101
10111101000000010100110001101011
10111101001100010110111001010111
00111100110100100110001000100100
10111101110101011001111110001000
00111101100001011111010010111110
00111101100101000100111011101010
00111101111111000101100110110010
10111100101011100011011101001101
00111100100011101110110010001011
00111101011010010011000111000000
00111100100110001111011101101010
00111011101100101010000010111101
10111100010010000110111010011010
10111100110111110000000111001100
10111010100101100100100110100000
00111011100110100110100111110010
00111101001101010101001100100111
00111101010101001001010011011110
00111100100101011101011011111000
10111011101110011110010110100100
00111100100110111100010011011100
10111100111000011000001101110101
10111100000010010010001110101001
00111101001101001100110101000001
00111011110111010010100011010000
10111101010000010110010001000100
00111101000111111000001010001001
00111010101000011000111001011101
00111100101010010011011100000111
00111101011110111000101101010101
10111101001000010001011101100011
00111101100000001100010010101110
00111101010101010111111011000111
10111101011000110101100001100101
00111100101000010101110110110110
00111100011110011110011010010101
10111100101111110010100001100111
00111101010010110000100000010110
00111100101011001111110100101110
10111011010011110101110111100101
00111101011000000110011101000011
10111100101100101001100001001001
00111011010111101000101000101111
00111100101100010100110011100111
00111101011100011000011010011001
00111101000111111111100011110010
10111101001000010100011001111001
10111011101100000001010001010000
10111100010101100010000010001101
10111100101101101100000111011100
00111100100101011101111110001100
10111101011010101100001111110001
00111100110001110011101101010110
00111100011110011010010010000001
10111101011110001001101100111111
10111100110001010010100111110111
00111010111100111100101000101001
10111100011011100011111110111100
00111101010010001010010010101011
10111100000000000011000011010010
10111100111100110101101100100101
10111101010010110101111101001110
10111101000100001011000101010110
00111101000111110101100010001011
10111100100000101110010100111111
00111100101100101000010110010000
00111101010001011111111011110100
00111101000011110101100000110001
10111100010011000100000111011110
00111100110111001010100011100000
10111100101000100101100011001001
10111101101010000001011001001010
10111101000110101011000001010011
00111011110001010101111110000100
10111100010011011011001111101001
10111100001101101010110001101001
00111100110001011011111000000110
10111010010011101110011100001010
00111101000010011011001000000010
10111100101001110001001100101001
00111010111111111100011001110010
10111101001011000001010001100101
00111100110110011010000110100000
00111101010100000011110011000001
10111100011100100110011010101010
10111100110110110101000001100111
00111101000100101000111110011011
00111100011100110101110011111101
10111100000101110100000000111110
00111101000011010000110100101011
10111100101001101010000110010101
00111011111110111100100000100000
10111101100010100011010000010011
00111011010001100011110000010011
10111100111000101101001001101010
00111010111001011101101110111101
10111100100101010011110010100010
00111101101000001000111101010100
10111101000010110101101001000100
00111100101000010010001100101100
00111101010111011001101100000101
00111101010011010110001100111100
00111100000010111100110100010010
00111100111101001100100110101000
00111101001001111011101010101010
00111100110110010011101101111011
00111100110100100111000110000100
10111101101001011000010101010110
00111100101010011110100100101111
10111101001110101010110011111000
10111101011000111011001100111001
10111100111001100011001111010111
00111100001000001001100111101010
00111100111101011100001011010111
10111101101011101101101000011100
10111100111010111111111000110000
00111011010111101011011010101011
10111101001010100010100000011101
10111101001101100110001111010101
10111100101000101001010101100100
10111100100101110000111011111101
10111100100000011100100010000000
00111101000100110011010111010101
00111010110110110111001110010001
10111100000010100111011001110010
10111101010001010001101100010110
00111011001100101000001101101110
00111101010011111001000101000000
00111010111101000010000001000000
10111101101110101011101011110110
10111101010101011000001101010000
00111101000110000000110000000011
10111101111100110000001010111010
10111101001010000001010000100011
10111100110110000001110111101111
10111101001100011000001111111111
10111101001010101110101101010011
10111100111001100101000010111001
00111010110011010001101100011100
10111100111000110000001000000011
10111100101001101011011011010001
00111011110111111011101010010111
10111100110100011100010100001101
10111011001100101010111001111110
10111101011010111101010010001100
10111100000111100001010100110110
00111100100011001000101101111001
10111101001110101001110101100010
10111101100101100110010110110110
00111100011101110111000100001000
00111101001010000100110111011001
10111100101011101111100111111001
10111100101101100000010110011011
10111101001010000001000001011111
00111100111001110011000011111110
00111100010010101111110010011100
00111101010100100111100011100000
10111101000100000001101111100001
00111101001010101000110000010010
00111101001000110010110110010101
00111101001001001001110000001110
00111100011111111011000110110010
10111011110101000110010010111101
10111100110111010001001000110110
00111101010001111001111000110101
10111101000011101001110000110111
00111101111010000101010101011100
10111101000010010111010111011110
00111100110110110001001111101100
10111100010110111011110101000011
00111100110110001010011111101001
00111100000111100010111010010000
10111101000111101010010110100000
10111101000010011101001101111111
10111100001110011101101001001000
10111101101100100110111100110111
00111101000110111101011000111010
00111100110110100110010100001111
00111011110000011101011101000110
00111100000100100110100101000001
10111100110111100011001001101110
00111100100100111001100000110111
10111100100110101010111000011000
10111100000000000110111100001111
00111100000000101000100010110011
10111100100101100001011100101011
00111101010101110111000001011001
00111101011110001111010000100111
10111101100010001011010101001111
10111110000001101011100000011111
10111100101010011011101111101100
00111101110001000010101001110001
10111100000111000111011110011100
00111100100101111011010111001011
00111100111001110000100011100011
10111101010011100101100110111110
00111100100001001110011110100001
10111100010101000011101100101110
10111100101101100110100111110100
00111101010101101110000110000001
00111100100111100011011110101000
00111101010101010011110110111101
10111100001101100001101001110110
00111101001101011110111100110001
00111011011010001111110001111000
10111101001010111110101001101111
10111011100101011111111111101101
10111101000111000000100101111000
10111101010001001110011101010010
10111101100110110101101000101001
10111100111101101111001011111010
00111100111001101000001111101010
10111011101011101110001011110011
10111101001100111111010001111001
00111010100001010001011011111001
10111100111100110101010010110110
10111101010100011100110000101011
10111100100101101001001100000101
00111100100000000101110001101101
10111100011010111001110100101001
10111101100101011001001001001101
10111101000110001000110010110011
10111100100011110010000111000101
00111100011101100001100110100000
10111100000011011101100101100111
10111011100111011100111100110110
00111101110001000011111000011110
10111100101111100000001011001010
10111101101001010000111101100011
10111101101001000100011000111101
00111101100111010111011010011000
10111100001000110011011000111010
10111100001110101010111111111001
10111100110111101111100100010111
10111101010000100010101011110000
10111100010010110000010011101001
00111101011001010101010110011010
10111011110010110001100111110101
10111101001010101100001000101001
00111100111011001001111110100000
00111100111110010010100010011011
10111101000010110111110101001000
10111100101010110011101100111011
10111101001100110111100101111110
10111011011000010110100001011111
10111101100011011110001100011101
10111100101110011110000010011111
10111100110010010101101010011111
00111100011010001001100011101100
00111101001001110111010101100101
00111101000110110101000100111000
00111101001010001101001111101010
10111011000001001000100001111000
00111100101111100100010011000110
00111100101100010000111010001111
10111010010000111010010011011100
00111101001111110000101100110110
10111101100100010101010010101111
10111101011110001101100001010010
10111100111001100011111110111001
00111101010110000110010000110001
10111100111001010111101110011110
10111101001001100011000011011010
10111100100011101111101100010000
00111100110101011110110010010111
10111011111101001011111010011000
10111101001000010011001100110110
10111100100000111011111110110001
10111101000000110111011010000110
00111100000011100110001110001000
10111011111010010010011100001011
10111101010101011101000101110000
00111100100001011111110000000100
10111100110111111010110111100111
10111100100000110101110101010100
10111100000110100010000110100101
10111101010100011101101000100000
10111101101110010010001110100001
10111100001111011110011110010010
10111100110110100000010101101110
10111101100010011110000011011101
00111101010101010011110011100101
00111101000101010011000000100100
00111100101101001000110010101110
00111101000111001101001001011100
00111101001101010011110101011000
10111011100011101111110111110110
00111100110010101011110011101000
00111101000001000110100000010111
10111101001101000010110000100011
10111011110011011110101111010010
00111100010100010000011000111100
10111101000000011100110101100111
10111011100010111010100001100010
00111011000011011101001110101110
10111101001000110100100000111110
00111101010000010101001011101010
10111011100110110000000000110011
00111011000000101110110000101101
10111101100011001110000101001001
10111101110100111011011000010101
00111110000000010000110010101000
10111101110100111110101011111111
10111110000001001010011011101100
00111101001001000111101100011011
10111101100010000101101000110110
10111101011101110100000110010010
10111011011101001110000001101000
10111011110110111000101101010000
10111101110011001000110000000010
10111101000010010100011000010000
00111100111100011011111100110111
10111101111111110000110000111111
00111100100110010001010100100110
10111101000000101110010010101100
10111100010010110010010110111001
00111101011000010101110111010000
10111101010010110001101000110111
10111101111101101100000001011010
10111101001000001101111101000001
00111011110001011000001100100010
00111101000101010010110010111011
10111101010001101011111101101100
00111100001011101001011101010110
10111101001011000110001001000101
10111101000111010111000000010011
10111101010001011111001110001110
10111100100111000101100100101100
10111101011100011101110100010101
10111101001000000000001101000101
00111101000111110110000011001111
00111100111101001110010001001001
10111101010010000100100011110000
10111101010001010111011010101101
00111100100010010111101100111000
00111101000101000111100011011110
10111101011001111000000101011100
10111100101111110101000010101100
00111100110010000100101101010100
10111011101101111111000101101110
10111101011100001010101011101110
10111100000110011010011111011111
00111100010000100000100101011001
10111100010001001100011111111111
00111011001101000001110000001000
10111101011100100001111110101001
00111100010000111010011000111001
10111100110101000000111010011110
10111100011000101101010111010100
10111101010101001111110101100001
00111100110010010110100110000100
00111101000111001100101000011100
10111101010011100100100000001000
10111101001011111011001000001001
00111011111101001010001011001100
10111100011101100111010101001000
10111100011001001000101110000011
10110111100100011101010000110000
00111101010111001100010000001100
00111101010100110000110000111100
10111100111111100101110100010001
10111011110001100000010000001110
10111100110011111011001101100000
00111100101100110000111000001011
10111100011010001101011001000001
10111100010000010010111010000110
10111100011111000010001111000011
10111101001011100000110101111001
00111100001100111111111111001011
00111100100111111101000010000001
00111010110101110011111000110111
10111101001110110101101100000100
00111100100100011001011001100110
00111100111001100001010101110110
10111100110110010011110111100000
00111100110011100111001110100111
00111101100111111000100100100100
00111101011001101011111011111010
10111100100000111011010101001110
10111011110000111110110100001101
00111101110101011100001111011111
00111011101100011010110001000111
00111101010011001011001111101001
00111101000110110011010000101110
10111100101011011011010100100111
10111100101111111010001101110100
10111011111101110010101111010000
00111100000000010111100110000111
00111101100110100110010010001000
10111100100100110101111101010100
10111101001011101011011011101101
00111101011100010010010100111010
00111101110001100100101100101100
00111100001101000011100110010100
10111101100101000000010101011001
00111101011011110110111000100110
00111100101011101011000001110100
10111101100110101011111001000010
00111101001001110100011101010011
10111100110111000100100101100010
00111100100100101110110111011100
00111100111101001001110110110111
00111100000100101100010111001010
10111100110111100101111001110001
10111101001100001011101110001000
10111100111110001011111000000000
10111100000001011001010000001001
00111101000101011100001001001000
10111101010001010101011100000111
10111101000000000111000011110101
00111100111010001100111001000010
10111101101000010001010011111111
00111100101001111000010010001110
10111100010101001110101100010001
00111101001101011110000111101110
00111100111100111010110111010111
10111101001010011111011111101011
00111100010001010010101101010101
10111100010111111110001100010010
10111101001100000100101001000101
00111101000000000111111000101011
00111101100000000101101010100011
10111100100011000100010011011000
10111100101010110101111011010000
00111101001011100000100010111111
10111100010111101100000011000101
00111100111110110011000011011000
00111101010010101000011101101100
00111100011100011010011110110111
00111101000001110011011001100011
00111010111100110011000011110100
10111011010101101001110110001001
00111100110110011101010001010001
10111011011011001101001011110101
10111011001110101010010000100101
10111100101010001001000100110010
00111100100111101101100110011000
00111100111100101111011110101000
00111100011111011000101111001100
00111101011100011100001110011000
10111100101110000111001001111010
00111100011001000000011000010101
10111010100011000001001000001001
00111100101011100110010110101010
00111101010001001110110010101011
00111101000001101011010010100010
10111100100011010110000110000110
00111100001000110111101001011111
00111100000100100100000011111101
10111101101010001100011100110010
10111101100011110101000110100110
10111101000110111100110010000101
00111101000110100010011101011100
10111100111000110000010100111100
10111101010001000010010110011100
00111100000100011100001001001110
10111101100010100010001111001101
10111100000001001110011101100000
10111101000000001000111000011100
00111101000110000100101110101101
10111100001000111110010101011100
00111101000100110001011110110010
10111010001001010010000001010010
10111010111001001011011001100000
10111100000000000110000110011100
00111100111100010110111101010000
00111101000010110000000100010110
10111100111101111111010011001000
10111101000110111000100001001111
10111100100001111100110100111000
10111100110110101110101110001001
10111011010011000001100011001111
00111100101101100011101000010111
00111010100110010111100111000110
00111100011010011101011111001010
00111101001110010000100010111010
00111101100011101000011011000011
10111101001101110110011001111111
00111100110011000101100001100110
00111011100111111001110110001110
10111101001101011011111011111011
10111101101010010000001010010001
00111100100011000011011000011101
10111101001100110101101010010001
10111100101000011100100111000000
10111100001000001010010110100011
10111011111011111110011010100000
10111100111000101001000111010001
10111100111110110100101110111100
10111101000001110111110000010100
00111101010000100111101111010100
00111100110110001010001011011001
00111101001011111011001011000011
10111101101000110101110101111100
00111101101000011101001010101110
10111101100000110001101111111010
10111101100100111010111110000011
10111100011100100110110011010000
00111101010000110100111111000010
10111100011111110010111001101110
00111101001110010000100100111010
00111011111010011111001110110011
10111101001001110101111010101010
00111100100010100100110110001111
10111101001010001100100000110000
00111100110111110101101000111001
10111100100100010011111110000001
00111100001111000101011011101001
10111101101011000101110110001010
10111100000000111001011001010110
00111101100111000111110111001111
00111011111111100011100010100011
00111101001111011100011001000001
10111100010011010100101010100111
00111100010111111010000000101011
10111100100111110110110001000101
10111101010010010000111011010011
00111100100111101101011010011111
10111011001100110101111110111000
10111101011000111100111011010111
10111100110010000000001111001000
10111101010011111100100101111000
00111101000000010010100100001100
10111101100101010111111101101110
10111011111001110001011011001111
00111100111000010101000101000100
10111101010000101110010001001011
10111100111011000001001001111111
00111100010111011000010101011110
00111100100100010100100111100011
00111010101111111110111100000011
00111100011010111100010101010000
00111101001000111111010100001000
10111101000110100011011100010011
10111101000000110100101110001111
00111101010110011111001111010010
10111100011010110110011111010000
00111101001110010101100101110011
10111101001101111110100001010110
00111101000001010111101000101101
10111101011100110110111100001100
00111100110101101110011111010101
00111100101011101001000100110101
10111101010101101111011101100110
10111101011101011010111111000101
00111011001010110111001101010111
00111101100011011010110011101001
10111100000000101011101011001011
00111100111110100011100010111111
00111101010000001001111011110101
00111101010110000011101110010010
00111100010001000101100101111111
00111101100011110111111100010101
00111100101000001011010010011100
00111100101110110001100110100110
10111101101011111010110011100101
10111100100000010110110010011111
10111101000100000111101000000000
10111101011100010000000100011001
00111001101110011010101010100110
10111100111111000010110010101100
10111100111010111111000100011000
00111100001111101100100100100100
00111101010000101011100001110110
10111100110001111000110010010110
00111101001000111010101001100010
10111101010001110010010100011001
10111100101110010001001111110001
10111011101000110010011101010000
10111101101110100100000000111000
10111100110010001010111110000101
00111101000111100110001100000100
00111100101000111100010001011111
10111101010010010000011100111100
10111101000000001001111101000111
00111100101110111101111111111100
10111011000000001011010110010010
10111100111100011010001111011101
10111100101000111111101010001110
10111101001011011101011110000101
10111101011111101110111110100101
10111100010011110001101010100001
00111101101111010001101110001011
10111101100000011111110001000101
00111100101111110110011110110010
00111101001101001010001000001100
10111101001100110011011100010100
00111100100011000110011111111100
10111101010100010001100101011100
00111100001000111001000110110000
00111010100010101100100111001110
10111101010010101010111100101010
10111100101110011101100001111110
10111101000011101100111111111100
10111101100011010110110100001101
10111100110000010011111000001000
10111100110000111010111100111100
10111101011010101001010110001011
10111101011011001001010110100011
00111101001010000001111100110100
00111101100000110011100111010111
10111011110101001101000111101001
10111011101100111101110010111111
00111001101000010000101001110000
10111011001011001110111010011011
00111100110110110100001111111000
10111101010101011111111010011101
00111011111001000110001101110011
10111100101010000111100000100110
00111101000011101000101010000010
00111101011110000010000001010010
10111101001010110110010011111000
10111011100001110000111101010101
10111100001110111001111001001100
00111101011000100001111001111010
10111101000001010001010000001100
00111100111010111001101011010101
00111101010110000011111010110100
00111100111011011101010001101001
10111100001001000101110001000110
00111100110001111110111010110011
00111100010111101111111001110110
00111101001010111001100010100010
00111100100011101101100011110000
10111100111000000100100100011101
00111100110100000100111000111100
10111100100101010100010001100000
00111100100101100001001111101111
00111101101101101101101111011001
00111100011110110011010010010001
10111101100111101001111011110111
00111011001010100101001111100111
00111100000100010110011101000000
10111100110000000101111101100001
10111011101100001111011101101101
00111101011011011000110011100001
00111100110100000010111111101101
00111100101001001100111111100001
10111101100101101000010111101010
10111100100111111001001110000000
10111100000000010110101101000000
10111100110001010001011010011011
00111101001100111010101000100010
00111101001001000101000101000100
00111011100111011110101000101000
10111100111111101010110001100011
10111101011010111000001110011011
10111100111001000110010100000010
10111100110100011100101101011010
00111011111101011101001000101011
10111100001100100001111001001000
00111100110001110001010010011100
10111011100110010111101101010010
10111100000101011101001011000101
10111100110011011101110100011110
10111101000010110011100111111001
10111101101011010000000000101001
00111101000111110011001110000001
10111001101111000000011101101101
00111100100100101110011100100110
00111101010010011110001001010010
00111100101111101111011011010110
00111100111000010110010101010111
10111100100000110011011010001111
00111101010011100101101000010010
10111100100100001010100110011110
10111100101110101011101100100101
00111100100101111001011111001011
00111011100100111000011100100011
10111101000001000011100010110101
00111100101110111011010100011101
00111100101101000111001010001100
10111010001000010101000000011100
10111101100000001001111010111011
00111100100001001101000110010111
00111100101100000101101010011101
00111100000010111111011101110100
10111100010111001000010110010101
00111011000110001101010111100011
10111100000010111000100011101111
00111100100011010100011001001101
00111100011011111101110100000101
10111101011001100101010010000011
10111100011100010011101100001111
10111100101111110100110001110110
00111011000101010011010001101101
00111101000101100101111110010100
10111100110110100101010001111100
00111100100111100100100010101110
10111101001001010011110100101111
10111100000100100011100000001010
10111100100110010000011000110101
10111010010111000110010101000101
10111101010101101111101011010001
10111101001011111000011100000010
10111101000101111000001010010111
10111100001001000101110110110110
00111100111100000101101011110101
00111100100101100011110011110110
10111101000110000101111000001111
00111100110000011101111000011010
00111101001000011101110010011100
10111011111001100001110010000101
10111101011100111000011101010110
10111100001000100110100110100001
10111011111110110010011101000010
10111011100010100010001011010111
10111101000110010111111000001111
10111011011111010101010111000010
10111101000011100101011000010101
10111101101001011100001011100001
10111101010010010001110110011011
10111100111110100100101111110011
10111101000111100011111111101100
10111101111000000101110111001100
10111101011000000011110001101001
00111101100110100010101101110001
10111011100101010100010100110011
00111100101110100111111101101110
00111101000101011110010010100001
10111101011111100100101100010000
10111100110110011100110111010111
10111100010010110000101001001101
10111001001011010000001100010001
10111101010100000010100100101011
10111101000101011010111010001010
10111100011111100110100101100001
10111100101101001111010111011101
10111100111011100001000000100000
10111101100101100010011111001101
10111101001010111000011011011101
00111100111011110001100000010110
10111101101110110111000110001100
10111100011010110101100000001001
10111101100100011101110110010010
00111101011100000000010000010010
10111101000011111001000100110111
10111101000000100000010000101101
10111101001000100100110011100000
10111101010001010010010100111111
10111011110000011100010001011011
00111101001101010111111001001010
00111010001110100100000100011110
10111100110001110110111000001010
00111100110100110010010100111001
10111101100010000001011111010111
00111100100111110110000001101001
10111100110111011000011000111110
00111101010101100111011101111001
10111101100011001100110001011001
00111100101110101101001111110110
10111100000010111001111100101010
00111100101000000101000000001011
00111101000101101100111100100101
00111100000011010000101011111001
10111101100000011000011111100111
10111101000100001101000010010111
10111011011010100111010011101100
00111101001001111111010001010010
10111100100001010100101001100111
10111100101110000111100101111010
10111100101111100010010100100000
00111100101110001110001110001010
00111100000101011110001110101101
10111100101111111001111001001001
10111101000100100011010100100010
00111100110011111110010101000011
00111101000000001010100101110001
00111100111111100000011111110010
00111101011010110000000001000111
00111100010011101110011101011000
10111101001011111011011011100011
00111100110110111110011101111010
10111011001100001000100000010100
00111001101111000000001011001011
10111100000011000001111001000000
10111011001010110010010110001110
00111100111100101100011010111011
10111100101110011111011000010100
00111011001000101110101111000010
10111100111110110101110010110011
10111101010100011111101111001000
00111100100010010110011110010101
10111100111111100011111001000111
00111101011101101110100101101001
00111011110000110101101110110000
10111100101010001111010101101110
10111100001100011100110110100100
00111101011000011100000001101011
00111100110101101001101001001110
10111101010100111100100111000100
10111100111000011111100011111011
00111100100110100001110011100000
00111100101100000111111100101101
00111101100010001010010000111000
00111100100100100110010100010101
10111101001100011011101100000100
00111010111010000100000100001011
10111011110000110000101000100001
00111101000100011110001100101001
10111100110110111110000111111110
00111101000010100000110110010101
10111100101111111011000011101010
00111100000110010111101100010001
10111100101000100101110000011101
10111101000111010101001011010010
10111100000010011000100000100110
10111100111110011000100100001100
10111011101110001110101001001011
10111010011110101110011100101111
00111011101110011100100101010010
00111100111101111010101111101111
10111100100000101001110000110011
10111101010101101010000111110101
00111101010101110100100111000011
10111100000100001000101001011000
10111101100010111000001110000010
10111100000100101001000111101100
00111101000001011000010101110000
10111100011110010001101110110110
10111100111000101001100010011110
00111100001000011110011011010101
10111100110101011110000101000101
10111100101000010110111010001101
00111100001001011111111111010100
10111100001011111111110110001100
10111101000100000101000101000100
10111100100001000101101101000010
00111100000101000011101110111001
10111101001010001010110001100101
10111101010011001001011011101101
00111100001001001100001010011011
10111101011010101110011110100011
00111101000101001010001101110010
00111101010110100101110010010000
00111101010111011110010101110001
10111101001000000010100111101111
00111101000000010011001001011001
10111011100001000101011101111110
00111100101111111000001100101001
00111011100110111111001001110101
10111101010010100010000010001100
10111100000001011010101101100110
10111100101000000110110101100010
10111100000100110101001100011100
00111100000111001010000010101111
10111101000111110000001100010100
00111011110101000111010111111111
00111101001000001111101000011111
10111101000011001101110111000011
10111100111100010100001110110111
00111101100010001001111011001101
10111101010001111101000101100110
00111101001011010100111100101101
00111100111011110000101010011110
10111100110001100011110110000011
00111100100000000000101011001010
00111101000101100010110000101100
00111100010110100100110010101011
10111101000010101110101101100001
10111101010010110101001010100010
10111101001011110000100011010111
10111100011011011111101011101100
00111101010110010011111010001111
00111100110100001010010000010001
10111101010110011100110111110001
00111100110100100010111010010000
00111100110001111101010101000101
10111101100101100011001010101010
00111101001001101111111001011100
00111010010100011000111100000100
10111100011100101101010011110000
00111100110001100001011110110011
00111011110101111000111110100011
00111101001000001011011110110101
10111101101001010100100100011011
10111101000010000010000110100001
10111101110000001011001000101101
00111100100100110001111010011010
00111100111001101001111100001111
10111011101100101000011001000111
10111101001000011001101101101001
00111101000011000000011111010110
10111101001110100010001011111000
10111101001101010001101011001011
10111101000110001011110101110101
10111100110101000110100101011111
10111100001011000110110100001011
10111100011111010001100010111100
00111101000001100001001000111111
10111101001001010001111110010110
10111100001011111010100011001000
10111101010010111000110000000100
10111101010000010001101101111001
00111100001000011111011100111100
10111100111001111110000101000101
10111100011010110110111110101101
10111101100010101100100010001001
00111100110000100111101001101010
00111011100011110001100010100000
10111100110101000001011101001110
10111101010010000001110011010001
00111011100110111010001001111001
00111101011011010101001110100101
00111100111001001001101010110011
10111100001000000001111001110100
10111100101010111011001111001000
10111101000101111000011011001110
10111100110001111111110111010100
10111101010100001111001111011111
10111101101000000100111111111110
00111100100011000000011110101110
10111101000100001100111111011001
10111100110011011101101000100111
00111101000010010000010011001001
10111100110111001111001010000010
00111101101100100001111010110010
00111010110010111101100101111010
10111101010111000110010001100010
00111101010000001110010000110001
10111100000001001001110110011111
10111101000010001010110101001111
00111100111011010011010100010101
10111100011001001010010100101000
00111101001001010100000111011001
00111101011111011110000110011101
10111101000011110011001111011111
10111101001110101001101101000111
10111100011101001111111111001011
00111100101101000000111101111101
00111100000111101000111001100101
10111011001100101100011000111110
10111101011000101011101111001011
10111100110100101110100010100000
00111100100111010101011011001010
10111100010001010110010100101000
10111011110101011100000110101001
00111011001011111000101011111011
00111101101101010101001010110010
10111101000110010000101110000011
00111101001100110111011001101101
00111101100010111100111000000011
00111100111100001100110010000001
00111100010010010111001011100101
10111100010101110111110010111101
10111100011011101101101110011101
10111101000111101110001101111000
10111101100101110011001001100101
10111100100000110110001110101010
00111101011000000010000110010100
00111100001011100000010101110001
00111101100100110100100101110111
00111011001001010110100011100111
00111100010000101100110111010110
10111100110010100100111101100000
10111101011100101000101001110111
00111101011010101100001110010010
00111101101010001010010000011111
10111101101000011110101111111011
00111100111011000011101010010101
00111100110100101111110001001011
10111101000011110111100110011011
10111101000011100001001101010010
10111101000000001101101110110001
00111100001110000110001111100111
00111011101101111100011000011001
10111011110101101001010101011010
00111010111010010111111001111100
00111100111010011000110001000101
10111011111110111000100101110110
00111100110110101110010111000111
00111011000001001001110000011101
10111100101011111111001100001010
10111101000100111001100000101110
10111101001100010011011001110000
10111101010001011001111101000111
10111010001011101001111011000010
00111100001111111111101010000011
10111101011110110101110010011000
00111100100000010101001001000011
10111101001100011011011001000011
00111101010111111110001011110111
00111100000100111011101101010001
10111101001110110111011111110101
00111100110110011000000011110000
10111101000000000111101001111100
10111100111001010000101011100101
10111101000010101100000010101101
00111100100011111000011101010010
00111100111000110001100110101101
00111011101011010100110101001100
10111101100001110011011100101100
00111101001100001111011110001101
10111101000010100100011010110001
00111100111010110100111000011010
00111101010111010111111000100011
00111100001000011110100000010010
00111011011101010001100010101000
00111100100000001111111000100001
00111011000001001110000000100010
10111100101111111010101001011000
10111100110111101111100100010111
00111100110101010100010110101010
10111101101111101101111001011000
10111101110001111000001111111011
10111101100001010011100001111111
10111101001111011001011110101001
10111101000101001101001110011111
10111101001010110011101010000011
00111101010100010000011000111111
00111101000110011000010110001101
10111100011011100100110110100110
00111100100110110110110100000011
00111101101000110100110001000101
10111101111011111100111000110110
10111110000000111001001010001100
10111101000000111000011011001001
00111101010011110000100000011101
10111011110001101110110000101001
10111101001010100010011010011001
00111100111110100010101010000111
00111100001100010000100000110100
10111101010100101010101110100111
10111100001000101110001110111110
10111010110100111011010010111000
00111101010101010110100011010110
10111101010010111010001101111111
10111101000110010010000000111000
00111101010110101100010110001000
00111101001000010011101000111100
00111101101000000011011001011111
10111100111001111101111010001100
00111100100101101000001000110011
10111101001011001011101011000110
00111100100010101010110101111001
10111101011001001011000101000101
10111100101000101101111001010111
10111011110111110011101000001001
10111100101011011001101010011000
00111101010100110100011110110010
00111011011001011010001010010011
00111100110101100001010011011000
00111100101011000101001011110110
10111101010001111010110011011010
10111101000010001010011000110100
10111011101010111101010010110110
10111100111000011001110000100110
00111011010001010011010111010010
00111100100011101110111000101011
00111100011111100010000100100111
00111100110111001110010100011101
10111100011001011000100010011001
10111011111111111101111101111001
10111100011011111000101100001000
10111100111111010001000101001111
10111101000101010110000101011010
10111101010011100001101010010110
00111101001110001000010001000011
10111100011110011100101111111000
00111101000111010101011001110001
00111101011001000110100011000100
00111100101110101001011010010001
00111001100001001010101100010011
10111101000010001010000101100110
10111010011000111111010000001100
10111101111111100101001101010100
10111101101001100001100110110110
00111101000010111100011001110011
00111011100010110101111100111001
10111100101111000000010010101110
00111101010010111000010010010001
00111101001000111010000001001110
00111101000000000101000001001111
10111011111110000001110100110000
10111100101001100111101111010011
00111010111101101101001111101101
00111101010011110010010110010100
10111101001101111101100110000111
00111100100100111010001110111101
10111100101111101011110000001010
10111010011111111000011010110100
10111100010001110111111111101111
00111101000001110001001010100101
00111100111100111100001111001101
00111101000011111111110000110010
00111100101101100101000110111001
10111100111000011100111010110101
00111011000111011101011111001100
00111100011001010101100011101010
10111011111001010000111011101111
00111101000100001000101111110010
10111100100110010101011101111101
00111101001000101001001110101110
00111101010011011110100111010011
00111100101011111000010011011101
00111100100011001111100110110010
10111100111101011000100010100111
10111100110001111011100100101001
10111100101000110101101000010010
10111101100100001010011101101010
10111101001010101011011110010100
10111101000010110100110000100011
10111101101100001100001011101110
10111101010000011011000111101101
10111101000000101100101100101100
00111100110011010000011110111110
00111011110000001001010100110110
10111100100010010000101111001101
00111101100101111101010101001000
10111101100010011000111110010001
10111101011010101110111000100001
10111011100101101111001111110010
00111101000111110011100111001001
00111101000011001100010011011101
10111011101111011101110011001110
10111011110100101010101100011101
10111100000000000110110101010001
00111101000000101101100010011101
10111011000100000101100100110010
10111101001000101000010100101110
00111100010110000000010000100011
10111101000101110001011000110101
00111100100100000000000010101001
10111101001110011011001011000111
10111101010000011011010010110101
10111101000001001101001110101110
10111100011110000100101100111111
10111101100010011101111101101111
10111101100011001101100011010011
10111011111011111111111101110100
00111100111011010010111010001010
00111100101011010001001110011111
10111100000010000001001110101001
00111101001011101101101100100101
00111100100100010100011001001110
00111101001110001001011010001100
10111101001100101001000001010100
00111100101010011111010011010101
10111101010100110100101000111101
10111101011100011001000110000010
10111100111101110001111111101100
00111100011111110001111000010010
10111100110111101101100101100010
00111100010111001110101011000111
00111100101001011001001100111110
10111100011000111001001100011001
10111101100011000000110001000011
00111100110000111111001000010101
00111011111100101010011110111101
00111101000100011101011001010110
00111101001011100100110011111100
10111101111100101000101101001010
10111101101001100110111000010001
00111101010001100011001110101110
10111100100010010100111111110001
10111101101000101010110010101011
00111011001101011110111101100001
00111101001000011111010010000011
10111101000110011100011100011000
00111100001100111000011001001001
10111100001101011001100000011101
10111101100000110010101001101101
00111011110110011001110100011011
00111100100110000100010110101001
00111011110001111100011000110011
00111011111011110111001111001110
10111101001010000110000011101000
10111011111111000100001011000111
10111011111001100010111001111111
10111011100000000110111010100101
00111100111011011100111111010111
10111101000010001000100010001101
00111100000011111001101101010100
10111101100111111011001001011110
00111101001110100011101001000110
10111100101101100011101101001101
10111101111100010010110010111000
00111101010101011110100001101011
00111011101110111101010001011110
10111100011110110101011110100100
10111100111100101000110111001100
00111000010000101100010001110000
00111110000100001101101001010101
10111100111110110101111100011110
10111101000111111110111101100010
00111101100000111111111110110000
10111110000111010000101011100001
10111101000011101000000000100101
00111100011011000000100000010111
10111100101001010101110111000101
00111100010100010111010110101000
00111100101111110110110000010000
10111100111100001001011000000110
10111010111011101001001100001001
10111101100111111111010110101101
00111100101000000101010011001101
00111100100000101100111100000101
00111101000111111111000100001001
00111011111111010101110000100000
00111100101100110100101111001100
00111101100110111110101111100000
00111101011010101010111110111000
10111101000011100001001011100000
00111101100100001111001000011000
00111100100000101001110010110101
00111101001100010001001011100001
10111100011000100101100010101111
10111100111001100001000000101110
10111101000100011110111110010111
10111100100000011101001010000110
00111100110000010000010010100111
10111101100100111000110101010001
00111100000100100011001101000110
10111101000111111100010110010010
10111101001111000110000011000011
10111101100101011001100010100010
00111011010101101110011101011011
10111101000100001010000111111101
10111101111110101011100000000100
10111101010011001111000001110101
00111000111110001000001010111000
00111101011110100000111100101100
10111011100000100100111111010000
10111101001001011110010111100000
00111100100000111011000010100011
00111100011000100011001011100011
10111100100111100110110010001001
00111011110101011101000011000010
00111100000110010001101110001011
10111100101101000010010011110110
00111100110101101000001100110111
10111101101001100001011100101100
00111101100000111111000000111010
00111101000001110111011111000111
10111011100110110100101011000111
00111101001111001011111110111010
00111101001111101110110011110111
00111101110011010101000110100111
00111101101010011110100000100101
10111101010000010110101010111100
00111101010001101010100011000100
00111010011011001100100100111011
00111100001110001100100001010110
00111100101011001011110111010110
00111101010001101001001100110101
00111100101110100101011010111100
10111101010000011111010100011111
10111011101000110010110011110010
00111010110100000110101100001110
10111101000111000101110010010011
00111101011100111110111011101000
10111101001010110000001110011011
00111100001001000000101010011010
00111100011110011101000111001101
00111101110010110110010110001011
10111100111101111010001001011111
10111101010100011111001010010111
00111011101010011111110001100110
10111100110100110010011111101101
10111010111100001100001111100001
10111100100010011100111100101011
00111100011100101010000011100110
10111101100011011101111100010101
00111100000110001000000011001101
10111100110101110001001100010001
10111100001111001100011011110101
10111101010100100101010100111100
00111100111110001101011111001100
10111100000001010011111111100101
00111100010001111010001001111000
10111100001101111001011111001100
00111010100010001010100001001100
10111011001011111011011011111000
10111100111010100001001101111100
10111101000011010100111100101100
00111101100000001001010010101111
10111101001000010011100110001101
00111101100000100001000001110010
00111011000110110101101001111100
10111011100010010110110001100001
00111101001110010100001010111111
00111100101000100100001100010010
10111100110010110101101001100110
10111100011011000110100110111010
00111100101011101011000110000100
10111011110000011110011101010110
10111100001001000001001110001000
10111101010100111001000101001100
00111100101100110100001110101010
00111100101011010100010001101010
10111101000000010100100001100010
10111101010011111110000010010000
00111101011011010010110111110101
10111011111011000010011000010101
00111101100111110000100100001001
00111100000001001100101000100000
00111101010100011001000101010010
10111100001000100001000000011011
00111001011111100011010011110101
10111100011010011110011011011100
10111101000000110110100011001110
10111101011011011001101101101010
10111101101110010110101001101010
00111100110000001111111100011100
00111101011001000011000010010111
00111100100000111100110111110111
00111010001010000111011010100001
00111100111110110111000001010101
00111101000010111000100110110100
10111100100001110111100011101000
00111100110111110000011110110110
10111101100011111111010010011101
10111101000001011011011001011001
10111011101010110011110100110010
00111101001010011010101101110000
00111011011000111111010011100110
10111100100011101111001001110001
10111011100001000001000100110100
00111010110001000001010000010011
10111101000111011011111110011101
00111100011101101110001010111111
00111100110011111011010000000000
10111100011111101110000001011001
10111101010001101111100100001000
00111100110010100101011101000100
10111101101001101001101110110100
00111101000001101000000110110101
10111010001111110011100110110011
10111100001111010000011011000001
10111100101001010011100111010111
10111100000111000111110100110001
00111101000001111110111110000111
00111011101111100000001011101100
00111101010100111100001111011010
00111010111101101001101001010100
00111100010111101010111100010000
10111100010111110011001100110000
10111100110100011101100111100001
10111101010000111110001000110011
00111100110100010011111100000011
10111101101001100111010011110000
00111011100110001010000101001101
10111100111000001000000110010000
10111101010000001101100111101000
10111101111000001011110110100001
10111100111001101001001101111111
00111100010000101010000100110110
00111100110001001001011100110010
00111011110111101100010100101100
10111010011011101001001011001111
00111011011000101101010100101011
00111100001101011001001101010011
00111101000100111111111011110011
10111100110111111010010001110111
10111100111101000101001011111010
10111100100100000011010000011000
00111100110011010110100001100110
10111101111010011100100101110011
00111101100101010110001111011011
00111001110010011001001100010111
00111100001011001001000111101000
00111011110000000101111000101011
10111011100000001001010110010101
00111101000110100001010010111100
10111100000110110011101110110110
10111010011111010110100111111011
10111100100011010101100111011101
10111101110100111001011101001010
10111101010101010001000111100010
10111101011111001110110100011100
00111100011110000010111110000100
10111101001001010011001001000110
00111101011111000010001100111000
10111101011101101010110100011100
10111101000011011001011000100100
10111011001111101010011110100100
00111011110001010011101011101100
00111100101101100000110010001110
10111100001000110111001100111000
10111100111000101100010010100010
10111101010100111110110110001111
00111101100000010010000110111111
10111101100111100000011110011101
00111101001000110001010101000101
10111100101000111001010010001010
00111100101011111000001101100111
10111101100011111100011000011001
10111100010101001011010011110110
00111100100000100010101010001111
10111101001011101001101011110011
00111011110000110001101111011100
00111000100111001011000110011111
00111100001110100010000101110000
10111100111010100111011101100010
00111100001111010010000000001101
10111011100111001101100100000110
10111100011111111000011111110101
10111101100100100110001100001000
10111101010111110000001100011100
10111101101001001011010101010101
00111100111100111001011011110011
00111100100010101101110111000010
00111000011001111001101011011111
00111011011111010000011000111111
10111100100010111001110110010010
10111101000110101101000001110101
00111100001101010010010000101110
10111011110001111010110000000001
10111100111011000001011011110011
10111011101101010010111000010111
00111101001000011011101100100101
00111100101010101101111001111101
00111010001001101101111000110001
10111101011000000100100001101100
10111100011110000110101110100000
00111101001001101100001010101110
10111101011001110000110110101100
00111101000011011101110100111000
00111100110111011011000101101010
10111100001001111011110100011100
10111100110011101000111010000011
10111100110101101011010110001001
10111101100101010010110110110100
10111100111001000100010001000111
00111100100001000011110001001000
10111100111010010011011110110110
00111101001001110011111101110010
00111011100110000110101111000000
00111100001110000110101010100000
00111011111001101011000110101001
00111100010100111010111100001101
10111100111000101011000111101010
00111100101011110000100010011000
00111100111001011110011100111101
10111101101010001010001101011000
10111101100011101101011000111000
10111100110110100111011101011001
10111100101101110001001111110011
10111100100111110100101011000010
10111100010111000010001001100101
10111101100110011110001100011100
10111100010110111011011000011100
10111100110010111111010101110110
10111101101111111011101100100000
10111100100001010010100010101110
00111101000100111011101100100011
00111101100011100110110110101011
00111100011011100100000001010101
00111101010100001010110010110000
10111100000100100101001110100011
00111100011110000110001011011001
00111101101001101000010011011100
00111100001100001110010111100011
00111100111011110111100001000000
00111101010011010100101000110101
00111101000000100010010110001010
00111100001000101101011001100000
00111100111011010010110110110001
00111100101000111001001010001100
00111001110011000000000010101110
00111101100000010101000011111010
00111010110100011000011101000111
00111100111110011111101110110011
10111011100101010001101001110001
10111101100110011101101011101011
10111100110000000111100011111000
10111100100111111000011010010100
10111101100010100010000111100101
10111101001101110000100000000111
10111101011001000101110101100011
00111101011110011001000001010100
00111101010101111111000001011011
00111100010110010001000111010010
00111101010101000001110110010101
10111011110100010010101000110101
10111100000100000111011001100101
00111101011011000110110010000010
00111100010011110111011100101001
10111011100111101010111011100101
00111101011000111101110110101001
10111101000011010101101011011100
10111100100001111111001011110100
00111101000110011001011000110110
10111101000011010100110001110010
00111101000011100111000111011010
00111100100001001001110001001100
10111101001000010011000010011111
00111101001110001100000011001100
00111100110011001111111010000000
10111101101101000011100000001100
00111101001000011000101011011111
00111100100111110111101011010111
10111101011111101101100010101001
00111101010101001110001011011111
00111011110110101111110110001000
00111101011000110011110111000011
00111101000100011110110010110000
00111100111100001000111010100101
10111100001110101111101011110110
10111100010000101000110000001011
10111100110010111101110011010111
00111011011101000010111111110110
10111101110000001011000101010000
00111100110100000001110110101010
10111100101101100011111100111011
00111100001010010011000000001011
10111100010010001110010101111000
00111101101001011011010011101111
10111011101110100011111100111101
10111101000000010001110111101010
10111101000111110001011001000000
00111100101001000100111000011110
10111100010111110100000101011000
10111100011110000110110101010111
00111101100001101100010010110111
00111101101101010010111000011101
10111101000101011001010111000101
00111100111101000110011010110000
10111101000011100101011100011101
10111101100001010100110111000010
10111101000100111000101110111101
00111100100011110101010011110110
10111011100010010001001101011011
00111100100011011100010110101000
10111010111000011011001101011101
00111100011101001001010110000000
10111101010110000001011011111000
10111101001000001011010000010011
10111101000010110110110111100001
00111100110101101110111010001111
00111100011000111000000011100101
00111100000011110110110001011101
10111100100000001011010110011001
10111011001111110100100011100111
00111101010000110110110101100001
10111101000010110001000010101111
00111100000011010101000000001110
00111100111101001110010100111101
10111101001111010100100000111101
10111100000111111101111111000101
00111101001100000111110000100111
00111101000001001010011111101101
00111101000010001001011111010111
00111101000011101001110001010000
10111100110000010100000010011110
10111100101011100111110100100001
00111101011100000110011010011101
10111101010011101100011011111110
10111101100001101101011101001010
00111011000010100100101101100000
00111101011011111111110001001100
10111101001110011110100101101100
10111101001111010010000000011001
00111100000001000110111110111101
10111101010010111110010110000100
00111101000011011111100000010010
00111100011011100001011110010010
10111010011101001101110110110100
00111101010010011111110101101101
00111100001100111110000100011100
10111100100111001010010010110011
00111011110010010011101010101000
10111101001111001111100111010100
00111101111000000101111010101011
10111101011000011010011110111101
10111100111010010110100011100111
10111100100111000001110110100111
10111101001100001011101000101110
00111011100110011001111001110101
00111100110111011101010001110101
10111010110100110001111001110011
10111101100001011000011001110011
10111100111011001100101011000110
10111101000001100110011000001110
10111100100111000111100000110000
00111101000000000001100101011010
10111101001001011000001111101010
10111101001011100000010011101101
10111101000000011000101011010101
00111011000011111111101011010100
10111101011101110101001000100001
10111100101011010101000110001110
00111101001111100010111110101100
10111101100000000100010000010100
10111100111100110001010101101010
10111100011110111111000101111101
10111101000000010000011001101001
10111101100011101000101010011111
00111100100010001010010101100010
10111100000101110100000000010001
00111101000111001100011111101010
00111100000111011000111111000111
10111101001100110100000011011010
00111011101110000111110000110001
00111101010100100001010010011111
10111100011100111010101010100011
10111100110011000101010101111010
00111101001011000111110010011100
10111100100010011010010111110001
00111001110110000110111010100000
