00111100000001100010010111111111
10111101011001011100110001010000
00111100000111001000001100111110
00111011001101111010011101110101
00111101011000010000010011100011
10111100010100100000001110101011
10111101100100001111111010010101
00111100011010111101010100001100
00111100100011100001111101100101
10111100000011000001000101010010
10111101111010000010110010111111
00111100011101100110011101001000
00111101000010010010000000011110
00111011001101000101110001101111
00111101001010101111001000101110
10111101001110001001100010111111
10111011100100110010010000110111
10111101010011011110000010101111
00111101000011010000001100010000
10111101001110101111100001101101
10111101100100001111010001101000
10111100000000001000100110111011
00111101011100000000101100001011
10111101000110100110110011100101
10111100101010001101011011010010
10111010111000011001111010011100
10111101010000111101101101010101
00111010110110111011000100001011
10111101001110100011100000010011
10111100101111011001000010001111
10111101000100011100010010010111
00111010101100001111101010110101
00111101000100011111000001100010
10111011111110110000100010001011
10111011111110100001010101100100
10111101001111101101101011110110
00111100111011100110110100110100
10111101000011001111111010101001
00111100110000110001110101110110
00111011110010011111100111011110
00111100001100110100010011101110
10111100010001011101111111000000
00111100010001100001010000100101
10111100110111111101001001100010
00111100100101100001011101000010
00111100100000011100110110110000
00111100110110111110000011101100
00111100110010101000111100101101
10111101001110011110100101011110
00111100011110011001001110001100
00111100011100000000111111100001
10111100111101001111011010111110
00111100111111011001111101110011
00111100110100011100111010111101
10111101001110000000100110000011
10111100111010101111100011111011
00111011011110101110110110101111
00111100100001001110000110110100
10111101001011010101100010111010
00111010111110100101100011011000
10111011001000100110000000111011
10111101000110011100111000110101
10111101011001001001011011100010
00111011000101111000000111111110
00111101011010001000001000000000
00111101101110110001001010100000
00111100110110011011111001001111
10111101001110101000011100011111
00111101100001010000011100011111
10111011001100101010101100001001
10111100101110111100100011001100
00111101000100000110001001011001
10111100100101000010000111011000
10111101010110100011000010111011
10111101010010011000100000000100
10111101011110110101100011011011
10111101011101100100010010110110
00111101000001001101111000110110
10111101110010001111111110110111
10111100100010110100101110110101
00111011010110010101110111111111
00111011101110111111000010000011
00111101000011100111111010010001
00111101010011011010100000110010
10111011000000111001100111100101
10111101001011110001110100010110
10111100010011100001001000011100
10111011100100001011010110000000
10111101001100001011110011100001
10111100111100011101000110010011
10111100001010101100110111000001
00111001110010000101010001101101
10111100110010000001111001001000
10111101011011101100110111110101
00111011011110011100100101011110
00111101010101100011011010010010
00111100011100000110010101101101
00111100100000010000001010100100
00111101010101001110111110010011
10111101000100111001000101111000
00111001001010011100001100110001
10111101010011101101001110110000
00111100110111110011011001001000
10111100100101101000010101010000
10111101000110000000010111111011
00111101000100101111110011111110
10111100100010000011110111111010
10111100010001100101111111101110
00111100111000011000100010100001
10111011101010011001100011000001
00111010111010011111110101000000
00111100111011100011110101000011
10111100101110101000111011000000
00111100100001000001001000111001
10111100111001001010101110110001
00111100111110001111000000011000
00111010110011101111001000000100
00111101010000110100011101101001
00111101100100011100110010111111
00111011110111111101010001000000
00111100100010001101100111000111
00111011110101000001000000110110
10111101001010100011110100101001
10111101000000010111000101001110
10111100111111001110000111011111
10111101100010011011101110101001
10111101010100000011110011000111
00111100010000011110100000001001
10111011110100010011010110000101
10111100011111001011101110100100
10111100011000010100100101100010
10111100101001010001000100010110
00111101011101001100000101100101
00111011100011101100100100110110
00111101001101110010011011001111
00111001101111010101111111111010
00111100111010111001110100111001
10111100100110101010111011000111
10111100100111001110100001000111
10111101001110100111101110011011
10111011110001010000111100011001
10111001100100010101000001101100
10111100110111001100101100100101
00111101001010100111101001110101
10111101001001100100111011000111
10111101001001010000101100010010
10111100000101100101101011110000
10111011110001101010110010001010
10111100111011000000111001010001
10111011111011100111000011001000
10111100110000101111000111110111
10111101000000101110010000111110
10111101100100011000010100100111
00111100111110101111000111011000
10111101010101000010100001110000
00111100100000011010000000111101
00111011110011001011000100110101
00111101011011011000011001000110
10111101001011000001110100100111
00111011111000100011111100011100
10111100100110001111010111000011
10111100111101111100011001001101
00111101000011101001111011001000
10111101001101111101011100101110
10111100110011100101000001100111
10111101000111001100100110111000
00111100110101000101000010111001
00111101010011000011101101000010
10111101010011110111100100011101
10111100000110111110111011111000
00111101001000111000001110011111
10111100111000110011001011111110
10111100101011011010001011111011
00111101001010100000001011000010
10111011001101000100011000010001
00111011101000100011111111001010
00111101101101000110000000101100
00111100110010001111110110001110
10111011011100011000011110110010
10111101011011101111110100001000
10111011111000000010010001110101
10111100100110111100111111001111
10111101100001000110010010001001
10111100111101100111101001010011
10111011011010110110111110001110
10111101010001010001101111001111
10111100011111100101100101111100
10111101000001101110010110111010
00111101001001001110010110010000
00111100110100111001101001111100
00111011111110010000000000010001
00111011101100111111011010110101
00111011111010111111001011000100
10111100100101010010001000101011
10111101010110111111001101100110
10111100110110111100010001011000
10111100101111101000011011001101
10111011110100011001100010010101
00111100001101010010110000110011
10111100001111001101011110001010
10111101001010101101100001010101
10111101001001001100011101101010
10111101010010000111001111011100
10111101101010010010110111011111
00111100001111001001001000001100
00111100101111101011111100111110
00111100111101110001010011101101
10111101001110100001101000100110
10111101001011100001000100001100
10111100001100110000111010100100
10111100101100011100001010111011
10111101001111101000000101000101
10111101001001010100000100011101
10111100100011111101010110010110
10111101010100001100000010001101
10111101000110000010001000000011
10111100000100000001010010010100
10111101100011011111010111001001
00111101100010001111111011001110
10111100100101011101100100001100
00111100100110001100010100100110
00111101000000110111000000011100
00111100110101111110100011011100
00111101001101001000011110101101
10111100001100000010011101111100
10111101000001101001000010000110
10111011000100111110010110011111
00111101100110111101000101111001
10111100010111110011101011011001
00111101011011001001101010010011
00111011110100001000110110101011
10111101000101010000000110010000
00111100110000100110001011110110
00111100010101100100110010111111
00111011000110100111110001101100
10111101010110000111111110110010
00111100001101101110111100011000
10111100100101010100101110001110
00111100100010011001100000011101
10111101011010101101010111101110
10111101010111000100100110001110
10111101100101001100010110100010
00111011001110101011100000101001
00111101001110011111101110101110
10111100101111010101001100101111
10111101001100001010111001010100
00111101100001010010111001001111
10111101000010100101010000101000
10111101000001011000010010010100
10111100010100101111101111100001
00111101100110000011110011000001
10111101000011001001000011110010
00111101000010001110100100001111
10111101000101010111000011010001
00111100001100000011000011101101
10111100000000101100000010010010
10111011000111110101011100011001
10111100100100110111101111101001
00111100101010111001011010111100
10111100000111110101101101101111
10111101101011010010111010001011
10111100101110111001000100101110
00111100111001110010111101000111
00111011101101110100001101100010
10111100100011000001110000100000
00111101000111001101100101110101
10111100011111111010101000110110
10111101000111010000100001100001
10111100101011010101001001100110
10111100000011100100011010101000
00111011101110010010101001000100
10111101001100110000010111110101
10111100010001011000111001101101
00111100111000010110101101100110
10111100100010100000010101010011
10111100000110111111001111010010
10111011011011001100010100100001
00111011101011000101001000010110
10111100110100001110100000010110
10111100010101111100011001110000
10111101011010000110010001010011
10111101000100000000000110010001
00111011001001001110010010111001
10111101010110010010010011001001
00111100101001001000111111110000
10111100001111011000000110100010
10111101011111100000100110011110
00111101011100110011100001010010
10111101000111001111111100110010
10111100110111010100000110010000
10111100100010110110101010010111
10111100101011110011111101111001
10111101001000111110001010001001
10111101010001100101010001111011
00111011011111111100100111010001
10111100101111000111100000000001
10111100011111000100001010011001
10111101000111011101101001000001
00111100001101110010110111100011
00111011100001101111010010011010
00111100111001001101011100100100
10111100000110111001110100111111
10111101010110110100101101001111
10111101001101100000100111001000
10111011110010000100000000110011
00111100100101110010000011001011
00111010100010111111100011100010
00111100010011010001111010010101
00111011100110010111111100100010
10111100101001001111101001111100
00111101001010000111110010000001
10111101000010100110100001011011
10111101100011001111100111111001
00111100101000011000100111111111
10111100100001010100010011010110
10111011110111000000100100111011
10111101100011010100000011101111
10111100101001110101001100001000
10111101100100011100001010101110
10111100011000110011100100010110
10111101100011001101001011011001
00111101001000001100100000101101
00111011010101100000100000111110
10111101010101111101000101111001
10111101100001011101000100010110
10111100100110010011100111000101
10111100110001100101110100111010
10111100010110100011010100110101
00111101001000101101001010111001
10111100100111110110100001100001
00111010101101110101001011011010
10111101001101100000001111000101
00111011111110011000100110001011
10111011111111111001100111110111
10111100111110011010000110101100
10111011010000010000001011111010
00111100101001011110000011111010
10111011100111000011110000100111
10111100100010001001010010000001
10111010010110010100001101010111
00111100100011101100101110111101
00111100110011001000000100110100
10111011110001110010110100101001
00111100101110011100100010000001
10111100011110110011101101001101
10111100011110011001111000010001
00111100101111111000101101110111
10111100100110110010000001011111
00111100111100000101111011110101
10111101011101110000010101011000
10111100110010001011011100000110
10111100100101000001011001111111
10111011100010000100111001111011
10111100101101000010100010110001
00111100100110100101011011100111
00111100101011101110110111001011
10111100101100110001101111011010
10111100001110100000100101110000
00111100100011100101011111001101
00111101100001111110111000000000
10111100110001010100111100111100
00111011111001101100100000100101
00111101001110110001001000100000
00111100011011100111000101110001
10111101000100011100101001110000
10111101011001110100001110111100
10111011100000110010101110011011
00111100110010001000010011001110
10111100111010001000110011100101
10111101001100100111011111101101
00111100111110000110011110001101
00111011111110100000001011101001
10111101010101011000011000100001
10111011000111101010011101100110
10111100111110101100110100000110
00111101000110111000110100000001
10111100110010111010110101101010
00111100111001111110101110011010
10111101000111011100000101100010
00111100111001110100111110111011
00111101001010001110101101110010
00111000001110001101000001101100
10111101001001111101001101110010
10111101000110111001101111011111
10111100110101000110111110111001
10111101001110010110111001110101
10111100110001000001000110000100
10111100001101100001010111011100
10111101011010011101010000111011
10111100111001110111101111111101
10111100110111100000011010101110
10111101000011010011100011111010
00111100111001011111010001101101
10111101001000010111011001010100
10111100110100111001010101010111
00111100101000010110111100000011
10111100111110011111000111000110
00111100111001111111000110110100
10111100001110101110100111001110
10111010100101111110000011001101
10111011100001001100000001011001
00111010111111000010100010011010
00111100111110101011011010101011
10111011000001011100110100111100
10111100100000000100111010101111
10111101010001010001011110001011
10111100111111100100010000111111
00111011110011100010100100110010
00111011110011011001100111111101
00111100010110100100010011100111
00111011101111110110011010101101
10111011111101101011111011101001
10111100111001010010001101111000
10111011010001111110101111100011
00111101001110110011001011110000
00111101010111100001100011100110
00111010101010111101001010011001
10111100101100001000101101111010
10111100111010101111110000010010
00111100101001011001100111111111
10111011101000100001101010101101
10111101001100011110010010110001
10111100011000001111101001110000
10111101001100111100101010100100
10111100111100111001011000010110
10111101001100000110011111011001
00111100000100001110000000101011
00111100100101110101011001100100
10111010011001000100110010000011
10111101000010011000001000010011
00111101000111111110111011010110
00111011100110011010010111010101
00111100100010001011001110110111
10111100110001101100101010010000
00111101010001001111111010000110
10111101100001011010111000100110
00111100010001001010000111011010
00111101011000011010101001111000
10111100110111011000011110111010
10111100110100011001100101000001
00111100011100000001100110100111
10111101010000111100100101011011
10111100100111010010000111101000
00111100100010110110101111110000
00111101000100010110111010010000
10111010100010001110011011101100
00111011000011101100001001010101
00111100101101111011001101011010
00111100011001001010000100110111
00111100111100110111101000011001
10111101001001100101000000111001
00111101010101001111101000101011
00111101010101101101101101101100
00111100101100100011000010111110
10111101100100010000111111111010
00111011101001010111001101100110
10111100110100010111101010101101
00111100100011111110101011011011
10111101001001010001010011110010
10111010110011001111111011000010
10111100100001011100010011110111
00111101100000111011111011010100
10111011110010111000001000000001
10111011100011010011001111101100
10111010110001011100111010000000
00111100000001100011101101001100
00111100101001000001001011010000
10111101010000010001010001101001
00111101011000100110001100101011
00111100100110110101100100100100
00111100101100001000100100001111
10111100111111101001110100101101
00111100100000001000010010001111
10111100110011011001001101100101
10111100101100110100100100010000
10111100010000011011111000001011
10111100111000100100011001011111
10111101011010110001010110111111
10111101000111111001010111111000
10111100101100111010000100110000
00111100101111110110000111000011
10111100000111100000110111011001
00111011100010110000100110011000
10111101000010001011001000100001
10111100011001100011110001011101
10111100101010001011110110011110
10111100000110101101001000101010
10111101001111111100011100110110
10111100001111000110001011111110
10111100110010000111101101010101
10111100111111101011101111000000
10111100110100100100010110110001
10111101010011100010100000011100
00111100110111100101001001101110
10111100010101000110001010011110
00111100000010000000101101000001
00111100111101101000001101111010
10111011101100100110000110100100
00111100101011010110101000010010
00111101011001011110001110001110
10111100100001101101111100010010
00111100110000001100011000100011
00111100001110010100010011101111
00111101000001010011100100001011
10111100101011111100100011100111
10111010110000100111100101110011
00111100010101000011111000001110
10111101100001110010011110100110
10111101001101001000100000101010
10111101000001011110100110111011
00111100001011000000100100000101
00111100011001010001110000001100
00111100101001110011111101100111
10111101010110111000101001011010
00111011001001111110110001010110
00111010110110001100010010001110
10111101010100011100111110110000
10111101010111000011100100100010
10111100010001010111111011110111
10111101010011011111101011100000
10111011111111010001100110000100
10111101101110100000011010100001
00111100000101001100101110110100
00111100010000010100101010111010
00111011101100001011010001001110
00111100100010110100000100111001
10111100011110101010000100100110
10111101010001100110110101000101
10111101001000100010100001000001
10111101001111000111110011100011
10111100000110001010001010100010
00111100100100110001001100010111
00111011100111001001000110010011
10111101100110001111101110011011
00111100110001011010010101101010
00111100011111110111010000100000
00111100000101111001110101000110
00111010111101100100100010010111
00111100100110100101110111100111
00111000010111000101001010110011
00111100110111001111001111101011
10111100101100111000001011110110
00111100110100100111111110011010
10111101001100101001011000011011
00111100011101111010011111011000
00111100001001100111010000111110
00111100100111000001001011100001
00111100111110111101110111100111
10111100100111011110110000100010
10111100111001001001000100111101
10111101100011010010111100110101
10111100011111010010100000011000
00111011101000001111101101010010
00111011111010011000111101001001
10111100111011101001111000001111
10111101001011111111000111010000
00111100001000001001100100101111
10111101101100001101101101000101
00111100011000100010101001010101
10111101011111000111101000101110
10111101101001011111000011011101
00111100100100011111100111111010
10111101100011100101011110111101
10111101011110001001010100011110
10111011110100100001010100111001
10111101001010110110100001010101
10111101101011101110001100001010
10111100100101110111111101100001
00111100111001111000111010011011
00111100100011101010010100010010
00111101010101000110100010011100
00111100111011000110000100100101
10111011101110011011001000110010
10111101011111110001011000110000
10111101001011001011110110100101
10111100101000111011111110011010
10111100110101000110100010111011
00111101000100011111000001100001
00111010000111011000001010011001
10111101010000000011110010101111
00111011101100110010110011110101
10111100010111010001001010110010
00111100100101010111000010101100
10111101101011001001001010101110
10111101001001111010011101111111
10111011110011001101011100111000
10111100111010110100110111101101
00111100101111101101000001000100
00111011011110011110000110010001
10111011011010000111110110100010
00111100100010100110110011111011
00111101010110000111100100000011
10111101010110001101111101110010
10111101001010010101000100000111
10111011110011110001010010110001
10111100000111010110100100001010
00111010111110011110010111001101
10111100100010001111101010001101
00111101010010100010101111001101
00111011101110001000100010000001
00111101010010010110110000011000
00111101001101111000100100111001
10111100100001100101000110011010
00111100010011001100110011111000
00111101110111000100010000010000
00111101000000010010010110010100
00111100110111111111100101111101
10111101010011111000110001111110
10111100100011111100000100101000
10111100111010111111101110000001
00111011001110111000011110010111
00111100011111111101100000000100
10111101010011010100001110010010
10111011111010110101010010010110
10111101001101001111100100001000
00111101001101110011100001101111
10111011111111000111011111111110
10111011100010000010000001101111
00111100110010111010001011100011
10111100101110101110111011101000
10111100110000000110110010101000
00111101010100000011101100011000
10111101100000111001111010000100
10111101001111111011010011110111
10111101000100110011100101011111
00111101000000110010010011000011
00111100010110001101011100001001
00111100100100001101001110001101
10111100100011011001010111000001
10111011101010001101011000110101
10111101000111011100011101110110
10111100100110111001001010000011
10111101010110001100100010100000
10111101010010001101001010000011
10111101000010101100000110000010
00111100101011010011111011000001
10111100100010011101010000010010
00111011110110111011000111000010
10111101010100001010000110001000
10111101100100011110110100000000
00111101011000001001001010010110
10111101001111011010011101001000
10111101001100001101110010011001
00111100111111010111011101111111
00111011111010100000011011001100
00111101010011001001010101000111
00111100010111101101100101110000
10111100001001101001000101010010
10111100110110001111101110100101
00111101010011010110111101011000
00111100111010000111101111110111
00111100110110010110110100010010
00111010110010100010100110111001
10111101001000100000110110001000
00111011101000010101000010000100
10111101011010111110100001001110
10111100100101011010011011111110
00111100100011101010111100011101
10111100101100101000000110010100
10111100101011110111100110111100
10111100101010011111110100100010
10111011000010000011010101000000
00111011011010111011001101111110
10111011101111001000100011010100
10111100110000010011001010100110
10111011110010110010011011110010
10111100111110011010110110111011
10111010011101111011011111011100
10111011011000000111011111011011
00111101000001001011010100001010
00111100110010000001101111010010
10111100101111111110111111010100
00111101000001000111001111100100
00111100101001110011110010010011
00111100111101010001001001000000
10111100000110100000001101101011
10111101000010010000011001100100
00111101011101001111100000110100
00111100001101110111000111000111
10111101010010010111101011100011
00111100101100110111011111011011
00111100110110011100010000000000
00111100100101001011011100010110
10111100101010000000010010010000
00111100001101010010001100110110
00111101011100001011001111111101
10111101000110111110001001110110
10111100011010111010101010111100
10111100001111011001010101001011
10111101010101101001110001010011
10111101101111001111011110001111
10111100011110111101001100001000
00111101001110001101101110100101
10111101110001001011001011000011
00111011100100111111100001100111
10111101001111000101010110111101
10111100110101000110111011101010
10111011110110001101110001100010
10111100011010100110101011110100
10111101001100110100010100110001
00111101000001111011001100100111
10111101010100110010100101101001
10111101010001011011000010001011
00111101100010011010010001000000
00111100110011010110011011101110
10111011110111110110110000000000
10111101001111101110001110001001
00111101000010001011111010001110
10111100100101111001100111111011
10111100110101001111110110011110
10111101100000010100111011000010
10111100110101010110000010000001
00111101011010101010010100010001
10111100010101101000001000001100
10111101000100111110100100000110
10111101011001001111011100111001
10111011001101000111011001111011
00111101000000011010100011011001
00111011101100100011000010101110
10111101010001010100001010111110
00111011000010111110101111001001
10111100101111010000010111010110
10111101011000000010001011101110
10111100000001011101110001100100
10111101000100000101010010011111
10111100000010010000111001111110
10111100110110001100101010101010
10111101100101001101010000011011
00111100011000011111111101000011
10111100000101010011100001010011
00111010100101111100001001101100
10111101011101110001100101000001
10111100101010010010110010000111
10111101010101000011111101111110
10111100000001010110001011001100
10111001110011101100100000010001
10111101000101010110100010010111
10111100100010100110011010101100
10111101100010101000101110011010
10111101010110000111100000011001
10111101001110001000000111010011
00111011100010111100000001101000
10111101000101100000110000110011
10111101010100010111100001110001
00111101010000000011000111111001
10111101000000011101110101001001
00111100100111011001111001101101
00111011111001010010110100100000
10111101000111001010001010111010
00111100000110011110001000101111
00111100100101000000010100100011
00111101000001111011110101001110
00111100110001110111111001110001
00111100100101101111000000101011
00111101010110111010011011111010
00111101001111011111100101101110
10111101000001110010001011001100
00111100111011101111011111010100
10111100100100011100011111000011
00111101001000101011101100010110
10111100111011001101100110111001
10111101001001111010111100000000
10111101001010110100111001100110
10111101000110000010110111000010
10111101000000001011110110011111
10111101001001101000011101001111
10111101011011100110111111010100
00111100100111100100000101000001
10111100100001111110111000100100
10111100000111001110010110101100
10111101100101100110111100101110
10111100010011100000101110110001
00111100110101111001111000101001
10111101000001001100001011101100
00111010111011110001110011101011
10111101011001000010010001110001
00111010011001110110011101110100
10111100111101011011101110001010
00111101000001111000100001100010
00111100010100101110010011010100
10111100001111000001010000001110
00111011100111101010110010001011
00111011001111001000100011000011
10111101001100100110111000001100
10111101101011011011101011110101
00111100010101101110011100010001
10111001001011000000111100111101
10111101011101001010101101101101
10111101100011001011000010100101
00111100010101111000110110010000
00111101011001110000010111100100
10111100011010100101010110111111
00111100101100011111101000011000
10111101011100101110101100101100
10111101100001001000010100000110
10111100101100011001111001111011
00111011100100010111000001111001
00111101010110100110000111110110
00111001001110001010110100110010
00111100101101011001011001011110
10111011001000001010001001011011
10111100101100101101100010101000
00111100010101111100000111100011
00111101011000000110111101100110
00111101010001000111001110111111
00111101010101101010111101110101
10111100010110010111111010001000
10111101010010011010101101010111
00111011101101000011000100111001
10111101000000100101011001000101
10111100100010110111110111001101
10111101000000010110110010110011
00111100100111011110100110100010
00111100010000100010001000101101
10111101100101100101111100011110
10111100111111110000000000011011
10111101001010000000100010111011
00111011111100010000000100100001
00111101001111001110001100100000
00111011001111101001111000100000
00111100101010001010010000010010
10111100111101111101010101010100
00111100000011010010100101100011
00111101010110010100000110101101
10111100110011001100111100111101
10111011100001111110000010000011
10111011010001011011000000010101
10111100010001101001010111000001
00111100101100001101011100100111
10111100001000011011011010110101
00111100110100101011101011100110
00111101000000111100010000100101
10111100101011110111110011001101
10111011111101010110001000111011
10111101011100100000111101111111
00111100110101100110000101010100
10111101010000111011001111111100
10111101010101101100010100001110
10111101001110000011000011100101
10111011100101001101101000000100
10111101000000000101010111101100
10111100100011110111011100010110
00111101000000101101101111000010
10111101001000111010001100010011
00111100100110101001000000111100
00111101010010111001110100100101
00111010101001011011011011011100
00111101010100101011100111011101
10111011100010100011001110000010
00111100111011101010001011011001
00111100011111101110010101000010
00111100000101010111111001111100
00111101000010010111111000011111
10111100110101110101101100011110
10111100000100110111001011101001
10111101000010110111001011000111
00111100110101100011000001001011
10111100110100011000011100011111
10111100111100001000011110011001
10111100000011001000001101010101
00111101010111110010111010010001
00111011101100100100001001101000
10111101010001100010000011111010
00111001110111001000001111010100
10111101001101000110001101100000
10111101001111000111101101111000
00111100000000000010000111001110
00111101010001100100010110011001
10111000110011111101000000110011
00111100111110011001101101011010
10111100111001010110100100001010
00111100011100110101100100011011
10111101000010110010111010010110
10111100010000001011000101001001
00111100100001101110110101100110
10111101001111000100010010111011
10111100110001100000101101011001
10111101000111101001011101111101
10111101011111011111110111001100
10111010000100100110010100011010
00111011000110000010011011100001
10111011101000010101000110000001
10111011110000011000110111001110
00111100000111101101100000110110
10111100100010000111110000011000
10111100111010010011111111011111
00111100010100011110101001010000
00111010110001011000011101101101
00111100110100100011111110100001
10111101010111011010111111110110
00111101011111001110000111000100
10111100000111110011110111101100
00111101010110000110000010101010
00111101100001010100011110110101
00111011110000001010100111101101
00111101011100000100111101101111
00111100010111100100100000011001
00111011110010101110011010001011
10111101010100010100011101000011
10111101100110111110010111010101
00111101000101001010001100111001
10111101001001010100110011110101
10111101010010111000110100000001
00111011101000111101110110101010
00111100101110100111111011110100
10111101101000101101110110000111
00111101001010000101110111001001
10111100001010001000111010011111
10111101001011001000101001010010
10111101001001100001110000011010
10111100101001111000001111101110
10111010101000001000110001100100
10111101001110101010110000010111
00111011100101000001101100111100
10111101011110001011110111000100
10111100100010111100011000011110
00111011100011100000111010000111
10111011101010001100011001000001
00111101010101111010111100011000
10111101001111010100110100100001
10111100011000001101100000111111
10111011101011001101100001000101
00111100110101101110100100110010
10111100011000100001001101100000
00111100110011111000100111000001
00111101001110100100101001100101
00111100010100011000011110010111
10111101010010101101001111001100
00111101000111010000001010011001
00111101110000101110000001111100
00111101010010011011100000100111
00111101010111101110111001011111
00111011011111111001010000111000
00111011000010101110111100101110
00111100010011011001110110110001
10111101011001101101111011000110
00111100111110110001001111101100
00111100101001111110011110100011
10111101000010111101011100101011
10111100011111000011011011001000
00111100011011110001101000011000
00111101100011100011011111010101
10111101001000110010101001011000
00111101001110000110110110101100
10111101000111001000010010001110
00111101000100101010111001101110
10111100011111000110100101000001
10111001111101111000001100100001
00111100110000001111110010000001
00111100110010001110100101010101
10111101010010101111011010000000
10111011000111110110101000100000
00111101000101010000010000100010
00111101100100010010011010011010
10111100111001101111111001011011
10111101000001000100001010111111
10111101100000101111011110010110
10111100110101101101011010101001
00111100001111010101001000001101
00111100001111001101011000001001
10111011110110010101101011011000
00111011011101111100011010111010
00111100110101110100010000100110
00111101011000010101100101001100
00111101000010100011111000111010
00111100000110011010000101010101
10111101010100000010101110011101
10111100100100011101110111111011
10111011000011001011011010001000
10111101000111100011001100101111
10111100000010101101000111111001
00111100100000011100001100111001
10111100101110101101111000111111
00111101100100101110101100011101
00111100111010110001000010011000
00111100110000001001101000010110
10111100001100100001011100110110
10111100110000111010101100111101
10111011111110000000000011110010
00111101001011110101011100111011
00111011001001001110000010100111
10111101100111111011001001000111
10111100101001011010111110110110
00111100001010001100111010010010
00111100001101110110101001110101
10111100001110100110110010001110
00111101100000100111001110111100
10111101100110000001100101000000
10111100100100111101010110101011
10111100101000111010111000011111
10111101011011001001101111110010
10111101000101111100000000100011
00111011100011000110111111111010
10111100100000000101111011011011
10111100110010011011101000101010
00111011001000001110111010010010
00111100000111100011111111100101
10111101000011111010001100100100
10111100011001010000001110100111
10111100110111100101011100010100
10111101011000110100101110011011
00111101001011101101000010000100
10111100110000100111000111111010
10111101100011000101010110001110
00111100100101010010000001001011
10111101001100011110011111110000
00111100000100110011000101011110
00111101100001001010010011101100
10111101010110100001100100011101
10111101000111011111101101110010
10111100101110100110010000000111
10111101001010001000110101110111
00111011001110101010110010100100
10111101100110101101000100000000
10111101010010100001110100010100
10111101011110101101111011011101
00111100011100110100011110110001
10111011100000011111001100110011
10111101001100001100010110001010
00111011010011110111110011100010
10111101001010001111111110010001
10111101101110011110111101100111
10111101000110011000110101001011
10111101000011001000101111100001
10111101101111100101010101001001
10111101000100100101010100000111
10111100011001000111100000111110
00111100111011001100101000011100
00111101010100011010101110001000
10111100101001101000001110001110
10111100101010110011110011101100
10111101010000001100011100101101
10111100110101001011010000011100
10111101001011011110101011101011
10111101010010001011110000010111
10111100111110010101100011011010
10111101000000100111001100111000
00111100111000110111001010101010
00111100001011110010000111111001
10111101011011111010001101010100
10111101000111101101100111111100
00111010000001011010011000000101
10111100110010010101000100000110
00111101001000111101100000010110
10111101011111001111000000011011
00111101000010100001100001110111
00111100101111011110011011100000
10111100110000110010000001111011
10111100011111001010111001111011
10111101000110010101001001111010
00111100110000111100010111111110
00111100101010111100011011100101
10111100001111101010111001001101
00111100100111101100000100011110
10111101001010111110010110111010
00111100110001101100011101000110
10111100110111010111101011010101
10111100110011101101101010100110
10111011010000111100010100111001
00111011101100111101101111100010
10111010111101100011001011100001
00111100101111000001011110000110
00111100110101000101111010111111
00111101011011010100100000000101
10111100001110100100001001101011
10111100111111101010001000000000
10111100000011010010101001001001
10111100100010101011110000100001
00111100111111110110000111011101
00111101100001000010101101111101
10111100101010001001111010101010
10111101010110111010001000000100
10111101000101100110110100101010
00111100101011001011110100001110
10111100010100011001101100001011
10111100110010010110011000010000
10111101001111011111110000001001
00111100001100001101001101100010
10111100011110110000100010101000
00111011000110000010011010111100
10111011100101111000100011010111
00111100101111111010111110010100
00111011111000000010010110011001
10111101000110010000110000111000
10111011010110110110011011010000
00111101010010101000001011110011
10111101010011010101100001110100
10111101011001101010100111101100
10111100010101010010001001110011
00111101000001100100001101101011
10111100110001000111100101100001
10111101011110100011011101000000
10111011001011011010100110001001
10111101000101001110000110101000
00111011011000100010000010001000
10111011011011100010110100101000
10111101010001101001110010001100
10111101001101110101001011111001
00111101100110110001111111100001
10111100010111111000111101011010
10111100110111011001100000111111
00111101011111111010001101111010
00111011000000111101001001111011
00111100110000010101101110101110
10111100110011101111101010100000
00111010000101110001100101001001
00111101110101010000010010010000
00111011101011111011101111101010
10111100111100111100001000010101
00111100011101010000111110000001
10111100110101100011010101101101
10111101001001010000101110101010
00111100111101001111001100101111
10111101001000100110011110001011
00111101001011010011110100000011
10111101011000000010010111101011
00111101000101100000100001101110
10111100001000000100010010010010
10111101001000001100101111101100
00111101010100010111100011101110
10111100111000011101111011111110
10111101011001011100111011110110
10111101011011110110010010000110
10111001100001110110110010000001
10111101011100111011010111001100
10111100110111010111010101000111
00111010101011000111001011011111
10111101000101101011110000010000
00111100110101001111000000010100
10111101011000010010100010011011
10111100111100101110110101111100
10111100100001001100101110010100
10111101011101001100001100010111
00111100100100000000111111110001
10111101100010110011000001101110
00111010010110000001001011100100
00111101001000011000001100111101
10111100100011011010010100110001
10111010111101010110111101001011
00111101000100110001000011010111
10111100100010010010001100101001
00111010001100110111101111001111
00111011011010011010101100011100
00111100110010011011011100001010
00111100000110000100110110011111
10111101001001001001001001110011
10111100000000101001000111110000
10111101001111001010111001010010
10111100101110001001111111101011
00111101100000011011011110001001
00111100001101001010011111110000
00111101100001001100001000000001
10111100101010100110101100010000
10111101010011100001101001101110
00111011101010110010011011111000
10111101001100100011011011110000
10111010110101001111011100100011
10111101010000110011010110110011
10111100100111001111100010110110
10111101010001001101110111111001
10111100110001000011011100010110
10111011100010000101001111010111
10111100111101110111111111100111
00111101011100001001010111011011
10111101000010010111100110100011
00111100000111011000000100010001
00111100100100010110100100000100
00111100110010000110001111010010
00111101010111110011011011010000
10111100011010001000100110101100
00111010111001010011001100010110
10111100010010001111100110001011
00111101101011001000101000100111
00111101001110011101101100000001
00111101010100011011111010010011
00111101100011101010000101001111
10111101000000110110101100001101
00111100010100011011001010001000
10111011100101100111011010100110
10111100111100110111000001000110
00111100110111011001110000011101
00111100011011111110010100101100
00111101010000010000011011110101
10111101010101100111000111001111
00111100100111111011101000111101
00111101001001000101001101011001
10111001111010101010001011111000
00111100001010111100001110010001
00111001110000111000000000110000
00111101010000100100100000001000
00111100100000011111011110110110
00111011001001011100101000000011
10111101001001110111100111111100
00111101001101100001001101111000
00111101000011111001110001000100
10111100101000111010101010010100
00111011101100011010100001100110
10111101100111001100101101101101
10111101001110111100001011000111
00111101001001000001110001000110
10111100001110010011000011100010
00111100000000101011001101110000
10111101010000011000011001100000
10111101100101011100010010111101
10111010111110101111110001111000
10111101101110110100001011110011
00111010111110011101101001000101
00111100001011001011010001011000
10111101010110011110000010110100
10111100101000100000111001000100
10111101011101011010010001100100
10111101001001001101110000011011
10111100010110011110111001011010
10111011111011100110001000110110
10111101001001101000011100011110
00111100010001111001101110010110
00111101001101111011111111111100
00111101011000001111100011011100
10111100111010110111100110111111
10111100101011010011100111100101
10111011100100100001100010101101
00111100001110111001110000001000
10111101000011010010011111010010
00111011100100001100010101001111
10111011001100000101110100111011
10111101010001010110001111010001
10111100100111010100111001011110
10111100000101110000001011111110
10111101100011101110000001110010
10111010001100101010011010101100
10111011110011111111110000011111
10111101000111001001001110001101
10111011110111011011111111000110
00111101011100101011101010010011
00111101100110011111011011000100
00111100101010110011011101001001
00111100001001100000011110010101
10111100011010101100100101100011
00111011100001010101001101111001
10111101000010101000010010101100
00111100001010100000100010010100
10111100101011100001011001110100
00111100111010010101110011111011
00111100100001111110001110001001
00111101011100001100100110111000
10111100000010011110010101100100
00111101000000100100100101101111
10111100100010001011001110010111
10111101100111001111101110101100
10111101011101101111000110111001
10111101001000101101001111111100
10111011000101001111011101010010
10111100100001101000001100000000
00111100010001010011001000110110
00111101001011110001110010001001
00111101000000000100000101000111
00111100010010011000100101000110
00111010000101101001001110010011
00111011101101010100100001110111
00111100111010101010001101111101
10111101100011011111111000101100
10111011111101001111001110111011
10111101000100000100001100101100
00111100000100110001111100011101
00111010101101100111111100101110
10111100100011110010110011101001
10111101010010011110100010011011
10111101001010011111001101010000
10111100111001110100010110000111
00111100101101110110100101011100
00111100101111001100100000000111
00111100101000110010101100100010
10111100110110100000011111011011
10111101010100100110111011010001
10111100111111111110000100010111
00111100011100100101010101100000
00111010010101110100111000010100
10111101010000011011110010111001
00111011010111000001001111100011
10111101100011000101010011110101
10111101000011000011100110101111
10111101010111011111010111111000
10111101001111101000111110101001
10111101100100110001000011100001
10111100011101100101010100010110
00111100111011001110100000111111
00111101000101000001101101100000
00111101000000110000011101110110
00111101010001011101110101110000
10111100101001000001011100010111
00111011010111010101111000101110
10111100101011110100101010100001
00111100100101100000110001111100
00111101010111011000000001000000
10111100100110010001011011001111
10111011110011000000001000010100
10111101010001101010001100011111
00111100111000000001110010000010
10111100001100000011001011110011
10111100000100110001101000101000
10111100101110001000100001001111
00111011101001101010011001100110
10111100110011101011000100010010
00111100101100010000010011011101
10111100101011110101111011000101
10111101000010001001100100111101
10111101100011011110100101000010
10111100111101000101001111101101
00111100111001111110011010110001
10111101011100001100110101101101
10111101001001011100111110101001
00111101000111011010010101011100
10111100110011100011101000101000
10111101001011111101110001000000
10111100101101010010100000110101
10111101010100110110000010001100
10111101001000111011011000001001
10111010101001110110110010111010
00111100110100110010011011100111
10111100101001010000111100110101
10111100101110001011111111101001
10111100110010001001101001011101
00111101001011101100010101000010
10111101101110001001010111101000
10111101101001001110000110011111
10111101011001011101100101011111
10111101001111111100010111000010
10111010100110001111100110001100
00111100011001100100000000000110
00111100101100001110110000001000
10111100111101110111011110100111
10111100111111010111110000101100
10111100001101010011100010011010
00111100010001110110110111110010
00111100111000000001001001001111
00111100101000111000001010101100
10111100000110001100010110111000
10111100001110011000101101000110
00111100011011011101011010101100
10111101000011110000000100001100
10111101000010001101110110010111
00111101101000101111000111110111
10111100100011111100110001101011
10111100111110111111101111011111
00111101001111111101111101010101
10111101000010001000011111100011
00111101001110101011110100101001
10111100111101111010100001101001
10111100111001100010111101111101
00111100110010001011010000101001
00111101000110011001000011110101
00111100100011101011000000101011
10111100110110011000011011001010
10111011110010101111010000010110
10111100101111000111111010000011
00111011100010111110100001011101
00111100111100011010101100100101
10111101010000101111110111100110
10111101001110110001000010101101
00111100101110011111011101011101
00111101010001000001110101111110
00111100110100101111110001001110
10111011100001110101010110010001
10111100101111101100000110101111
10111100110111010000001111101011
10111100110111110101111100001000
00111010001111001101110101001100
10111100100101011011011101010110
00111100010110000111011010001000
00111101011101110010010100111011
10111100101010001110010010110110
00111101011110100000110011001101
10111011011010001110010101010010
00111101100010011101101010110010
10111101000101000010100000000100
10111100000011110100101011010001
00111101011001100000100101000111
10111100101011000010101110110111
10111101011001010111101111001111
00111101000100101011110101111111
00111101010001111000000100000100
10111100110100101101101110010100
00111100100100101101101100100100
00111100101011110111100111101010
10111100101101101011001001011111
00111100001111010010101111100110
10111101011010011100010011001111
00111100111011110100101110100010
00111100111000111001101010010100
10111101001101101011011000011001
10111011110001001010101100101010
10111100111000110101100111100111
00111011100111000110000001111001
00111100110000101010000111110101
00111101010100110000110110000010
10111100111010010010111010101110
00111100000111010011011010101101
00111101011010000101110101100101
10111101010111000100001001011010
10111011011000000111001110011100
10111100110110001111001001101010
10111101100100100000111010101111
00111001100001111100111000001010
10111101001110100011010010001100
00111101000110000011011011110011
10111011001110000011000111110011
00111101000000110100101011100001
10111101011111011110001011011011
10111101000011000111000000000110
00111100101101001010000110010111
10111100000001000000010000111010
00111011111101110101111000111111
10111101001110000111001100101001
10111101010001100111000100010010
10111101110000000000011001100101
00111011010001110110011110010000
10111101010010111101111110001100
00111011001000010001001110000001
10111101010001101101100011110011
10111010111101101010100101100110
10111100011010111111100110110110
10111100001100011100101001101100
00111100101111101101011011011100
00111100100001110001101010111101
10111100001110011000010010101101
00111010101110111101011110111001
10111101001011010110000110010010
00111100101110100110000101001111
10111100100001100010100111000010
00111101001111011111100110000100
00111100111000000101010111101111
00111101001001101000011011001001
00111100100010000110010111101000
00111101000110100111100011111110
10111100000101010011000100101110
00111100001001011000011101101000
00111101001100110110010100010001
00111100101001001111000010000101
00111011001011000111111010001111
00111101000111010101001010001110
10111011100000000000000110110000
10111101010011011000010111110001
10111011110010000001101000000111
00111100000011011011101011000110
00111101000110111111100000001100
00111011111111001000100100110010
10111011111000000001011011000110
00111100110001011011110111011001
10111100101110000010110111100101
00111100010000011011011001001000
10111101011101000010010000000011
10111100100011011011110110000101
00111101100000111010100101111000
00111010110001000100111100001001
00111101000000110000001110100100
00111100000001010011011111111001
10111100101011011000011111010011
00111011101001100100101010001100
10111011110000111000111110001011
00111100100011100000111010111100
10111100110010101010010111001000
10111101000111001011010010100101
00111100100111010011000101010100
10111011110011000101111111100010
10111100111011001110111101111110
10111100100010101000110100101000
00111101000010101001111101001100
10111101011101000111000110100011
10111101010001100110010110010000
00111101011010110010101001001111
00111101001010011100111101001010
10111100011000011110001010111110
00111100100111111110110011100000
10111011001111001100001100001101
10111101001100100000100101000010
10111010010111110101001101010101
00111101100001011011110011110111
10111101011000111100000011001000
10111101010111100101100000001001
00111100000011101111100110110011
10111101000010011001100111010110
10111100000101110111011100010101
00111100010111011100100010111010
00111100111111111110101001011000
10111101100011111000010010011111
00111100001111010111110001110110
00111101010111000100000011011101
00111100011001000000010011111001
10111101001001010100001111100010
10111010111001111001000000110111
10111100111111011110000010101100
10111101001001010011000110101001
10111100001010001101010100001100
10111100101000011000010100110101
00111101111101010100010111101100
10111101100111011000010000110001
00111101100010001010101000000001
10111101011001111101000000110000
10111101100000011111101110011110
10111101100011001111100010101011
10111010011011000000111110000101
10111010101110010101001010110001
10111100101111000101000111110001
10111011110000001100111110101111
00111100101000000000011001100001
00111100011101000001000011110111
00111100111110101000101011100001
00111101010000010011010101111010
10111100000001001011110000110000
00111101001110011110100010110011
10111100001110010100101111100001
00111100011111011011101100001110
10111101101000010110010011000010
10111100101010011101011000001001
00111100100101111101001100111000
00111011011011011000110100000011
10111100011001100000100100000101
10111101100001010100011100010000
00111100101101101010001011100101
10111010110011111101010010110011
10111101100100000101011011010000
10111011111011010100011011110100
00111100010101110110110110100011
00111100101011100011100100000000
10111011100101001001010010101111
10111100011111011110001000110010
00111101000111001111101101110001
00111100111101100100101000000011
00111011101101011111111011001011
10111100100100001101101100110110
10111011010100110110000101101111
00111100001111100001000001011111
00111101100100011100011101011011
10111101011000110100001101000110
00111101001100000110010101100011
00111101111110100000001010011001
00111100100111110000011111010011
10111100110000111111101110011010
10111101010000011101000000111010
00111100101011001111101001000010
10111100101110111100000100010000
10111100111010110000101110101010
10111100110101101010001100101001
00111101000110101010100001011110
00111010100101111111001010111001
00111100010001100111001110101100
10111100100110101001100001111111
10111010011111101110011001111011
00111100010101111000000001001100
00111011111101101000000110111000
00111100010011010100001011111001
10111100000110110101100001100011
00111100111001100101100010010110
10111101001000011011011011111111
10111101000101100111010001100001
10111100011110111001001110110001
00111101000011000001100101101010
00111101001011100001011000011011
00111101011010110010111000100100
10111101011100110011101101110001
10111101010101001001011110001010
10111101011111010111000100101101
10111101010001000011100110001111
10111011110110010101010011101011
00111011110100100011011111111110
00111100011010100010010111001100
00111100011011111001000111110110
10111100111111011011001110001110
10111100011110000101011001001011
00111100111100010011001110001010
10111011010111000000001001001110
10111100011111011111101101111010
10111011111110101001100011001100
00111101010000010000101001000110
00111101000000011100111010110110
00111100111110110001101001110101
00111100110010111111010100111001
10111100100100001110100100010111
10111010100100110111011100001010
10111011001110011110101000101110
00111011011010101001001000000000
00111101001001110101110010110010
00111011000101001010001011111000
00111011110111100111110011000001
10111100100010111110111110011001
10111101010011111011111011000010
00111101110000110010001101011011
10111101100100000000110001101111
10111100111010010010000010100110
00111100000011110000110100111101
10111101010001111101110111001010
00111101100100011100111000001001
10111101001101110000010010100110
10111101101000110111110000011101
00111100101010100011001010000110
00111001101110101100001001101001
00111101000101101100000101101100
00111100001111011101000110001111
10111101000000010001001100010011
00111100011100000010101111100110
00111101001100001010001001100000
00111100111111001100001000010101
10111100000001111011110111011000
10111100110000101100100000010100
10111101000100110110010101111111
10111011101011011101101001011000
00111100000010101110100111110001
00111101000101110111110010110000
10111100101011101110010100100101
10111100101110111010101101011100
00111100110110110000101110110011
10111100001010111010000010001100
10111101100000110110001100111111
00111100101001000011001010101000
00111011000001001111011000000010
00111100101110011001111110110001
10111101100010101100010101001111
10111101001100010111110001011110
10111101011101010100110011010100
00111101000001101110011000010010
10111101010111000111111101001000
00111101000011101101001101011111
10111101001100010110111010000000
00111101010001000011010111010000
00111101000010000111111010110000
10111101010011001000110101010011
10111100101001101011010110010000
00111101001011111101000100101000
10111101011000110110010111110101
00111100001110000001000110001001
00111100001111000101010110100101
00111100110000100101111100000001
00111100101100010011011000110110
10111101000100000000101011001010
00111100110011010110001000001001
10111001011001011100101110111010
10111100101000001011110001111001
00111100100001100100111011110100
00111100101010011111011011111000
10111101001001010001001010011000
00111101000011100000001110100011
00111101000010001011001111000110
00111100111110111011110100010100
00111101011000100101101001101110
10111100010111110011000110100111
00111100001010001010010110011101
10111011010100111100011111100111
00111101000111101100010000001110
10111011000110110011111110100000
10111101001000001100110100000001
10111101011000101010010100101101
10111011010100001110110111010000
10111101100111000011110101011110
10111100111110010000001010001000
10111100100011011000110110001101
10111100111000100001100111000011
00111101011000000100111011111100
10111010101010101000010100101111
00111100001101000110100100110100
10111100111001111101011000011001
10111101001000001101100111111111
10111100110110001011111010010111
00111100111010010011100010000100
10111101010001110110110001001010
10111100001000001100010011011110
10111100100111101001010000110100
10111101000101011000101010100011
00111011111011111111010111110110
10111101100010110000101100101111
10111101000001000111101110011110
10111010000111010101010101001110
00111100110010001100011100001111
10111100110010001101110111110011
10111101010000000000101110010000
10111101001000111111001100100011
10111100000110111111111101000010
10111101001011100011111001011111
00111101010101101101000100011011
00111101001001001101100111011101
00111101001100000011110010001010
10111100100010101110101001110001
10111101011010000101111100110000
10111011011100111110111000010001
10111101010100100011000100100010
00111011100011001100100111110010
10111100100101010101000011100111
10111100111010000010111001111110
00111100101111110111010110100011
00111100100110000111100010110011
00111100000001010011111010111111
10111101001010110010111100110000
10111101001101001001000010101000
00111100001000000100000000101111
10111101000100011100011111001111
10111011000110101111001110001111
10111011001100100000110111101011
10111101001111111011110110110111
10111100001000101010101111010101
00111100000000111000101111000001
10111101001110101100001110111100
10111100111111010011010110110011
00111101000000011010101110010000
10111101100100111011101000111110
10111100111000010010110000001101
00111100001000000110100010101000
10111100011001100000000010010010
00111101001001101111100100001101
00111100110001100011001100000000
10111100001101011010110011010011
10111101010110110110100010110011
00111011110110110001010010001001
00111101000011000100011101100010
10111100100100001110011011110110
00111011101010000111010111110011
10111101011000000010001000110110
10111100001000001011111101100111
10111101110000110101100100101011
10111101001110101011011001000000
10111011111001010010010010011010
10111011111001001000011001010001
10111101100000010111010011001011
10111101100000111011010010011110
10111100110000001110010111010100
10111101000100010001001101110101
10111100110100010000100110111010
00111101001001010001010000101000
10111101100110101001101111100101
00111100000001001000011011011111
10111100100110110111111011101011
00111100101010110101011001010000
00111100110110011110100101001000
10111101010110000110110011011110
10111101000111100111100101101110
10111100100001111110111010001101
10111011000111110101001011110101
00111100100010100101010111010110
10111101001001001100010110010111
10111100110110011000010101000100
10111100111111111100011010011001
10111011101100110111011000101110
10111011100101110110110111001101
10111100101111000011001001110111
10111101001011011010101110001110
00111100000000000000011101011100
10111101001001011011000100010001
10111100111100100001101101011000
10111100101010100010011100010010
00111100111110111011110110111000
00111100110001011101001100111011
00111101001100010101111101011110
10111101000010010000011011111001
00111011101000011101010000001110
10111101011000111011001100101010
00111100010110110010001101010001
00111011101100111011111001101111
10111011111101010111011000110100
00111101011100001011010001011110
10111100111100000011111111001000
10111100110011110111001011011110
10111101011101101110000001110000
10111100110010011010010001101101
00111100011110011010110001111001
10111011111111001001110000001111
00111100111011001001111001011110
10111100101001111011110111010100
10111010110110100001100101100000
00111101110001110101101100110100
10111100110111101001110111010111
10111100110000110010100100010000
10111101011101001011111010110010
00111100110011001010010001010100
10111101010110101101000111000101
10111101001111000110001000001101
10111100110011111110000010001110
10111101100001110010010011101010
00111011010011100010101110010101
10111101010001101101010100001011
10111100010111001111010111111010
10111101011100100110001100100001
10111101001001101000110000010010
10111101010100101011011000100110
00111001010101100111000100101000
10111011111010001110100111110101
00111100001000100110101011110011
10111101010111001110111010011101
10111100101110011100101101101000
10111101010000010011011101011001
00111101100000011000000011100100
00111101000010000000001000001110
00111001000101011001101001010001
10111100111101001011000110010001
00111011111101110001111100100001
00111100110000101011111100010100
10111101000001001100111010010110
10111100110100100111110100001011
10111011111000111000010001111101
10111011101001110011000000011010
10111101011110011000010000111110
10111101101110010110011001101110
00111100101101110100100101011010
10111101101110100010101101111101
10111100100111011100111011101110
10111101010101111110011001111011
10111011111010111111000101010001
10111101100000100100000000011000
00111100101100111100101100010011
00111100110110001111111110010111
00111011100001010010010011101000
00111101001001100100101100001010
10111101110000001111100111100001
00111101011010100000110010001000
10111101011100011011000010100111
10111011111000011110110100011010
10111100111001001111100110011110
10111100101110001010000001111110
10111011001111010101000000000000
00111101000100000111110011100111
00111100101010010101011101111110
10111101011111110101011111111110
00111101000010011000011101000010
00111100010100001101100010011001
10111100001110101100111000010101
10111100011101101011101111111111
10111001110010000010000110110001
10111100010000100011111111111110
10111101100000100001101010000010
10111100010110100110111110100110
00111100011110100110001001010010
00111101100000000101011110100001
00111100111000001101010000000101
10111100110000000010100001010110
00111100001000000111101010000100
10111100111110101000010000101011
00111100110111101100110100110100
10111011010011110011111111011011
00111101100111011001011001011100
00111101000011010011100100010110
10111100111101011011110100011101
00111101011010001001110101100000
00111100111011011010100011101110
10111101000011001110100010010010
00111100011101000010010110011110
00111101000011100110100111101110
10111101010010010110011101101001
00111100001110000010001110110011
10111100111110011111011100000011
00111100101110100000010110010000
00111100110000111000001101000100
10111011101011111010100101100010
00111101000000001101111010111111
10111101000000101001100001111110
00111101001000110100011011111000
10111101000110001101001110111010
00111100010001110111010011110000
10111100101110010010010010101011
10111100100111010000100111110101
00111100110001100101000101011000
10111101000001110011111111011000
10111101001110110110101100101011
10111100001101010110100101011111
10111100101000011010010001110010
10111101011101001000000000000111
10111101010110010101100101011100
00111011100010011101000010111011
10111011110001001001111010110100
10111101001010111101001001101101
10111011011010101010000110001110
10111100110100101000001001110000
10111100100110000100101111000010
10111101010001110111111111111100
10111101010101111110001101110101
10111100110010000010001101111101
10111100110111111110000110000001
10111100110101000111111110000001
10111100101100110101011001111111
10111100110110110110001011010110
10111100011101011111010010000100
00111100010010010110001111110100
00111100110111101101000111110011
00111100100000011011001000100010
00111011110000101110100010100101
00111101001010000101001100100001
00111100110001100101101101010110
00111100011111000100010111011100
10111100111010111010011110000001
00111100011101000100101001011010
00111101011001001011101110110100
00111101001100100011000001111110
10111101010011010000101000101100
00111101001011100100010011111101
10111101011110110100011001110001
10111101101110100111011010111000
10111100100111001000011100010111
10111101001101011111110001010101
10111101101111100011000100000110
10111101011011111101111110010100
10111101100000100011010111001000
00111101001111001100001010010110
00111100000001111010110100011011
00111100111110010100000101000001
10111011110100100011011010111010
00111101000101101010000000010000
10111100001001001111010001010110
00111101000000001111010011110010
10111101000011011101001011111111
10111101000110010100011101011101
10111011110100011100111100011001
00111100100101110011100100100100
00111100110110111011101110111100
10111101000100000011110110010010
00111100100101000101100011000101
00111101000011001110101010010101
10111101010011100000111110001111
00111100111100010110000010000101
00111101011101111101001111101100
00111011010001001101001001011001
00111100111111110110101010010010
00111100100010000001111001011101
00111100100000001100001101011000
10111101100111111100011111100001
00111101001001011111101101010110
10111101000010111010010000000110
10111100100110000001010010100000
10111100111011011001110101001111
00111100100111011110110010010100
10111100001000010111010010110000
10111100100111011110111000001000
10111100101001110110000100101101
10111101010111110111001010110100
00111101000111010100011001101010
00111011101101111011110010110010
00111011111000011010011011000111
00111011010110001110010000100001
00111101010110111000101110000001
10111101010111101010000010111000
00111101101010000010001000001100
10111101100000110110100111001100
10111101000001010100001001100100
10111100111100111011010001111101
10111101100000101100111001001001
10111101011011011001010100001111
10111100110100111110101000100001
10111101001000101101011111111100
00111101001000101101110001111011
10111101011100000011101010011100
10111100100010001011010011000111
10111011011000110001110111100011
10111100100100111101011100000100
00111101010000001111010110010011
00111100101001001001011010100000
00111101000110110000111100010011
10111101000000011010110110001010
00111101000010100001011001010000
10111100000000111111110100100011
10111100110011111110110110000011
10111100010100000001000110100110
10111101100011101000111101101000
10111100110111011011011001110110
10111100001110001101001110011111
10111100000101001101001010100010
10111100100111000001011011010010
10111010100100000111111001110000
10111101000110101011101111001110
00111101001010011111010110001111
00111100111000111111101110101100
10111100101001001010000101000111
00111101000111110101000101111111
10111100010100001100100000000010
10111100111101101100001011000011
10111101010111010000011011101100
10111101010001000010010111010110
10111101000010101010110110010101
00111101011001111110101011110110
00111100110111110111100001100011
10111101001011110001110010001000
00111100101110111100010110110100
00111100101110101000010100010000
10111100001100010110001110101101
10111100100010011111110101001110
00111100101001000010001110101110
00111011010101001010100111001101
00111100100000001010011000111100
10111101000110010110110000001011
10111100001111001001011111101001
10111101001101110000111010011101
10111100110110101000111101001000
10111101000010111000101101010001
00111101000100110101000110000011
00111100011011110111011111111101
00111100001010001100000010101110
10111101000000110101101011101010
00111100110011100011111011010011
10111100110001010101100110010010
10111101001010000110000110000001
10111101001011111010100001010101
00111100010001011011110011100111
00111100100001011111011001001010
10111101000110001000010101110110
10111101101011010101001011110001
00111100111000100001010110100000
00111101100100100100100011110001
00111100111111110111111110010001
10111100111110000010101111111111
10111101001100100001001011011101
00111101000100000110010001111010
10111101000111001001001010010000
00111101000100000010110011111001
10111100110001011110111011101011
00111100110000100000010110101110
00111101000100010100010100110110
10111101101000111101010100110001
10111101011001011001011000100101
10111011000101101010000110000001
00111100011101111011101101111100
00111100000111010110111000010001
00111101011000011000011010000011
00111101000111011101011010110110
10111101001010111110000101100001
00111101010110110010000001110001
00111101000000100000110010010010
10111101000101011100011100101110
00111101001011000100111111111000
10111011000001110011000000100001
10111100101110010000010010111111
00111101000000000010111001101110
00111101000100011010001000110111
10111011100001111001110010001010
10111100011111000011000111011010
00111011111011010010110110111001
10111100000000111100010111101011
00111011100010110100000010010101
10111100110001010110111101001110
10111100101111010001001010100010
10111010100011100001101111101101
10111100110111000101110101011000
00111011011110110011100111011110
10111101000111000101111001011011
10111100100110000011011010101010
10111100101110110011101101001010
00111100110010100111001111001101
10111101010101111111111111010011
00111101000000110110100111010010
10111100000000110111010001111001
00111100100011011110010110101111
00111101000000001010100100000010
10111100110011000000111011101000
10111100001100010111000110110000
10111101001010000010000101100101
00111100101110010010101100011000
10111100111111110010011111100010
00111100010100100101111111011110
10111100010111110001010010011011
00111101011100010011001101011010
10111100001100110111011001010010
00111100001101000111010101110101
10111010101000010000110110001100
00111100010011101010000111001111
10111100111101000111010001001110
00111101001110111110100001011101
10111100100110110111101001010001
00111100000001010001111101111010
10111100100100000010000001010111
00111011001011110000100100011011
10111101011110000110010101110101
00111101010000111100110110001000
00111100100111011011101101011011
00111100100001100110001110001101
00111100111101010111010001000001
00111100001100111011111000100101
00111100100011000000111111010010
10111101001011001001111001001100
00111101001111001111001111110001
10111100101000010110111100010011
00111011101011010001000110100100
10111101001110111110111100001011
10111101011010011111111110110111
00111100010100111100001110000000
00111101010101101001010100101110
10111100100100100101111010110011
10111101011011100001111011100111
00111100000011001101100011011110
00111100110010000011011101110111
10111101000111001110010011010010
00111101001011011111000111001000
00111100101100100011010000010110
10111011111100111101111001111010
00111100000110011110111001000110
00111100100001010000101000001010
10111101001000110010010001011101
10111100100001010011011110011001
00111101010000111001110110010010
10111101011000010001110010010100
10111101011011101101001101111011
10111101000010000111000001010111
10111100010100100110100000100000
00111010110011101110000000010001
10111101000100101111011011000100
10111100000110101010010100000100
00111011010011010111001011100110
00111100111101101001011101010010
10111100101010101010011110011100
00111100111110001010101111000000
10111100101111001000110000001110
10111100011001000000110000000000
10111011111000100010100011111000
10111100010010101001101110011111
10111011111001001111111000101111
00111011101100011100011100100011
00111100010001110000101101001111
10111100101000010100010011111010
00111100011101100011100010001101
10111101000110011110111011110000
10111011000111100101111001000101
00111011000010011011010101111010
10111100111001001011111000010100
10111100100001110101010000011101
10111011100010010111010010100010
00111100100001111010101010100110
00111010100111000111010101000110
10111100011100000011010101010010
00111100010001010110110100011011
10111101100000100001010000110010
10111100110010100100100100101111
10111100100111100001110111101100
00111011101000110110101011110101
10111100001001011000110101110101
00111100110000001000101000000100
00111011111011110100110101001101
00111101001110110101110110101101
10111101011000101011001111010100
00111100101110101001001000000101
00111011100011010000101001011011
00111100011101101101110010011101
10111101001011110100111101100101
10111100100111100110001011100100
00111010110111000111001100011010
10111100110101011111010011100100
10111010001110010110100100110100
10111101010001111011100111100110
10111100001101100100110010100110
10111100000100010000110100100101
10111100100000000101000001010001
10111101101100110100010011000110
10111100000000101000110100100001
10111100001001111101010111001111
10111101001010101100101011110110
10111100001010011101100111110010
00111100010101001100110010010110
10111101001110100010101010100010
10111101000011001011010110001001
00111101000001111101000000011100
10111101000001011001111001000101
10111101001000000011101011101001
00111100101000011000111001001110
00111100000110101100010101111010
00111011101111101011000101010011
00111100010001101011111100010111
00111101001001100001010101101010
10111101000011000111111011011000
00111100100001001111101011011011
00111100000101101110101101111010
10111011110110010111111001101000
00111101011101000011111100000100
10111101000000000011010000001010
10111101011011010100001001011110
10111101000010100111101111000000
00111100010100111000011001010100
10111101101000110001010101111000
10111100111111111101000101100111
10111011001001011001011110111101
10111101001011010101000101011001
00111101001110110111100101100011
10111011111010101011101001100010
10111100000111101011100010101110
10111011111000111011010111010100
10111101011100111111010100010110
10111101001001101100000001100100
00111101001110011100011100110111
10111011101000110001010110010110
10111100001011000010010110000100
10111101000100111001111010101001
10111100110001010000100110110111
10111100011110101100110010100010
10111100111111101101110101100000
00111101001001000000001001000011
00111011010100110100100111101010
10111100001100101101011101010100
10111011011010001000011010000111
00111010001101100011000110101111
10111101001000010001011100101110
10111011000110110101101000110111
00111001001100100001010111001111
10111101011110100000000000101001
10111101011000100101110111000100
00111101001010011011101011101011
10111100111100110111111100011111
10111010010010010100010000110110
10111101100010101011010101011100
10111101100001110100110110010010
00111100001001100000110010110000
00111100100001110010110101011101
10111011101100001110111010111011
10111100000000101001110010010010
10111100011111001101010000011001
10111101010101100010101110111101
10111100010000100000000011001110
00111101101000101110101101100101
00111100101110010100000010110001
00111101000101011111010011111100
10111101010110010100100011001000
00111100001101011000011000100100
10111100110101010111010001101111
00111100000010011100000111111011
00111100111100000010100101011111
10111100100101110011001101111010
10111100101110110000110111100010
00111100110001011100010100001000
00111100100000111110101000011010
10111101100011001111001001011100
00111011011001000011111111101001
10111101010110110001111101101001
10111101001100010001010000011010
10111101000101100101011111111110
10111110000001011001010111101101
00111101001100100010000010000100
10111100111100111111001010110101
10111100100011010111101011100001
10111100110000110110001110001010
10111100101111111100011010101010
10111100110100100011110000110010
10111100001010001100010010100001
10111101010100101110010010110101
00111101000011011010010101111000
00111100101001110010110111011100
00111011001101111010000101000010
10111100111010001001100111110001
10111101001000111010010010000011
00111011101101110010001111101101
10111100101111011011111110001101
10111100100010111110111010001001
00111101000000011001010000011010
10111100011111100010010011001000
10111101001011100101011001011100
00111011100100000010001101010100
00111100111101110110011001101000
10111011110000011010000100000111
10111100100010111001111011110110
10111100101101110101111010101110
00111101000101011010010101011111
10111011101001110001111000010010
00111100100000000000100110100100
00111101000111001110110100001000
10111101010001101111111011000111
00111011100011000101000001101011
00111100010000010111110010100111
00111100000010100110001111011111
00111101000001111100010101100111
00111011011000001101000011001001
00111011100000000101100011111000
10111100110000100011100001111000
10111100111001100001010110110000
10111100111100011010010001011001
10111101000001110011110000111000
10111011100011011001000010100110
10111011111000011101000010100000
10111100110001000110000100010110
10111100010010111000011111101100
00111101010101101111110001100000
10111011111101010111011010111001
10111101000000111001011010100110
10111101011110000111000000000001
10111100110110100111100000001010
10111101000110001111011000110111
00111100001111101011100100100101
10111101001111101010010111000010
00111100101010110110011010111011
10111101101100000011111000011001
10111101000110000101011100010010
10111100111000010001100100101101
10111100100001001001111110111011
00111011110100000100000111101111
10111100000000000001010110101000
10111101011011100101100011111111
10111101100001110011111011101001
10111010100111011100010010110001
10111100110011100111011010000110
10111100101000001100101101010111
00111101000011000101011000101010
10111011100100100110111001110010
00111101010000001111010101000011
10111101100011111001100000000010
10111101011010110001001010010011
00111011101110011001011001101111
00111100111011110011111010100000
10111100001001111010010101110101
00111011000100101000010100100001
10111100100111001100110001100110
10111101010101111011110010010111
10111100000101110101100101111010
10111011111100010111011110011001
00111101010000010110000111101110
00111100111101111010010011001000
00111011000101010001100101001111
00111101100000110001111110001101
