10111101100001111111111101100011
00111100100101011001001110110000
10111100111000100000001101001101
10111101100011101011010111111000
10111101100010101011110111001111
10111100010011100001111101010011
00111100100011011111011100011100
10111100101111001111011010110000
00111001101110111101010101010011
00111100011011101000011110010010
00111101101110011110001011110101
10111100000100110100001001000010
10111101101111100110000110000010
10111101100000010100111001110000
10111101101010100100111111100111
00111101000000111111111000111011
10111110000110010011011100000100
10111101101000101101010100110101
00111101001001110010001011101111
00111100110000010010111101000111
10111100000001011101011011000000
00111100001101111101100101111010
00111100110111101011110000100111
10111101010111111001010011111000
10111100000010011001010000001011
10111101101011011101010100101010
10111100011101011101101101010101
00111011110100111110100010100010
10111100110110111011010011101000
10111101010000011111011101011001
00111100100001011101101010011100
00111100001010000111010101111011
10111100101001110001000100010100
00111101100001001111000100001110
00111100110001110111001100000100
00111100001100111110001001110000
10111101000101100101101001000001
00111100000111011001011110100101
10111101000111101010010100010011
00111101100000101100110101110101
10111011010001011111011011100000
00111011100100100000100101000110
00111100110101000010110101011011
00111100010010000001000000001101
10111101000100001010000100100110
10111101000001000101010000111110
10111101011100111110011100011010
10111101000000000010100110001111
00111101001011011001001001001110
00111101001011010110010011011001
10111011111100110011000010110010
10111100110101001010000100110010
10111100111111010011011110000101
10111100100101110001111111111110
00111100000011010101101001111001
00111101101010110110100110110001
10111110001111100110011100100111
10111101100011110110100111111111
10111101010110100101110010110110
10111100001011010011000110001011
00111101011011001110011101001001
10111101010001100100111101110011
00111011011000001100000000010110
00111011001101001001001010000111
00111101010011100011011001111100
00111011100110111011001100000010
10111101011010110001000000100011
00110111001011010000001010010011
10111100010110110001101111000100
10111110000010101011000110011001
10111101001011000011000101001000
00111011001001111000011111111011
10111101001110101011100111101011
10111101100011001000001001001001
00111011110000000011111001111010
10111110001101110110011011000100
00111100000101001001110001111110
10111101100000010010001111101100
10111101010101111110101101110101
10111100001111110100000100100000
00111101101000101101001000011100
00111011110100001000110011110100
00111101000101001010011111101011
10111101101000101111001010001110
10111101000010110100111110000001
00111011101011111000110001101010
00111011001101011011011110010000
10111101110000100010111010110010
10111101101100001100000011111110
10111101111100011101101101011010
00111101010001110001011011100010
10111101011110011001011111011001
00111100100010000011011100010110
10111100110010100100111100010111
00111100000001110100111100000011
00111011100010000000010010100010
10111101001101110011001011100000
10111011001010100001110111000110
00111101000001000111010010011110
10111101110011100010001101011001
10111101110001000000111111001101
10111001010111011111111011010111
10111100010101100100010100110110
00111101110110000100100101101010
10111101001011000001001001110100
10111101100000001110010001100010
00111101100001100010010010010001
10111101011010011000101001111100
10111100101111100101101000001010
10111101001010010111111000000111
10111101110010111110010000011010
10111011111011010110000011111000
10111010101010110101011101101010
00111101010001000110111111100010
10111101001011110110010110100011
00111101000010111011110110010001
10111100101000111010110110101100
10111101011111100100011001011000
00111100010001101010110101110100
00111010100011101100011100100010
10111101100101001000011001001001
10111101000010111011001001110011
10111101001001110000001111101001
10111100100000011011000110110001
10111101001010001010100011011110
10111101101110110010000000100010
10111101001011110010111011101100
10111101000101110011011100000000
00111101000100001011011111100101
10111011001100110110111010010110
00111100110011001010100110101110
10111011100000010110101010010110
00111100001111100010110111001010
00111100111011011110010010101010
10111101010101001101110100000010
10111101001000011100011110100010
00111011001101001110101000101001
10111011100011001101010000110000
10111011111010100111110100110001
00111100010010110111101011010011
10111100001111100101010001100100
10111100111010010011111000101100
10111100111010100111111000110010
00111011100110101111111010010110
10111100100110001100001100111011
10111100001110101100110000011011
10111101100011110001111010011000
00111011100100110010000011001111
10111101010110101000001010011100
00111100100101001000110111001101
10111101110010110001101111011000
10111010100100100000101111100010
00111011001110000001101000000011
10111101001011101110101111010001
10111101001011100010110011000101
10111100110011111000000100110001
00111100110101110010111010110110
10111100100100110010110011110111
10111100001100101011011010110000
10111100100101111111010100010100
10111101000010101000010110000010
00111100110100100101001110101011
00111100001011101111001101000010
00111100010110100010100101000100
10111100110101100110100111011101
00111100001100110110101101011000
10111101101011100000011111101101
10111101101100101010011111100001
10111101100000110101101100101100
10111100101100111000110000000101
10111101010101011110100101001111
00111101000011000101111011000001
10111100100110001101011010000000
00111100100010111011100101111100
10111100110000001001101001001010
10111100011001010100000001000100
10111100100011110011011101001010
10111011111001100010011000011110
10111100000000101111101010000000
10110111010111010001011100001100
10111100110111001011001101001010
00111011010001111111011100011111
10111101000011100100000001000101
10111100011011010100100011001010
10111101000110100010110001011101
10111101000000110111011100110010
10111011000100100101000110011010
10111100001000011001010000010100
00111011101110111100100110101111
00111101001001010011111110100011
00111010101000111110011101001101
10111011100001101011011100100011
00111100000101000011011111111000
00111100111011011110010010011110
10111011101010111111010011100101
10111101000001000101100000001010
10111101001000000110000010110100
10111101011001110101010100010110
10111101100101111001011110111011
00111100110110011010101000110101
00111100110100111011111111101000
00111101010000101100110010010001
00111100100001010010000111011110
10111101111001101010110110000011
10111101100001000100010101000110
10111101101011011011111011100011
10111110001000101110100011010100
10111011101111001010100101011010
10111101100100011111000010001000
00111101010101101010111100101001
10111100111111101100010100000010
00111100100010010100100111011111
10111101001100011110000101001000
10111101001000010110101110001101
10111101000001011111101001101101
00111101001011110111001010001110
00111100011110100110000001100001
10111100101110010101100101001010
00111101011011101100001110111111
10111100000000110010100001110000
10111101011000110001010111111101
10111100010010100000000101001100
10111101001101011000101011010000
10111100110011010100110011101111
10111101101010110100010100010101
00111100101110011011010100110011
10111100111100100111100101011110
10111100000001001100000001110010
00111100101111001001000000110011
00111100110110011100000000100001
00111101010010100001011111000000
00111100101000101100001111101000
10111101000001110001110100010111
10111101001000100101101101000100
10111101100001100101001101010111
10111101110110110011001110010111
00111100111111110100011110000000
00111011101010111111100110101001
10111101100100000010000001010001
00111100011011000010110111111000
10111101001011010111011010010010
10111101101011101101001111011111
10111101011101100000011000110100
00111100011001110010001110110110
00111101010011111001000011010110
10111101100101010111011100110111
10111011110110011011011111110110
10111101000111101011110100000101
00111101001011001011110110100011
00111101001001100110000010101001
10111100101011101110000100101010
00111100000011110110001001001111
00111100010111011011000110110011
00111101001010011011010111001010
10111011110100000010011000110001
10111100101101100110001111011100
10111100000111010001010100101010
00111100000111100100000011100101
10111100101111111001011010000101
10111101100010000101001000110001
10111100110111111111010101111111
00111011101001000100100011111000
10111101010010101001111110100010
00111101100010001000100110001110
00111011101001111101110111101111
10111101001011010000010111000101
00111100001010101000011011100011
00111100001100110100111000001111
00111100100111011111001010000010
10111100111011000011110110010011
00111101000100110001001011010110
00111100111011101011110111100100
10111100101101011100001111011001
00111011111110111101101001000111
00111100100111001111101001100101
10111100101011101101100101010000
10111100001001100110010010110100
00111100010011111011110100101100
10111101100011101101000001011000
10111100101001011110110010011100
00111101000110011001101111001011
00111100001001100011011101001010
00111011010010011101000101010110
10111011101110010000001010100110
10111100110010100100000101011111
10111101100011000110110001110111
10111100101010111111001010110111
10111100111011111010010001010111
00111011101000011011101010110100
00111101010011010010000000110111
00111101000010010101010001110001
00111100000001010010011100100111
10111100111101111001101010001010
00111100101110010000101111010101
10111101000101000101001111101100
10111011010000111001011000101011
00111101011011100011010000011101
00111011100111011100000101001000
10111101011110000000111101110001
00111011100101011100000100011100
10111100011110101110101010101011
10111100011001010101011110010110
10111010111101101000011011101001
10111011101000111110100011011011
00111100001110011000010001010001
10111001111111111000010111100111
00111100100001001101000010100010
10111101001011000001001111100000
00111101100001100110111111000011
10111101000001101001101111011001
00111100100001001100100100000101
10111101011111010001110110110110
10111100111111010110101001110011
00111101001011101011101010100111
00111101001011100010101000011110
10111000100000110011000011010010
00111011100011110011111010110100
10111100111000000101101010000001
00111100101101001101010010011101
00111100111010000010111011010110
10111101100010011001000100100001
00111101011001111010000011010111
10111101000100100011110011001110
10111101010011111101011011000010
10111100100001111000011000011011
10111010100011111101101000100110
10111101000101001100010011111011
10111101000110101101101001100100
00111100000111010100001011001100
00111101000001110110011001110100
10111100101101100000100110100100
00111100111101001001111010000001
10111100010001001110100110101101
00111101000110111100010110110111
10111101000001001001000011110100
00111100000000000000001001010111
10111101001000110000010100010110
10111100010010111101001011100010
00111101000110101001010111110100
00111100101110001001001010011000
00111100000000000011101001000001
00111101001011000000110101110101
10111101001100100010111100001011
10110111101111101011101100000010
00111100000100100011110101110011
00111101001010001011010100100110
00111100101110011100110100101111
00111011000101000110010111110001
00111100110010000101011001011011
00111101010000100011011101001001
10111101010011101011010001001000
10111101100010011100011011110100
10111110000001000011111110000010
00111101000111000010000001110001
10111100010111000111110001111011
00111101000000011100100110100110
00111100110011111010101100101100
10111101001010011011010001111111
10111101001111010001101100101011
00111100011111011110100101011010
10111100010101110011000110000110
00111101000110011101110000101000
00111100011000111011011001001011
10111101001011110101001011111001
00111101101001110100101000111000
10111100100101101001110111010011
10111101101011001001111111011011
10111100110010011101101111100010
10111101101110000100100001100001
00111100110011010110011000100001
00111101001101001000110111010101
10111101010101101101111100001010
10111100010010011111001000111011
10111100100001111100101101110101
10111101001101010100011010101101
10111101010110101000111111010100
00111100111011000001000111111110
00111101010101100110001100110011
10111101000000010000010101010001
00111101100001011110001010010001
10111100100011100001101001110101
10111101100010010011001111011000
00111101011000100101100010101100
10111100001100111100010111101101
10111101110000001001001100100001
10111101001101100101010011111011
10111101000010011110111010111010
10111100101101000100001010100010
00111011000001101010100010001110
00111100100000101110000010010111
00111100111011100000111111000011
10111101011100010000110010010101
10111100100010101000111010101110
10111100111110001110010111111110
10111100100111100010101000101001
10111101010100100110010110111111
10111101010101001001000011101010
10111101100000110111100000010101
10111100101110000100011000100010
00111100110110010111001101111010
10111101001111101100110100011101
10111101101000100110000011011011
10111101000110001011101001010111
10111000101011001111100100000101
10111100110001110111010101001100
00111101000100001001110011110111
10111101101000110011010110010100
00111100111110101110110101000100
00111011110010011100100111010001
10111101011110011001011001110101
00111100111000101001110011100101
00111011001101101100001110101110
10111100100111000100111011110101
00111000101001101001010101011100
10111011111001001100110111001101
10111101001001111111100011010011
00111010001101110111101010100101
10111100000010010111010111011110
10111101010011000011110110001101
00111100110010011111100010001101
10111011011000111101110001001001
00111100101100110001110001000001
10111101111100100011101000011100
10111100000110101100100001110101
10111101011001100100110100001011
10111101010000100111101010001000
10111101010011110100001101010101
10111101001001101010010010111101
10111011111010101010111111110000
10111011100100001010100110110001
00111011010110110001101101110101
00111101011110111110100101011100
10111110001011111111000101011100
00111011110010001110010010111001
00111100111110010000110011001011
00111101011001100100001100010011
00111100111001111111001110110110
10111100110011111101100001000011
10111101001000110000101100010111
10111100011100010000101101111101
10111011101111101010000000100111
00111100111001001100000000010100
00111011111011111011011110001101
00111010101001001100000010010000
10111100010010011000111010100000
10111100011011001000111001100111
10111100111011010010110001001110
00111100100001110100010000011011
00111100100101101000011001001000
10111100100110001000101011100111
00111101000010000110100001010010
00111011100000100010101110010100
00111011101110001100100110100111
00111100000110101111011011000101
00111101000000100110110000100001
00111101000100100001110011000011
10111101010010100011110101001011
00111101001001111111001010010101
10111011110010101011101110001111
00111100110101101011010000111101
00111100000011000001100110010110
10111100111000100110101111111100
00111101000100111101110000110001
10111100111011111001001011101010
00111101010100000011000000010001
10111011001101100001100010110101
00111101000101110100011010100001
00111101000011100101001100001101
00111100000110000000110100111110
10111100011100111010101100010101
10111100011110111111010110000111
10111100111010100011110000100000
10111100110111111100011011100000
00111100011101001011010001110111
00111101001100000011010110110110
10111011100000101000101110111111
10111100110100110011001100010100
00111100010010111110011110110001
00111100110101000001000101001101
10111101000110101000111000101101
10111100010011100001110110101000
10111101001011110111101101000111
10111100100000001001011100111111
00111100011110010111000001101011
00111100011010101100111010001111
00111011110100111011001000001010
10111101110000101100101111001011
10111101110000010010001111110110
00111101011010000110010101011101
10111100101000100100001010110101
00111100111111110111000101000011
00111011101001011011111001100110
10111101111011111000111101111001
10111101101001100010101000110001
10111101010010011101111100001101
10111101001110000001100101100100
10111101011011100101000001000101
10111100000110000110100111111111
10111100110001001001101101011000
10111101001000001001111100011001
10111101110100111000010111101101
00111011101111011011010001000110
00111101001001111111100101101111
10111100100010001000101111100100
00111100000100011110010101010010
00111011111111010000010100011001
10111101100011100111011110100010
00111101011111100101010000110100
10111101011001111101001001000000
00111101011101011010011100100010
10111101100010101101100000110110
10111011100100110010100100011010
00111100001110000110001100000000
10111101100011010011100011011111
10111101001001100110010101001111
00111010000010111100111011001110
10111101111111100010101000001101
10111101101011000010000001101110
10111101100111011011100110111011
10111101101110001001100001101111
10111101000110100001010111111011
00111100110111111110101000000101
00111011110001100001010100000101
00111101000000011011101011101001
10111100111000001000010101101110
00111011100111111110111001010100
10111101011100001100110100110011
10111100100110001011011001100101
10111100100001101010111001110010
10111101010010101001100110111110
00111100110111100010110100101110
10111101001010010000010100111110
00111101001100110010111100100100
10111100111000101000101011110110
00111101000001011111100010001000
00111101000110101101000001010110
00111101001001101000010101101110
10111100000101101111111111001100
10111101000111000000000101100111
00111011010110110010111101101100
00111100100000010001001001001010
00111101000111110100001001101111
10111101000000000011011001001111
10111101000000101000110011010000
00111100100110100011111100111110
10111011111101000000101111101111
10111101010101011110100000010100
10111101000100111010000001100000
10111100000011011100010000110110
00111100011000010010101101101100
10111101010010001100100101100011
10111101001011011100111111010000
00111011010100000011010010011000
10111100111100111000000001110001
10111100001000000001111100001011
10111101100001001001000111100100
00111100111010010011101001110101
00111100111011001001000111001011
00111101011011111000111111101110
10111101100011100101110010001111
00111100110010001010101110010100
00111011111000000010100011100101
10111101100110011011100111011010
00111100100000011010100110001111
10111011101001101110010101111101
00111010001001111011010111101110
10111101100011110001110010110100
10111100100000011110010111011001
10111101001100001000010011101000
10111101010111100100010111101001
10111100101110111001001101001110
10111101001100010011011101111001
00111101011101010110111100100010
10111100110100001001110010101001
10111100010111101101010110000110
10111100110101101101111000100001
10111101010110111010010111111111
00111101010010001100100000100011
10111101101110111000000011011011
10111101100000101001000011000101
00111011101000111011000001000100
00111100011000010110101100001111
10111101111010100111010000011011
10111101000011011101100001000000
00111100011100010111110111010110
10111101010001111011101110111111
10111101100010000000100001111100
10111100000010101001101010101100
00111100011111010000000100000000
10111011000001101000111111001001
00111100101001110011011000011011
10111100101100110000010100101111
10111101001111010101101101100101
10111011111110110101110011100011
00111101011110000001101100100000
10111100001001111110001011001111
10111011010101100101100111010101
10111101011010100001111101000111
10111110000100001011110001110110
10111011111000011011001001001111
10111101100101110101001110110001
10111101000100001001010101110000
10111011110011001111001110101001
00111101100000110100010000001111
10111100100100111001011111001101
10111100100111011111011101001101
00111101100111011101100000011010
00111100011001111100111111100010
00111100011010011001110111001010
10111101101100100000001011010011
10111110000110111001001011110100
10111101111000111110101101101111
10111101111011010101011011011110
10111110001001100011110011000111
00111101011000110011000011100101
10111101101111001011100011001010
00111101101001100000010010001101
00111100101001101101101000101010
10111101001111011110010010010011
00111100110111111000100000010101
10111101010100110011000100110001
10111101100010101000110111010111
10111101010011000001100111100101
10111101000101011000100001010110
00111101000100000010011100000101
10111101001100001100001101110010
10111101000010011110110010011011
10111101100111001000110010101010
10111101000101110000000111111111
10111100010110110000000110100001
00111100000001011010011010101011
00111100111010001111000101001001
00111101010110000101101101000001
10111011111011110111100100011010
10111100101001011000000101000100
10111100100101001111011111110010
10111101000111100010101101101110
00111101000000110110000100001101
10111100101000100110101000100011
00111011000001111100111110101011
10111101001000111001111011010111
00111101010100101100001011100100
10111101001011110101110111001011
10111101011010010000011011001010
10111101011000110100110001010101
10111100110101111101101101001000
00111010111100101010010101101011
10111100011011000001011110000100
10111100000110100001011010110010
10111101011111001110100011010100
10111101100011110100110010111010
10111101010110111110110101010010
00111101000010000100000011011100
00111101011110110100000110110111
10111101010100111111011111110100
10111100110000000010011000011001
10111101011111101101100101111000
00111100111100000000001111001111
00111101001111101000110111100000
10111010010011001011100011000100
10111101000011011010100110101100
10111101010111000101011011100000
10111100001101010010101100110000
10111100110110110100000000011110
00111011000111010011110000110010
10111101011100110001001011100110
00111101000101111001101101010000
10111011100101101100101110100100
00111011001011001110011110110001
00111100101110000010001101101101
10111100000101000000100010010111
10111011101100000000110100011111
10111100001100001110101000110111
00111100110011001101101001001111
00111100011100101010100011100111
10111100100101011010000000100010
10111100100111100111011111010101
00111101000000000101100111000000
00111011101110111001111100101011
00111100001111100001100000000010
00111100110001010101111000011010
00111100100000011100101011010101
10111101000101100101010111100101
10111100110110110111011110101111
10111101100110101100110111011110
00111101101001111000010100101001
00111101101110011001111100000010
10111100111100100111000100011101
00111101101100000001101101001001
10111100010010000000101101010001
00111100100010010101100001000100
00111011100001111110001111011000
10111101100010110101101011000010
10111101100010010000101101011010
10111101101100111100111001010100
00111100010011100111101000111011
10111101100010101101110110011011
10111101000111001110110111101111
00111101000111111000000000100001
00111011000101100101011000110111
10111100101101111110001000011011
10111101001011010101101001111010
00111011101001101010010111110010
10111101100011011101011011001110
10111010100011000001001010011100
10111101010111010100000001101111
00111100111100111101000010000010
10111101001010010100110011111101
00111100110011000110100000011110
10111101011100110001100000010110
10111101100010000111000010100001
00111001010110001101011001001101
00111101001101110100111010011001
00111101010110011010110111100100
10111011111100100000010001010110
10111100001111000010110010001111
00111100001110010101100000110000
00111100000100101011110110101101
10111100111111011101011101001001
10111011011011101010000000100011
10111011000110010101011010010111
10111101110111101110100011000011
10111101010111111100010100001101
00111101000000101000101110000110
00111101001110000110011010000100
00111100111011111011001100011000
10111011100010110011100111001001
10111100100110001011101010111000
10111101001011101001011101110011
00111011100010000110111111111000
10111110000100011100111100110000
10111101010101010001010101111111
10111101100111100101011010111101
00111101001111100001111010111110
00111101010101110111101011111011
10111101010011101011111100001111
00111101101001111010001110100011
10111101110111111100110101111011
00111011001000001111110110110000
10111101010111010000100111100110
00111100101110010010110010011001
00111100001110101011010000110101
10111100110110101000011011111000
00111100101101111010011000101101
10111100100100110010001001101101
10111101001111100010000000101111
10111101001000101100101001100100
00111101001011100001010100110010
10111100001111010100010001111000
10111100100001011110100101001111
10111100111110111000011011011110
10111011010101101001111110110111
10111011110110110001001111011100
00111100000111100001011101111100
10111101001000010110100001000100
10111100101011100110010111111001
10111101000001111110000110101001
10111100101000100001100101010101
00111101010010111001001110100011
00111011100001101111001101110111
10111101000110100101001010011111
10111101100001001100010001000011
10111100011000000001011011110001
10111101010010000101001111111011
10111100111111000100101111101011
00111100100111100101110111100111
10111100101100000011011101110101
10111101011010001001010010110001
00111010000101101110111001011001
10111011100011101010101000101101
00111100100110001011001100000111
00111100001100101100110100110011
10111101100001001110011101000101
10111100000101100101011101010111
00111101010110100101011100011001
00111101001001000100100001010011
00111100110010100100010001011100
10111101000001100101110101000110
10111100100111011001110100101100
10111101000110010100110000001000
00111011110101000000001110111011
10111101000010011110100001001101
00111100101000101110010100011101
10111101111011000011110111010101
10111101100001001011011111101001
00111100101101001011111110101011
10111100111011001111111010100000
00111101000110100100111111100011
10111100110001010001100100100000
10111101001000110001010101100001
00111100010110000110111100001001
10111101000000010010111100110010
10111011010011111010111011100010
10111100101011111111111011001111
10111101100000000010111111010001
10111011111010011101100011001010
10111101010001010000100111011101
10111101100000000001001000110011
00111100101010000111001110010010
10111011111111011101110101011011
00111010111100111010100010010110
10111100110000110100110111100001
00111101000001011011001111010001
00111100110111100000010100011011
00111101011001000110110111111100
10111011000011000101001100011111
10111101100100100101101111001001
00111101000010001111101101110101
00111101001011010111000011001010
00111101001100110010111110001100
10111101010101010001001001110100
10111100000110001101000000110011
00111100111100100110000011010000
10111100100001100001001100010100
00111100101100101100011011010101
10111101011101101101101111111010
10111101101111101001011110101000
10111100101011011100000100101111
00111100111010001001100100000011
00111100001111110111110011100000
00111101001001000100101011111101
10111100101010010100111010010111
10111100001110101100110111110100
10111101001000011011010001010011
10111100111011111101100000011010
10111011111000000000000101010000
00111100011001010110000110101111
00111100101111100010000011111101
10111100100110101010001101001100
00111101110100000110101010101111
10111101100011101110000101010111
10111100111001100111000111000110
10111100101101100001101100100001
10111101001001101101000110000001
10111100100010010100100100010010
00111101000101101011111101001100
00111101010111011000101010100011
10111100101010100110100101111110
10111011111010111110111101000000
00111100010011110011010111010110
00111101000001000010000001110110
00111100111111110101100000100011
00111100011110011100111000110101
00111100110000101100101111110100
10111100001110110111000110110111
10111100101000000110110100111010
10111101001101110111101101101111
00111101110111001110100101101000
10111100110000001111100110110010
10111011110100111010010000001001
00111011001000111101100010010001
10111100100110111110101110010001
10111101000011010001011001010110
10111100100100010000110000011100
00111101000101010101011110011111
00111101000011111110011110110110
10111101010111010101110101110110
10111101000100010011001010111010
10111101100010101111001001101110
10111100111000010000111000001010
00111101011000011010110010000000
10111100100011101001101110011111
00111010101100000101011110000010
10111101001001101101101010010100
10111100000111101100110110000011
10111101011011111111110010010111
10111100000010101000110000011111
00111101011000011111000011111000
10111100111011100111111111111011
10111011010110001110001001110001
00111100101111111100101000001101
10111100000101000011100000001010
10111100100001101111011100111111
00111101010101000000100100010110
10111100001010010110000110001001
10111101011101110001000101101101
00111101010011000101110101111111
10111100011111000010010010011000
10111011100001010111101101000001
00111011000110101111000111101011
00111011100111111111001001101011
10111101100011110001111010000010
10111101100001010101111110101101
00111110000000110000011000000010
10111011110101001001010000110010
00111100110011000100100100110010
10111101101000100000010100000111
10111010111000100001001000001001
00111100110110001011000111100111
00111011111011000010011101110111
00111101000010001101101110000101
10111101100000010111001010100110
00111100110100000111110101010010
10111100101110011111001011000011
00111100111001000111101111110011
10111101000011100100000000100101
00111100101000100001010000000001
10111101000101000100101001010010
10111100100111110100001100001101
10111101011111001110101111001100
10111100100000010111000000101001
10111100100011100001110000010000
10111101000010110011010111000110
00111101000100010100111011110101
00111100001011111111101001011110
00111101001011111101000011111111
00111101010100111110011111001110
10111101000000000111111000110011
00111100101110010011011010110101
00111101011111001110101010110000
10111101001101001100100010111000
10111101001000101101001000010001
00111100001010110111100001100001
10111101100010111010010101010000
10111100110110011110110010011010
00111011100011011100111111001110
10111100100001011101111100001111
00111011101000001001011010001010
00111010010001000100010110101001
00111101000000100110010101110100
10111101000101011000000111100101
10111100100000011111101010010010
00111100100010011010011101100010
00111011110110010000001010110101
00111011111100000100110101000001
10111101010111000100000001100101
00111100001000000011011101000001
10111010111101001101010010000011
00111101100101111010101011101110
00111101000101001110001111101111
10111110001000000001001111100111
00111100110110101100010101001001
10111101011010000010110011000111
10111101010011111000100100011000
10111100101000100010111110011101
10111100110101111100001101001001
00111101000001011101100010000000
10111100010010001001111010111111
00111100000000001010000011100000
10111101000100110110010010001110
10111101000001000110001101100110
00111101000010010111000000001111
10111100100001111111010000010010
10111100111110001010001100011111
10111100111000011100011010111100
10111101001100000001100011110000
10111100111110111000101000001010
00111101001010001111001010001111
10111101001001110011101001100100
00111101011011010110100010001010
00111010011101110101100011000000
10111101100000001001110011000011
00111101000101010101001010110101
10111101010011101011110111111010
10111100100011100001111010001111
10111011011001111111011010100110
10111100101110010010111011000111
10111100110111111111110000110011
00111101011011100011110001000111
00111100110110011110110011000010
10111100000011010001000110000100
00111101010111010001000100111011
00111101000000001101000000110101
10111100110111100011000001111100
10111100000010010011101010000111
00111101010001110111010101111110
10111100100011111011000010101100
10111100010000010101111000100111
00111101100011110111111110110010
00111100010110000011110001100110
00111100110000011111100111000101
10111101010101100001111001111111
10111101010001110100100101011011
00111100110101111001010001011000
00111100111110001111100011111110
00111100101101101000111100111100
00111010000110100101011101010101
00111100111110111100100011000101
00111100010110101001011110001111
10111100101001011001110100110101
10111101011000100111110000001000
00111101001101010101110100001101
10111100111001111110110100110001
10111100101101010000110110101001
00111011100110100100110001011101
00111101000000111010101101110101
10111101011110011010010000100111
00111101001010100111101111000101
00111100110011000100001000001010
00111100001100001011001100010110
10111100100111110000001010001001
00111101001010010100001000010010
10111100110101110011101110001010
00111011111000011101011110100110
10111100000101001010010100101011
10111100000011010100111001011111
10111101000100010011100110110101
10111010100010001001000011110010
10111101100011011101110110100000
10111101010100100111010000011011
00111110000001011111100011110100
00111101000010001101010001000001
10111100101100110001011011110010
10111100101111010111100000000111
00111100001101111111101001001111
00111100110000101101111111110011
00111100101001101111110010111111
00111101000001000011000010001010
10111101100101100111000011111000
10111100101110101111101110011100
00111101010000001011000110011001
10111101111101011001100001110000
10111100010100011101000110010101
10111100110100110101000010101000
10111100110101000010001111110011
10111101001100110100100111000100
10111101010001000010000111110001
10111101001110001111011000101100
10111101011110001000111111110010
00111101010011110101010100001001
10111100100100011111111001100101
10111100111000010111001110010001
00111101001010010001110001000110
10111100100010010010111011000110
00111001011011101101001110011110
10111101010110001011101100111001
00111101000011101011101110101100
00111101100001000100010100010111
00111100010100110100101001111101
00111100100111100011100010100100
10111100111001101110011000110101
10111100111010001010101010011100
00111100011011110100010101100100
10111101011111000011011100110010
00111101001101011011111100110010
00111011110100110011000111110010
10111101000001100001011111011001
10111100010001011111101010110001
10111101010100110101110101010101
00111101010001110010001000001110
10111100111100110011010001111001
00111100101010101010100000110101
10111101000001101000100101010100
10111101101011101111100101100110
00111100101111010010110000010100
00111101000100101111001010000000
10111101100001000000010011111110
10111100101110101010111010101011
10111100010001110011110001110001
00111011000001101100100010010001
10111101000101111011101100100010
00111101000101100101000001010110
10111100100100001110101101111000
10111100110010010000111101010111
00111011111011100100111000100100
00111100001001000110110001101100
10111101111110101110110011000000
10111101110001101110111010101100
10111100011100011100010010001011
10111101001100011100111011111101
10111100100011011010011111011001
10111101011000101111110111000110
10111011110001010010011010100111
10111101011010010011111000101110
10111101001000100000101001000010
10111101010110010001011110000000
10111101100000000011100000011110
00111100000110101000010100111110
10111101011100101010100111010011
00111011101011000010001001011111
00111011001010010111111110011101
10111100101111110010010111100011
10111100111101001001001000100011
00111101100100011010110000101011
10111100110110110110100010010110
00111101000100101001110001010000
00111101001010110101101010101010
00111101001101110000110110111110
10111011101010011100100100000110
00111101000111101101000101011101
00111101100001001111010001111010
10111101101111100011010011011110
10111101101000111010101101000011
00111100111011011011011100111010
10111101110100000100011010100101
00111100110111101101101100110111
10111101011110010000101010001110
10111101110000000111011101001011
10111101010011111010100011110001
10111110000001101000001100110011
00111100101011111001100000110000
00111010111101101100000100010001
10111110000101001011001000110110
10111101010010001011100101010011
10111101001010000011111110110011
10111101010001011011100001000001
10111100111101111110111110010001
10111110000011111011001000011001
00111101100000001011100100010001
10111100100111111001111000110110
10111101000110110011010100000101
10111011101111000001100010000010
10111100100000011100110100010011
10111100000010100100000010011100
10111101010001111110100110011101
10111100110111111011101011100011
10111100011100010000101111010100
10111010110101001011010001010000
10111101010101011101001001111111
00111100111010011110101111101011
10111100111011100001000101100111
10111100100110010100001101100110
10111100101110101100010101000011
00111100101100110111100100011011
10111101011110011001100110010010
00111100100111100110010000001101
10111011101100011110110011110110
10111101000100100100110000010000
00111100111110010011010001111001
10111011011001001001101001111100
10111101000000110001011101101110
10111101001101100010010011110011
10111100011100011111100101101011
00111011001110000110000010000100
10111100101010100111001111001110
10111100000110111101111100101101
00111100111110100111111110100101
10111101011000001101001101111101
00111101100000000001111001110110
00111000100100010111111100101101
00111100000010000010001101010100
10111101011100111000101101001010
10111100111100111001010011000110
10111101100100010111101111111101
00111101000011000100101000011011
00111100111111110101010100010000
00111101000000110000100001000100
00111101010000100101101001001010
10111011011001011110011100011000
00111011110101101000011001011100
00111100010000010101111110101111
00111101000000100101100010010001
00111100111101011001000110010100
10111011000000100100111000100110
10111100101101110000101000101001
10111100100010111101100111101001
00111100010000111110011101110011
00111100011100001110110011010010
10111100101100101100010000101000
10111100101100001000000000111101
10111101011010101010101000000110
10111001000011100101110111111100
10111101000001110001111101101010
00111101100011110010000011110100
10111100000011100001010110110100
10111101100011100110110010111110
10111100010110011011010000011100
00111100110010110001011100110101
10111100101010001010111111100101
10111100101001010011101101110111
10111101011101010001011110110011
10111010011011000111110110111001
00111100101001011100100001010000
10111100101000011010001101111100
00111100000010001110101100110101
00111100101100111001101001000010
10111011010011111011100110001000
00111100000101010000000101100101
00111101000111000110111010110011
10111100111011010111011000100011
10111100111000011010101101011011
10111011101011111000001111110000
00111011110100011110001011010010
00111101001010000101000001001010
10111100111001000011010000100110
00111100010110110101001101100001
10111101001010010000011011111001
10111101000011010111100111100111
10111101100100000000111110110011
10111011101111011010110100110010
10111101001111110101100110111101
10111101011010100011100011010010
10111101010001110111101011000110
10111101110001111110110010110110
10111101011000101111100000110111
00111100111101101101011100011111
10111011011001011001000110001010
10111100111000010001010100000011
00111101001001111101001010100011
10111100111111100100000101000100
10111100011010110000000011110001
10111011110100000001110100010011
10111100110100110100010101100001
00111101010011101100011110100111
10111011101011011001101111110100
00111011001101111000011110100010
00111100001110001000110000101011
10111101101011000110111111000111
10111101010101010001000000100001
10111101000110010001100100110101
00111100111101001001010101110010
00111101000110010100011001111110
10111011001001010011010101111011
10111101000100110011101111101100
00111100100001111000101010110101
00111100010100000010010000010011
00111100100010010111100101000100
10111100100001011010100001110111
10111101010111011100100101111010
00111100000000101110000001101110
10111100101001001011000000101101
00111100011101011110110111011011
10111101000110101010010110111011
00111100000011101100111011101010
00111100001110100000011101111001
10111101001010000111101001010110
10111101000101100101011011100101
00111011101110010010110111001101
10111100000111101110010100000111
10111101001010000101101110110111
00111100100011110011010000011110
00111101011001011001111010101010
10111101011110010100010011111100
00111100101000011111001101001001
10111100100001111111110000100011
00111101100110010011110110100000
10111101000101011001111010001000
10111100111000110111111010011010
00111101000111110100001011101100
00111101100011001101111101110110
10111100110001100000001000001101
10111101010010111010010010011101
10111100101101101010110110110000
00111100100100111100011010001101
00111101010000110100110001111000
00111100101100100101101000100011
10111100111001001100010101011101
10111100101010110110110000001010
10111101001110111011110100001011
00111101010110001000110100000111
10111011100101001111000010001011
00111100110010000000011000010000
10111101001010111000011000000110
10111101100001100001111111000100
00111010011100001100101000101101
10111100000111010000011001011001
10111010101000010100001010001111
00111011011110000100000000000101
10111100101100100110100101011110
10111010011111001111001001000010
10111101110000110001000100000011
00111101010001110111011111110110
00111100001011001000010110000110
00111101011111010111110100001101
10111100110111000000011010110101
10111100011101110010001111011111
10111101001010110111011100101010
10111011010011001010111011111001
10111100111011110110001110111100
00111101110101111100110100110011
10111101101001001111111111000000
00111101100011000110100100110011
00111101110000001001111100010011
10111101000011000001101000101000
00111101100110111111001000101100
10111011001100001011011111111000
00111101001100000110001011101011
10111101010011100000100011101100
10111101010001110101011000111101
10111101011011101111000011111111
10111101100000110000001011110001
10111100000100101000010111110010
10111101100000001111110000000000
10111110000001010110001010111101
00111100000111011000001010000100
10111100000110010001001100010011
10111100111110111100100101111010
10111101010110000010110011100101
10111101011000100001101001010111
10111100001011010111001100010101
00111101010010110100110010001010
10111100011110000101000010010110
00111100100101110100000000111111
00111101001010001011011011000000
10111100100100011011101001110101
10111100100000010001011010101011
10111101001110010000010001001000
00111101001101000001110111000101
00111100101101000000101001001011
00111101001011010111011010110111
00111101010100000000010110011110
10111100010111101100111110111001
00111101100010010111100001011111
10111100100111111011001001010111
10111101011001101000101000001100
10111101010001100001001110010011
10111101011000100010011110011110
10111101011011100011100110101110
00111100101000010010100110010011
10111101100111001111000111011100
00111100001001101010010111010100
10111101000110010011111110010110
10111101011101011001101101010000
00111100001011101101001000111101
10111101000011110000110100010100
10111101000010011000110110010110
10111101101010111110100001110011
10111101001110010101101110111100
00111101011101001011011110111111
00111101001100101001100110101101
10111101110000111100101101100110
00111100110100110110001011101111
10111000100111010110100111111100
10111101100011111111000011000100
10111011100100011100000110011010
00111100101110101001111101111000
10111100111100001000101110010111
00111100101001110100000000110110
00111100010001100111111000011011
00111001101001000110011100110111
00111011101100001001011010111110
00111010100111101100111011000010
00111011010000100101110011111001
10111101111110011101111010110100
10111100110101011110101101100000
10111011000010110101101111100100
10111100111100100011110011000101
10111100001000000000010101001001
10111101010010111011010001111101
10111100101100011010101000101111
10111101111111000101111110000111
10111100101000010000100011000010
00111100001011010001110011011101
10111100111010000010101111110100
00111011101010111101001010011001
10111101010100010001010011010001
10111100111011100011010011101010
00111010110111101000110010010111
00111100111011100010001000100001
00111101001000010011000010100101
00111100100101100110000100001010
10111101001111111110010000100000
10111100000011001110010101111011
00111011111111101001000101111111
10111100101000011010111111110000
10111101100011001011011100110000
10111101001001100110001011111111
00111101001110101101100101011100
00111100100110101110011001111001
10111101000101110010001100101111
00111100101010010010000110111001
10111100100000100011011101100001
10111101000110101011100100010100
10111100010101011011101111101101
00111101100110000110111001111111
10111100110110000001100011110000
10111100111111000001000010010100
00111011111101000111000101000101
10111101011111100001110001000110
00111000101100010001101001011100
10111100000110100010010111010010
00111100100111101111011110010100
10111100100101011001101111101101
00111011111100101111101101110100
00111011001111111101011001010111
10111011101001001010010000111110
00111100100001000100010111011101
00111010011110001001101100110110
10111101100001101100001111110001
10111101000010111001011100010010
00111100101010100001011100100111
10111100001101100001011111111001
10111100010100001100100111110001
00111101100011000100101100000100
10111101001100011100100111100001
00111011000111000100001111110110
10111101100000100110111110011110
10111101011010111010011100111011
00111011001001100000010001101111
10111101010001110101011111101100
10111101000000100011010100011110
00111100101100101100111011011110
00111101100010011111010100100100
10111100100010111001101111001110
10111101010110101101000000110100
10111100000011100111001010010100
10111101000101110010100000101111
10111100101010011101000101101000
00111100000001111101101001111110
10111100000111111011111100110010
00111011001000011010011000100011
10111100000111001001000010110000
10111101011111101011110111011001
10111101001011010110010010101001
00111100100000110001101010000000
10111100100100001010100011010100
10111100111001111110000100101110
10111101001011001101010001000110
10111100101011110000100100101100
00111101010010001110111011110010
00111011110111100111010100001111
10111101011011110000001110111010
10111100110010111011111100100001
00111101110010010101110111111011
10111101000000101011110101011100
10111100001001110100010011010101
00111100111010000100011000011110
10111100011110011001110001100110
00111100110011100010100001001000
00111011010011101001100101101011
10111010110101101100100111001101
00111011001110001110110100000010
10111101000110110000101100111000
10111101001110010111010001110000
10111100000100001101101011110010
10111011111100101100000001100010
10111101111000011111111010111110
10111100100100110100011101011010
10111101100001101010100111000101
10111101101110111101000110100001
10111101110000110011100001101011
10111100100100011101000000010011
10111100101001101100001101000111
00111101011000110001010001011000
10111101010101101000100110100000
00111100001000001010011011011111
00111100101011000111111010110010
00111100001111111111010011000110
10111101000010101101101001011010
10111100110001011110011001010100
10111100000011111011111111100001
00111101000111100111011001110000
10111100100100000010001101001000
10111011101110001010000110101101
00111011111100011111100111001101
10111101001100010101100101010000
00111100111101001000001001101001
00111100001001110010100101000110
10111101001110111000111100000101
10111101011010101100000011101001
10111101010000000110101110010110
10111100101010101100010010111110
00111100110110011101010000110111
00111011100000100110011111110100
10111100001110000000010110110110
10111100100001001010101111100110
10111101100100100011110111111110
00111101000101101101111111001001
10111100100111011101111000110110
10111101010000010000001001010011
00111100100000101000010110101010
10111100001001111001100101111001
00111100011001000000111010001011
10111100111000000110000110100001
10111100101011000111101100001000
10111101011011011111101011110010
00111100010110000110101001000100
10111100000010101100010010001100
10111101000011111011000101101001
00111011000100110100000100100110
00111100001000100100000111001000
00111011111010001101111000010101
00111101000011100100100001000011
10111101000101011011110111011000
10111100100011110010011111010110
10111100110010111100000110100001
00111100100111100010001100000011
10111100001100010111100101101011
00111100100100111011101110111111
10111101101011110100011000100010
10111100111100101101000000001110
10111101000101110010010100001000
00111101000000111001010001000011
10111101101001101110111111111101
10111101010010000001110001101000
00111100011101001011111111111101
00111101101101010000100001111010
10111100001000001001011001100101
10111100100000011001110111010101
10111101010101100110011110111001
10111100001000001011011101000011
10111011001011010001111010010010
10111100101011001000011100001101
00111101001000110011000100100110
00111101000010001000001110100000
00111101000011100111100101110101
00111010011011110101100000001001
00111101000000110101110001000011
10111101000010011001001000101000
10111101010110111111100010100000
10111101010011100001001010011010
10111101101001111011110000001100
00111100100011001011111111011000
10111100001011000011111110011101
10111101000000010011010010100001
00111101011100000000001110010101
00111100100001001001111010101001
00111100100101110101100000100111
00111100011101011100011100100011
00111101001011111010101101110011
00111100111000001111001011001001
10111010100100111011100100011110
10111101100011101011011000000110
00111100100110010100000010010100
00111100000101001001100101011011
10111100101000100100001111111100
10111100110001101100000111110101
10111100110100101100101000011011
10111101100101000110011100000000
10111100110001000001000111100000
00111011110100001111001010011111
10111101000000111001100000110000
00111101001101111101100011001000
00111100011011001100100000010100
00111100110000100100010111000111
10111101001001001101110100011010
10111011010111011101101011010110
10111011101110010011000011110001
00111101010111001101001001101011
10111011110011111011001011101101
00111100100100001011101000101111
10111100110001001110011001101101
10111101000010011101000010001100
10111100001000111111110001000110
00111011110111000100110001110111
00111100001000100100111100110010
10111100000100101101111011011101
00111101010100111001110100000100
00111100001000111000100100110001
00111101000110110011010110100010
00111100001000010110100100001110
00111011110000000011100001111001
10111100110110010000111011110101
00111101001111001000011110110110
00111101000011010011000100011000
00111100101000101001100110010110
10111101000000100000110011101010
00111101001010011111001110001110
00111100010100001110000100001101
10111101001110101100110010011000
10111011111111110100000010100110
10111101100000000001111001101110
10111011101000011000101000001010
10111101011111111111111000101111
00111100111010111010000010011111
00111100111110110000001011000101
00111101010011010100010100111010
00111101011001001100110010010100
10111100101100100010011101010111
00111101100011011100000111011000
10111100010111110111010001001110
10111100011101000100111111110111
10111101011110101000100010000010
10111101010100110101101110001111
10111011100101110010000111100011
10111100100100011001010001100011
10111101100011101000111001000111
00111100000100101001110101100000
00111100111101001100011010101100
10111100001011110000100110110100
10111100111000101001100111101110
10111011111011011110011011111010
10111100111001011000000001001011
00111100000100011110000111100100
00111011001001110001110101110011
10111101110100101101101100000000
00111100111110110011011010100001
10111101000100100111001011001000
00111100110000101111101010001011
00111100001110001001100000111101
10111100110100010100100011101000
10111100111111110111100101001000
00111101000000110010010100101101
00111100110101011101110001100001
10111100001101000100101101100001
10111100000100001100010110010101
00111101100110011001101011000100
10111100111101110000000010100111
00111000111010101011010111101111
10111100111000011011100100101000
00111101011001001001111111001001
10111100111110011101011000100000
10111101001010110110011101100100
10111101000101010110011111010011
00111101101110010000101001010010
00111101100110110111010010010011
00111101011110011111000101011100
10111110000000111000100101101010
10111101101010111010111001101011
10111011000110010010100010100100
10111101010111011001010101100110
10111101001110010010000100111001
00111011000100000110011011001011
00111011110111110000000001110010
00111101000000110011011101111010
10111101011001011010010111011001
10111101011001100000101010011110
10111101001100001001010101110000
10111100100011001001001011001010
10111100100101111001001010101001
00111100101101101110100010100101
10111101000001011100001101000001
00111100100111010001011111110011
10111100101110000001100011110110
10111100110001101001111001000111
00111100100000100100110110100111
00111100110110010111001001010010
00111011100010110100010100001010
00111011110000111111010100110101
10111100011010111011110010100111
10111011101111101110110100011000
10111100110110100011101110111001
00111101011111001110111001001101
10111101100110000110101111011110
10111001101101011011010011000011
00111100010010010011010101010001
00111101000011110101101100000111
10111101001110101100000001001010
00111100011111011100001110101000
10111101101100001100101000110100
00111100001001111101100001011101
10111010100000010010001011110011
10111100010100101011011001001001
10111100001111000101111011011101
10111100100110010101001000110011
00111101000000011111001110110010
10111100111101110100000100011000
00111100011001110111001101010000
00111100011011110010111101010110
10111100100000110011011001011101
10111100000100110011100011100101
10111100101001100010100100000001
10111101011101110110101111111000
00111100001101100011001111100111
10111101011100010000101111011110
10111100110001000011011111010011
00111100001011000100001100110110
00111010100011110001011101101111
10111100100100001011111110110101
10111100010000001010010110111100
10111101100010000110100110000101
10111100100101001110110000101100
00111010110111010011001110010010
00111101000110010001111101100110
10111011111000001111111101100000
10111101000011110010100100011011
10111100000000000111001100010010
10111100000000000000000001101110
00111100011100110011100001001000
00111100111101101011011001100001
10111101010001000000101101110001
00111100110101000101101001101000
10111101001111101111010100000011
10111101110011010000100110100101
00111101101100001000101010011111
10111101100101000101111100101111
00111100101110010101001111101011
00111100100011010101100011001000
10111101001000110101101111101111
00111101100010110100011101111001
10111101011101010111110101100010
00111101101001100101111000101101
10111100110101111000101100111011
10111101010110000110110000111001
10111101101100010111110000100110
10111100101011010001101111101100
00111011000001101110111101101100
10111101111010011011000010110100
10111101010000100110000110110111
10111100011011000111111101010010
10111011101011001100001000000110
10111011101010111110011111110111
10111101000000110000001001101011
00111101000110011000101101001011
00111100010111010000010110011111
10111100011100100001111001100000
10111100100100010111001111010101
10111011010011100001000101001010
10111100110110100010100101001110
10111100100100000111111010000010
00111100001011110001100010011010
10111100100110010000010100001100
10111100101100001000101110111110
00111101000100011101110011010101
10111101001000110111100000101111
10111101000101010110111011000011
00111100100001110001000001011101
10111101001010111101100110011110
10111011101001010101010011011011
10111100100011010110101101110010
00111100100100110001011000000101
00111011100011010100101001011000
10111100001011000111011010110101
10111100001010101111001100100000
00111100101111010000011110010110
00111101011010000111011111001100
10111100001110010110001110111100
10111101010100101111100101001010
10111100011010000011010100100111
10111010101101001111111001000101
00111100101100101001101001010111
10111100100001010011000001000011
00111001010101100101001100000111
10111011010110110001110000111101
10111100101010001111000101110101
00111011011010010001110001100001
10111100101101011000110111000010
10111101100011101000101100101000
10111100111000100111111011101011
00111100110010000100101100100010
10111110000010010100100011001011
10111011111100111101101001111110
10111100111011001110011001011110
10111101101011100001011010110000
10111011010000100111011001100011
10111000101011010011010110110000
10111101000000010001110011101101
10111101011101101000101100100100
10111100101111010010101111100110
00111100000000001011111101111001
00111101011101010000100101010110
00111101001101010110010000001101
10111101100011101011001001111111
10111101101010001010011001111111
00111101010111101011110101001011
00111100110000011100100001101110
00111101010101010110001101111111
10111101110100011110110111010111
00111100110101101011010110101110
00111100101011100000111110011101
10111101110011011000001000010011
10111101000110111010110101110111
10111101101111010111111100100000
00111101100101110001010010011011
10111101101011101011110110001110
10111101011101111100111101111110
00111101011001011100101011111110
10111100101011111001000100101011
10111011010011110001100010011000
00111100010010001001110110100111
10111101001110011001011001000100
10111100111100111100110001000110
00111101001011111010011110001110
10111101010100000100000101001011
10111101111100110101101000011110
10111100110010111110111101100010
10111100100100100000010100110011
00111100000001101101000011000000
00111100011000011010100011111010
10111101001101101100111010101100
10111100110111010110110011000100
00111100101101000011000011000101
10111011010000010011100000010110
00111011110011111000000101000011
00111101000100111011000100010010
10111100001011010111110111001010
10111011111101000101111001101101
00111100110001001100000100111111
00111100110001000000111010101011
00111100011001000110010010010101
00111100011011100101111000010011
10111100110000011100110011101111
10111101000010100100111011100001
10111100010110010010010000000000
10111101110110000011011011010110
00111100000000000110110001000111
10111101100100100010000000101111
10111101110000110110010010101000
10111101001101001101110101111100
10111101110101000010111011111110
10111011001000111011011010100001
10111101010001110100000101110010
10111101110011100011001011111011
00111100111101100100111000101001
00111100101100100100101100100110
00111101110000011101000101000011
00111101100000110111001001001110
10111101100111101000101100111001
10111101000001000010010001011110
10111101100011011110011000010110
10111101101011111110000001000110
00111101000111110100011110110101
10111011100011100110101101000100
00111100111010000011001111100010
10111101100011010100001000110100
10111100110110101000010111100110
10111101000111101101101011110001
10111101011000111100001100111101
10111100011000011101010110111011
00111100011000100110101010000011
10111101010100111011010001110101
10111101000000010101001101010010
10111101110110100110101000100100
00111100110001001001101111111010
10111101110000001011011010111111
10111101100110110001000011011101
00111100110111101011110100101110
10111101001011000110011101110110
10111101000001000111111001011110
10111101100011000010000100101010
10111011100000100111000001111011
00111011011100010001000001010110
10111100011010000010000010001010
00111100100101110001011110101101
10111100001011100101001110001100
00111100100000011010011101111110
10111100110010111100110000010100
10111100100000011000000100101110
00111011000110110001111101101101
00111010100110001001000001110010
00111100111001010011101011010000
00111101011111000010100000100101
10111100111000001100111011101111
10111101011010010010010100110011
10111100111000101110100001001101
10111100100011000010010011111110
10111010101100011110101111111000
00111100110011100100001010001111
10111101001101010000001010110110
00111101000100001010100000101111
10111101000001110011010001011010
00111100110100111101100001100100
00111100110101100001110011000101
10111101001111011101110000110100
00111101001011100100100101010011
10111100010100010000010100010001
10111101100101111000010111100111
00111100111110010001100100010101
10111100110010100110001001111000
00111101010001001000001101000001
10111101011101000101110101001011
00111100100010101110010000001000
00111010101111000111110111101101
10111001101110111111000100001000
00111101000000000101011011110010
00111101001001111011010111101110
00111100100011101011010111001111
00111001010111010100110001000000
00111100100110101001010001000001
00111010111011001111101111001010
10111101001100111001001101010000
10111100110101110011011101010101
10111100100100101000010110110100
10111101011100011111101010110000
10111101000000101101111101010010
00111100011000111011110111011011
00111101100101100111101100001111
00111101100001000000000010100011
10111100100001101000100011101100
00111100011100011011011010101101
10111011111000110001100011100110
10111100010010010011010001001110
10111101011101101001001101110011
10111100110010100110110011110100
10111100111100000111010000100101
10111100000110100000100110010110
10111010100100010111000010100101
10111101001000010110100110011101
00111101010001111000001111000010
10111101011010111011100011011110
10111101101000000010010001100001
10111011110001101011110010011000
10111110000000110110110001100000
10111011100000001110100010111010
00111011111100011001001100001010
00111100001101000010010010100101
10111101000000100100011101110100
00111100110100010001010010011111
00111011001110010111100101111100
10111101000111010000100110011111
00111100110101110100110110000100
00111100001111100010101101011111
10111101101000001100000100100110
10111101101101001100110010000110
00111100100101110010000100101101
00111101001101111100111010110001
10111100100110000110110100010111
00111011001100001100101110011011
10111101100010101100011100001101
00111100000011011010100100001111
10111100101011110011001000111111
10111101000111111101001110111010
10111101011011100010101100100000
10111100011100101011101110001110
10111100100100001110000101011000
10111101000001000101000000100110
00111101101011100101100101000011
10111101001101100000010001011110
10111100011111101111110000000011
10111101001000111001010101111111
00111101000011011011101111000011
00111100111001111100011111011000
10111001111000110011000011111111
00111100100100100001011011110110
00111100110010111100110010100111
10111010001000111011100000000110
10111101010001101110101101101111
10111101001110010000010000100110
10111100001011101010111101101011
10111100101000111000001010100111
10111100101000110111110001000010
10111100101100101000100111000010
00111100101001011001100001011110
00111101000010011100101001001110
10111100111000001001010111011001
10111101100000111110000111001001
00111100101010111110110110001110
10111101000110111110010101111000
00111100000011101011000111110010
00111101000000011110000001000111
10111100010111101100001001100001
10111101011100110011010011011110
00111100100000010100111001010011
00111100010000101111111101001110
00111101010111010001111100000110
00111101001101110101100010111110
00111100100110101001100010110011
10111101011111101010110110011110
00111001110010001001000010101110
00111101100111010101011110010001
10111100111100011010110101000101
00111100001000001110100110000001
10111100111010100111001111000110
10111101010001100010001100000111
10111101100101111100001110110000
10111110000011110010000101000111
10111100111101011111011111001011
00111100100100010111001100110110
10111101000111000101010101101110
10111100001110011011010011111110
10111101000111001100011100100010
10111011010110111111111111010001
00111101100001001010001000011001
10111011100101101010100011101110
00111100101001001001000110010101
10111100000010111110110010000000
00111101011011000100101011101010
00111100101111000000101000011100
00111010101100111001111001100010
00111101010111000110110011100011
10111100100101001100110110101110
00111100111011000111000010111110
00111100100110100000110101011001
00111100000000010001011100111000
00111101101001010110001000101011
00111100000001011000001011001100
00111101011010100101010111101101
00111101011110100101011010000010
00111100101000011011011100111110
10111100000001011111110010000101
00111011101110111100011001100101
00111100111101010110000011011100
10111100111011010011000000000001
00111011011011101101101110101001
10111011100010100011001100100101
10111101000011111111011001010110
10111100101000111010100011111011
10111101010010000011010101100000
00111100100111100111111100111100
10111101000101100101000011110011
10111100110000101000111100101100
10111100000011100100111110000001
00111011111001011001011111000001
10111100010110100010111000101110
00111011001101001011101011101010
00111010101110000000100111110100
10111100100010111010111000010001
00111100100001011110011000100101
10111010001010101110011001110000
10111101001010111110100110001010
10111100000110001100111100101011
10111100011101110001001010001000
10111100101110010101011010001111
10111100100111111101110111110111
10111101001100111100101101001110
00111011111101110111100010100001
10111100111100010110010101100100
10111100100011010111111101101001
00111100100110100010110101011000
10111100100100110010010110100100
10111011101101101111001000001111
10111011110111101110001100101011
10111100001111100000010111001000
10111100100001001000101000100000
10111100001000101111001001100011
00111101001101110111100101000111
00111100101010011001001011011111
10111100000101010100010110110001
10111011111101011011010001101001
10111101100011000000010110111000
00111101001111001111011111100001
10111101110100101011110011111001
10111011100010110111110000111110
00111101101101001111111010001011
10111101100000011110110001000110
10111100001111101010111000101010
10111110000011011001101111101011
10111101101100101101101111000101
00111100011110111110111101010011
00111011101011100100110100001010
10111100101101010000101000100101
10111100001010001011111100011000
00111100111111000110000110101101
10111101100010000101100110100000
00111100110110111111101010100010
00111101000000111110111101010111
10111101010001010100000001010011
10111100111101000000111100011010
00111101100111111010111100111101
10111101000101000001111101001110
00111100010111110100011011011111
10111100101110110100001110001011
10111101111100000111011000110101
10111100111011011110100111011100
10111101011100011110010000011011
10111101001111001100100110111111
00111101001101010000010101100011
00111101001101000000101011000001
10111010101101001000111001011010
10111010110101010000010000101111
10111100110001110011101110000010
10111101100010010010110011010111
10111011011110010100010001111010
10111100000001100010100011111010
10111100101111011100011010011000
10111011110100001000100010011011
10111100110010010110011101111101
10111100110111001000111110011001
10111011100101111111001101110000
10111100100101011010001101110010
00111100100110110100011100001001
10111101001111101001001011010010
00111011101100011010101111001001
10111101010100100011011100001010
00111100011111100100011000101011
10111100100111010101010001011000
10111101100111010100010000110101
10111101001101010100100101011100
10111100010011001101100010110010
00111101010101010001001001110010
10111101100000101011011101001100
10111100010101110010111111011000
00111011101101111010010111001000
10111100101101001000111101011000
00111100001010110000011010001100
00111100111100111010111010110011
10111100100000001010110110110100
10111011101000110001111010100100
00111100100010110111111000011110
10111100011100000010011010100010
00111100011000111100110110111001
10111101011011100011010100010110
00111101000101010111111001101111
10111011110000100101100111001000
00111101001101110001001001101010
10111101011101101100111010000010
00111100111000100111100110111111
00111100000111000001101010111101
10111011100011111001101110010011
10111101011000111110111101010101
00111100011011010100111010010011
10111101011001111000110010100010
00111101000110100110010010101110
10111100100101011110000111111001
10111101001010101001101010010001
00111100101000111110100101110110
00111100001010100000100101110111
10111101110100001111011111001011
10111100100011011001111001101111
10111011101101010001111111110110
00111101010001000000101011000010
00111100001111001000111101011110
10111101001000100010100100101100
10111101001110110101000111101111
10111100110001101110001101100111
00111010001001011101111011101101
10111101000111110010111000010101
10111101010100111001100000101110
10111100110111000001100011100011
10111100100101001010001111101000
10111010110010001011011111001100
10111101010101110000000000110111
10111101000001000000011001100000
00111100111011111110101000011001
10111100101101000000000000010101
00111100111101100010100101001001
10111101000011100111011011000010
10111101011101001101001100001110
10111101010000000000111000010110
00111011001010000001100101111001
00111100001011101011110100010101
10111100001011110011101000110111
10111100101010100001110001001001
10111101011100001100011001111000
10111101011100010100111000100011
00111010111001111110011111011000
00111101001101001110011000010110
10111100111001100111011000010110
00111100011011000111101010010111
10111011100101110011010111001100
10111100101110110010010000111111
10111101100000001101001011110100
00111010010011111000100001101001
00111100011100000100010100111010
10111101010010011101101110010000
10111100111101000101000011011111
00111101011100100000110101000111
10111100010011000101111001001101
10111101010111001111101111111001
00111101000101111010000100010100
00111101000011000000010001111110
00111101000101010001010000100110
10111011100100110001001011110111
00111011011100111111100000101111
10111101100111001000101000100101
10111101001111110101001110110010
00111100111011110101011010001110
00111101010000001101100111101111
00111101001110010011010110011100
00111100001001011101000001001100
00111101001010010110010100011011
10111011111000101100111001110011
10111100010110001110101101110101
10111100110101010111101110100110
00111100010101011000011111010011
00111101011101101010011000010111
00111011010011000101011011010110
00111011011011010110111011100101
00111101000111101100100110100101
00111100110001010101110001111011
00111100110010010011111100010010
10111101100000111110000011111010
10111100011110001101101010010000
00111101000100100101000011100010
10111100001011110000101011000111
00111100100101001101000001101111
00111011110110011000100110101010
00111100001111100101111010010111
10111100100001101000110110110101
00111101000011000001101011100101
00111100101111011011111111110101
10111100000101110101111000000100
10111101011101011111101100101011
00111100000111100111000111110101
00111101010010010000000000000100
10111101101000010000010010001101
00111100100110110101100100001111
00111100000011100011110000010110
10111100101001101000001100010011
10111110000001100010101111111101
10111101101011011011000101100010
00111010101000101011101111010111
00111101100100011000110000011011
10111011010110000011000000111101
10111100110011101000110011100111
10111101000111110010000111001010
00111011110011001010011010101011
00111011110100001010001110010010
00111100100010001010111111011111
10111101001010111000010011000110
10111101100100101111101100001001
10111101100011010011110011000100
10111100001111100111101010011000
10111100111101110001001100001110
00111010011100010011100010001010
00111100111111010010101110110110
10111101101101110010010100101101
00111100110011101101011000110111
00111101100000111110100001110101
10111101100111000100101010011000
10111010101011011100010100001010
10111101010000100010100011101101
10111011010111001110100100001000
10111101001110110001101111000010
00111101101011010011011110011111
10111101000101010010001111110111
10111101111011011101001100111100
10111101100010011101010100001111
10111100011010101001111101100100
10111101010100100001000100011011
00111100110110100010101000100010
10111100001110000111010111110000
10111100101111010000101011001110
00111100100000110101111110000010
10111100110101010101111000100100
00111010110001100001111110100111
00111100001001000111010001100000
10111100110110101010010010010111
00111100110111001011011000001011
00111011010101110100110000111001
00111100000111001010111101000001
00111100010110001110101010001101
10111101011111010001100001110000
10111101100001100100101010101000
10111100101000110101100111010001
10111100111011001111010110111010
00111100111110001010011001100011
00111101010010110111111100001011
00111100000001110001011110011001
10111101100101001011001011111110
00111101000011110000001010100100
00111011110100100111011011111110
00111100100100110111000001001001
00111101000001101111111011010110
10111001001111100010001100110011
10111011101000010111011000101000
10111101000001011111001110001000
10111100001100100010110011110111
10111011101000001100000101111101
10111100110111100101001110101000
10111011111110000100110010000101
10111010110101101011011110010010
10111101010000010010010100011111
10111101011010100010111111000010
10111100001100100101000101110111
00111101001110110010010011101011
10111011100110000100100001110111
00111100100110110111000011111000
10111100011010001001100000000110
00111101010100111101110011010101
10111101101001101001000101001100
10111101110001100010000111100111
10111101000001011001000100010011
10111100001111000011101000111100
10111100011110000101001100111100
10111100111000011001000011100100
00111011101101101111000011011000
00111101000010001100001001000001
00111101000101001110010011000101
10111100100101100101011010001010
10111101011011100010111110010011
10111101001110100111110100110101
10111100001101110010111111100100
00111011101000111001111011111011
10111101001110111000100110110001
10111101011011111110000001100011
00111100010111010100010000000111
10111100011001111111011011011010
10111011111000111111001001010101
00111101011000001010000110000000
10111100000110001101111101111011
00111101000100000001101110001000
10111100101100111001011111001111
10111010111110110010100001000011
00111011111001000001000001011011
10111011000100101101000011010000
10111101001110010111010111011110
10111101000111111001010010000001
10111100100001001000101001001100
00111101000011110111010111110000
10111101011001000001001100000101
10111100100100000011111001000111
10111010100111100111001000111101
10111100111000000100010011011010
10111101001000001001101101100100
10111100101001000101001111101011
00111011101010010011110111100001
00111101000010000100011100110101
00111101100001011110011001100000
10111011100100101111000110111110
00111100110110111010010001000101
10111101001111101001000011010000
00111100101110010100001000110001
10111101000001010110101101111000
00111101101110111101100011010011
00111100100110010011111101010100
00111100110101010101110010001010
00111100100100111000000100110001
10111101000011101101101101010011
00111011101000001100001010010101
10111100011111001000000011011110
10111101001110000000101010011001
10111101001011011111000000101101
10111100101001000101111011010001
10111100011001011010100101001111
10111101100001000011101000000011
10111101001111001111000111110111
10111011100101010100110110001101
00111101101000011011101001110101
10111101001110111010100000111101
00111100000110100110100100111010
00111100111001000001000011101111
10111100100001011111011101111100
10111100010101011111111000110011
00111100101101011011000000011101
10111101010101010000110111000001
10111100010001101110001010000010
00111101000110101110101001001110
10111101010110001110000000111110
10111101001001001110100001011111
00111101010001100010001110101001
00111100001001010110011100000110
00111100100110111011001111100110
10111011100100111010110010100100
10111101000101000101010010001111
00111100010111011011100100100100
00111101100011111101001010110111
10111010000110011110110001011000
00111100110010000100010100110011
00111011100001111111100011111001
10111100010100110111001111101110
10111100000011011001100111111011
10111100000011010011001011101101
00111101011000100011111010101111
