10111101100001010000000010000011
10111100110100100000001010001010
00111100111011011001000010101011
10111100101110111000001001110011
00111100100101000111000100110000
00111100111101000010101000100010
00111101011000000001011011011001
00111100100011111000110000000101
10111100000000111011100111010001
10111101101111011111110001011101
00111101001100100101101100111000
00111100100110001100101100001001
10111100001011011000100100101101
10111100110110101000001011010010
00111101110001011110101110101101
10111100011000000101101111011000
10111101001011101010111100100011
10111101000100011101100001100110
00111100100100110110101000010010
10111011001111000001010110001000
10111100111111010001100011111111
00111101011101000111001110101101
10111101001011110010010111111011
00111101010010000101011001110111
10111100100001000010011010011101
00111100110011010100001110010111
10111011011111000001001101001100
10111101001101001101101001111001
00111100101111010000000001100010
10111100100001001001011100011110
00111100001110101001100010101110
10111101001110001110110011010110
10111011110010010010010010011001
10111100100010101011011110100111
00111011101100001110100010010011
10111100001011010011110011111100
00111100111001001011101001010001
10111100110100101001010100000010
10111101001110001110110110111100
00111011111010011101010100000110
00111011000000110011001100000010
10111101011101001101011011000100
00111100100111110010111110011001
00111010101001111100111111101000
10111100100000010011011011000110
00111011000110111111101010111101
10111100101111011100111100110000
00111101011010110101101000000000
00111100011000101100011010101001
10111011001000100101010000100000
00111101100110000110111110110010
10111101000010001000101101000101
00111011100010110010011100100100
00111101000011001110000110110100
10111100011011101110101110111101
10111011101000110111100100110010
10111100111100000010110001110111
00111011010111101111101011101110
10111100111100101000100100010001
00111100000111010001000110010000
00111101000101111100001000110000
10111100010011111111001001111100
10111101001110001000111011010011
10111100101101010001110001100100
00111101100000010010110001000001
10111101101100001000010110010011
00111101001010111000000001111101
00111101010110010011111001111110
00111101001010000000110100011000
00111100110101111011000110000100
00111101001001001010011010111000
10111100010011100111101101000100
10111101100111100100001101101100
10111011110101010000011100001001
10111101010010001011011011111101
10111101001100100100010010110011
00111100111001111000001111101000
10111101001000101110000001111010
00111101100111010001101101110010
10111100010110001010000100110110
10111101010010110011100110010111
10111011110000111001100010001001
00111101001010110100011100010111
00111100101110111001101010000100
00111101100111111110100011011100
00111101000111000001100011000011
00111101111001000001100111000101
00111011111111111101100101001000
10111110001100101010100100111001
10111101100000110100011100010001
10111100011010101010011011100001
10111101011011111111111000110100
10111011001010011101110010001010
10111100010010111110110010111111
10111101100011001011010111001011
10111100000110001001110000011101
10111100010110000110110100001100
00111100110111000100110101010110
00111100000101000000001001010110
00111100000110000011100100100000
00111101011000010111011011101000
10111100010001010010100110001001
10111100110100111011011000111111
00111100001000100110001001010100
10111101110101100111001101000001
10111101000000100100011101001000
10111101001001101000101101001101
10111100010001100000101000001101
10111011101000011110010001100100
00111100100000101111111001110011
00111101001011010011001110011011
10111101100101000101110011001000
10111100001100110000000000101001
00111100110010001110001011100111
10111100110111010011011010011011
00111011011001001010101100100001
10111101001111011011110010000101
00111101000100110111001000011011
10111100111011010001111001001101
10111101011111110000111011010100
00111011011111101111100100110100
10111101001000111000001111001010
00111010110101000000001001111000
00111100101000001010100010111010
10111101010100000101110101001111
10111101100000010010101101001110
10111011110101101001000001110011
00111100010110001110000101100010
10111011010010111111100101111000
00111101001000111011101100111100
00111100100001101101011101111111
10111100110111111111010111111000
10111101001111110111010100001001
10111100111011001000001111111101
00111100100110001011011000110111
10111100000110111111111111110001
00111100010000100001100010111010
00111011111100110100001000111001
00111100111010101011111010111101
00111100011111100111000110001100
00111100100011000010000010001111
10111101000110101010011001101111
00111010110011010101111011100001
00111011100001000100001110100000
10111100010111001110011000111001
10111100011110010110110100111010
10111101001101111110011000111011
10111100101110100111000110110000
00111101000010011010100001001000
10111101000110000111000010011001
10111101011010111000111000010101
10111011000011010010011101110101
10111101100100011001000011111111
10111100101010101000101001010010
00111100111000001011111100010001
00111101000111111011011010000101
00111100101100001111001101101011
10111100101000110110010010011001
00111101001110010111001100101111
00111010010001011110101111010010
10111101010101001000010000001110
10111100010011111000000110111100
00111100101100100010101101111001
10111100101011100110001111100101
10111101010110010110110010010000
10111101001100000011110001111100
10111101000100110101011100001100
00111101100001010100100011001010
00111101001111010111111111101001
00111100100001111011010001101011
00111100010110000011111011101000
10111101110100001000100000000110
00111100001111111000011101101111
10111101101001000110010110011101
10111100110110001000000001111100
00111101001100110111001011001000
00111110000111110010101000111001
00111101011101001101101010100011
00111100000101101011001110111101
10111100110101110110010111111000
00111011101111001011111011001000
00111101010011010000011010010110
00111101011000100110010011000001
00111011101111101001010110010101
10111100110100010111100010001010
00111100111101001100100011010111
10111100101101001111010011111111
10111100011101010011110001010000
00111100001101111010010011101111
10111101011000110111011111101100
00111100101001100000000110101101
10111101011011000011000001101101
10111101010011111001110111110110
10111100110100110000111110001000
10111100101000110001111011110001
10111101000001011110101010010100
10111100101001101001010110100101
10111011100101001110001010111101
10111101010100011101101001110010
00111101001010010001101011000011
10111101101111010110001110011100
10111101101000000101001000010001
00111100001100011000101101111011
00111101010000011110000010110110
10111101011001010111000001101110
10111101111001001010101000000101
00111011000001100111000100101000
00111101011000100000111010101000
00111100101111111001010111001011
10111101010011101011101100110110
00111100001111001111000110100100
00111100011101110101101010001111
10111101011111100000001101100111
00111101000011011110010011010000
10111101001010101101100000101111
00111100111110100110101010011101
10111100101101101011000010110010
00111101000010010101000111110011
00111101001110101010100010000000
10111100100001111000111110101100
00111101011001111011111100101011
10111010001001000001100001010000
00111101001000000100110011111010
00111010010000100011101000000010
10111101000000011111100110000101
10111100111101111110011111000001
10111100101101110010000010110010
00111100100111010000000111110110
00111100101101110101011110110011
00111100111011001001101000111000
00111100101001010100100000000000
10111011110000001111000100001101
00111101010011110011111110110100
00111100100100001011011010100001
00111101010110011000111010001000
10111100001101011110010101101100
00111100110111001100111001010100
00111101011111101101110111000000
10111100001000110111000010010001
10111101001001001000101100000100
10111101000000011011110001010101
10111101110011000000000111010100
10111101100110111001001100101100
10111100100110110011101110110100
10111100101100110010010001101001
10111101011010100111100111010000
00111011011101101101000010100110
10111100101100111010110010101110
10111100000011000110011110111101
10111100101011110011100010010100
10111100100001101001111001111111
10111101001100101000100101110110
00111011110001001101101100010100
10111100110111101001111000100000
00111100101010100100101100111111
00111100001010111011101000111001
10111101000110010000011110111101
00111100110010100001000000010001
10111101001100010111110111110001
10111100101010100011110111110111
10111100000111001110010111111001
10111100101000011010101111110101
00111100101001110110111101010101
10111101011111110111000001100100
00111011100100110011010110010000
00111100010110001001001101001101
10111100100001010001000101011101
00111100011100011011001111000000
10111100110101010011000101001101
00111011010100011100011010111011
00111100011101011001011100011100
00111100010101111010100111001110
10111011110101111101010111101011
00111101100111011011011111001101
10111010111011011101001001110110
10111101001110101101011111101101
10111011100000111110110110100011
10111010010111100101101000010010
10111101001100100001110001011101
00111101011110111110001010111111
10111100110011101011000100100100
10111100110010111011001110010001
00111100110110010010010000110001
00111101001000001010111100110111
10111101101011000100010011011010
10111101100001010100100011101010
10111101000010011101010010101010
10111011001011100011101001100101
00111011101101010001111110100001
00111101100001000111010001000111
10111101011111101110011011011101
10111101001110101011101001000000
10111101011000011101101101011110
10111101010001100110001010010110
10111101101101011110100111000110
00111100110111110110010100001011
00111100101010000000001100100000
00111011101100111011010010000110
00111100111001100100100000011111
00111100111100101000101000010001
00111101010010001110100001111011
00111101001101100101010011000100
10111100011011001110011001100001
00111100011011011011001101001111
00111100100100111010111000001011
00111101000111101011001110111010
00111101101000110011101010111110
00111010110010000101110011000111
00111101011110011110010000010101
00111011100101011011101000001100
00111100100111000010011001011011
10111101111011001100010110110000
10111101110000011111111101000010
10111100110001100001000000011111
10111101100101111100001101000001
10111100100000011101000100000011
10111101010001011100111010110111
00111101000100001101001011100101
00111100111100101000100000111011
00111101010000010100101110101001
00111100010010010011111001100110
00111011000111000101100100001011
00111100011011101010110100010101
00111100100101010110011100110000
00111101000110110011100110101111
00111100010110000100011110100011
00111100100111100000100000100010
00111101000110010011000011011100
10111100000110101101110110011000
10111100000010000100101000100100
10111101000101111100110101111011
00111100100100000111000110101001
10111100111010101100110110001110
00111101000001010111010111001111
00111011101000011010100011110011
10111101011100100111101000111001
10111101101000101100100000001110
00111101010000100111100111001101
00111100100001001100010010000000
00111101000100111001010101010010
00111010110101011001100101010100
00111101010100011011000111000100
10111010101111010010101111000101
10111101000111100100111101000111
10111100110101000010101110011010
00111101000001110100101110110111
00111100010010011010010100101011
00111100001001010111100101101001
10111101010110111001101110011111
10111100111110101110100000011000
00111101010000001111110010111011
00111000101111110100111110101000
00111101000111011011101010101110
10111100111001100110110001001000
10111011101110000001011110100001
10111011101010101100111110100111
00111011111100101011000100100101
00111100010111001110001101111111
00111100110111011111111001010111
00111010101010001011100111001101
10111100010001110001011110101000
10111100111011001010010110011101
10111101001110111110000000101011
10111101010000000100101001001110
10111101000100101011010010000110
10111100110100100001010101011101
10111100111011101011100111101011
10111101101101110111110001010101
10111101111111111000010011001111
00111101001001000101111110110110
00111101100001101111000100100110
00111101000000000100001101100011
10111100010110000000011010110010
00111011110100111111100110110010
00111100101110100001111010001001
00111100100010100010101011101101
00111100000101100001100111011111
00111100110110011101001001001110
00111100101011011010011111110010
10111100111110100101101110010101
10111011100010110011100111110111
00111100101001110001010011000100
10111100100100001110100101111001
00111100111000100010000011110111
00111100110111100100110001101001
10111101100011000010000001001011
00111100000111011001011111111010
10111100100101111111010110111101
10111100110000100101010111000111
10111100111110010110111001001100
00111100110010010111000000010011
10111101001011001100100111000101
10111101001011010111111111110011
00111011101001100011011010011110
10111011101110001000111011100100
00111100010000111111000110110010
00111100010010110010000001111101
00111011000011110011011111100111
10111100100111010100101000101010
10111101000101101001000010010100
10111101100001000001111000100101
00111010110011011111000000011101
00111101100001000001011000100000
00111011100001010100001111110111
10111100010010001100110111101011
00111101000010001101110110100011
00111100000101001010011000010111
00111100110001011010010001010100
10111100100010101011001111010100
00111010111001101010101011110100
10111101001101001010000000010100
00111100100011000100110111100110
10111101000100101101110011110111
00111011111100000011110111010001
00111011100011010111111101100100
10111100110000001011101110111110
10111101101100110011011100011011
00111101010101000101100000011011
10111101000010111110100001001111
10111100100001100100110110101101
10111100010101000000100101010111
10111101001110101101110001111000
10111101001101001000101111110100
00111101001011100011100111110111
00111011111001110010001010100001
00111100001001000101000000010101
10111100101110100010110011101001
00111100101010010010111000000111
00111100110100011100101111000001
10111101101011101011111001011101
10111100100010001111111111011111
00111101001110010111100111001110
00111101101000011001111111010111
00111101000011001010111011100010
10111011100000010010010101100010
10111011001111101110100011010011
00111010101101111111010001110001
10111101000110110010101001100101
10111101110100010011001110100001
00111010111010110010100011110001
00111011100110100000010100101001
10111101010110000000101000010110
10111100110011000110101100011011
10111100001000001001101000010010
00111101000010111000011110110100
10111100101011110000001000100000
10111100101000100110101010111010
00111011100011010000001001110000
00111100100100111111001010011111
10111010001100010011001101111100
10111100011111010111110011011100
10111100001110110000100011101101
10111100011011011011011100000010
00111100100101100010111110110000
00111101010100110101010100110101
00111100101101001110111010000000
10111011111000101101000000101010
10111101000001010110011010111001
10111101100001111001010001011110
00111100110011010000111000000000
00111001110000000001110010000100
10111000101011010010011100110011
00111101010110001111110010011100
00111100010101011111110010101011
00111101011011111101110100001001
00111101010010001000101001010101
10111100010000111101100010001111
10111100100010001000001111010111
10111100110101000101011010110101
00111101001110011000011101100011
10111010100000111110101000001001
00111100100011011100011001101100
00111100011001100010011011110110
00111010010111111010101011011101
10111100110000000011010101101010
10111101001100100000010000000001
00111100101010110001010110010010
00111010100001110100001111001001
00111100000100010100100011010110
10111100110001010111100101101010
00111100100100011000110100001100
10111100100110000111111011001110
00111011010010101100110011100100
00111101100001000111011000011111
00111100110000110001011000100000
00111100001101111000010000101101
00111101000001101010101001100110
10111100110100110011010001100010
00111101110001110101011000110010
10111100011001100011111111111000
10111101011010011110011010111100
00111010011000110101001001000011
10111101010001101101101111100100
10111010011010110100101100110110
10111100010100101010010100010101
00111101100001010010110101100101
10111101100011000010010011101000
10111101101011101101001000011011
10111101010001110011010011000110
00111011001010011110110100101110
10111100101000110100000110100100
10111101010010010101000010011010
00111101100000010001010100110001
00111100010010101011001010011100
00111100100000101000111010000100
00111101011011010001000110111101
10111100111111110100100011010110
10111100011010100000010100111100
00111100011010100010101011001000
10111100010111110010110110100000
10111100111110010101001100100000
00111101011111111110111001001000
10111101111011010011010011101000
10111011111100011001101101100000
10111101001010101010101011101101
10111101100101110100110100011011
10111101010100110011101111000111
10111011001001001111000100000101
10111101101011001100000110111010
00111100110101100011111111100111
00111101100110110000111001100001
10111100100111100001011101001011
10111101100100110010001110110111
10111101100111000110111111001101
00111010001011001110111110100111
00111010101000001111110000001001
00111011010111110110011111010010
00111011100100000110100001100011
10111100111010000010011101110110
10111101000010011111001100000010
10111011111111010111101011010011
00111101010010111010100100000001
10111100101001011000011111110000
10111100100011100011011010011010
10111100001110011100111110010101
00111101000011010100001101111111
10111100100011000000111111111100
00111101001010001101110011010000
00111100110001010101110101011101
00111101001111101111111010101101
10111011111010010001101100001100
10111101001000111111111100000000
10111100101001111010110010110000
00111011011010100011101011011000
00111101010101000100101001000011
10111100111110001111000011100010
00111001000100110000000110110010
00111011111111110110111011101111
10111100011010111101011100000111
00111011011011100110111101100111
10111100100011011101110010011010
00111100010011000001111111010101
10111100111000000001111011000001
10111100001010100011100001011110
10111110000000110001101010000111
00111100010100010011110111111100
00111100010011000100011001000001
10111101000100010010110010001110
00111101100100011001110011000010
10111101000101000000101111010100
00111100000010001110000100000011
10111101100100110011101111011001
10111011010011100000011100001100
10111101100011011001010011100100
10111100101100100001011011110000
10111101000111010111011001110001
00111100011011100000000111110001
10111101011110110010011000010100
10111101000010110101010001000111
00111101000100001000010000001101
10111101000100000100001101111110
10111010110111110100111011000001
00111100110000001101100101011101
10111101000101111101110111010001
00111100011001110011001111111010
00111011101111011000111101001100
00111100101001111111100010000011
00111101101101011111111100100110
10111101010010011110101000101010
10111101100101100100101000000010
00111100101101001010000010111001
00111101101001001110101000100010
10111101000011110110000011010110
10111101001101110001111111100101
10111100000000001011010000110010
10111101000011010100100000010000
00111101011001000010110001001100
10111101000101000011101100000110
00111101000111110010001001101000
10111100101110001010000110010011
10111101000100101111010100101100
00111100000010001001101100011100
10111100111000001101011101001001
10111101000010011100110100010101
00111100001010110101101111010011
10111001100100001101001100110110
10111011111100100101110100100010
00111100110101001111111111011010
10111101011100001011111111110000
10111100110111000001101111100110
00111100110100111001010111100010
00111101011001001110001001101100
10111100111000001111110000111101
10111100000101101111011000000000
10111100111111001010001101011010
10111101100000101101111111001000
00111100011110011000111001110010
10111101001001011110111111011101
00111011110000011100010100000001
10111101001000010000100000001001
10111101011110001100010010011011
10111100011101100001011001011111
10111100001111010110101111000010
00111100100011110110001110001000
00111101100000100001010001000101
10111101011100011111110111110111
10111011110001111110000111100011
10111101001010111011100101011111
10111110001101000110101110100000
10111101111111101101100111010001
00111101010010100011011111100110
00111100111100111100011110101011
10111100100001011101101010010000
00111101010000010110000110100111
10111100010001101101100011101010
10111100001111011010101101001001
00111011111111100010011110000101
10111101001110111110100001010011
10111101101010110011101101010110
10111101011010000001011011000111
10111011100111100110110100011000
00111101000000111100011011100101
10111011010001010001101110110110
10111100011010001101111100011111
00111101100001110011000110111000
10111101010110110010101100110111
10111101000100101000100110011111
10111100111000000111000001101000
00111100110011000011001100101011
10111101011110111100110000100110
10111100000010111001110010001010
00111011110100110010100010110101
00111100101101001101000011010000
10111101100000010111100011101100
00111101010000001111100010100111
00111100010001110110000111011101
10111101000001110010101100001010
00111100101011011111001110000011
00111101011000110000100100010111
00111100010001000101111110011001
00111101010001111010010111100110
10111101000011001110111001001100
00111101010001100101001101111101
10111100110010010010111110100010
10111100011100100011110100000111
00111100100010001101001001011000
10111101000111001001111111000011
00111011100111111100101101110110
10111100100111000011110001111010
10111101001001101111101010001101
10111101000111111100100101101110
00111100011101000101001111101100
10111100100000001011010001110110
00111101010010110111110110110011
10111100111111000011111100000011
10111001011011110001111101111101
10111100100001100101111010101011
00111011011110111001111000111110
10111000100101101100000011111001
10111011100001100010111010011111
10111101000000010100010000100010
10111101000100010011110001010011
00111100100000000011001000011001
00111000100011000100100000011110
00111100100000010111001101110100
10111101001010111111010000010111
10111101100100011111000011100101
10111101100010101100000101100100
10111101001010000101011011011000
10111011111100011010110000110010
10111100100100101001111001100101
10111100110101001001000000111000
00111100001111010101101111001001
10111100000101110111011001101011
00111101001111100110011011111101
10111011001111011001111100010100
00111011000110100110100100000011
10111101101011001101100111010101
10111101101000010010000010010111
10111101110011101100100111100011
10111101010000111101010001001011
10111100111111101001001110011011
10111101001100001100100000011011
10111101000001111100110101001110
10111100101110111001001011101000
00111101100100111000010101000101
00111100001111011001101111000100
10111101110100010011111011010001
10111101010010010011010010000100
10111101010101110101111001000100
10111101111000111100001100101001
00111100101010101110110111010110
10111101000100000110000000110100
10111101101110000001011100000010
10111100011011100011001101001100
10111101011010111011101001001110
10111101100110011100001011100011
10111100101010101101001010001001
00111011101111001110100100111100
10111101010001100001010101100011
10111101101110010000111101110000
10111100001111001110010011111100
00111101011000111001000110111000
10111011010001000000110001101000
10111011100100000010011101101100
10111010111000110011100011110001
10111100000100001001111001111100
00111101000110101111110000001100
10111100001111001111110101000011
10111101000000011111101010101000
00111010111110110111001011011110
00111101010101101101001001010111
00111100100011110101010011101111
00111011100111010000010011110110
10111101100011011010101110110110
10111100110111101110111010011000
00111101011100011110000110110011
10111100110000111100001111101011
00111100001110110100110100100100
00111100111110101100100011011010
00111101110001011100000001101001
00111101011110001011111101110001
00111101100010001010000110101010
10111100011110011010001101010100
10111101001100001011001111101010
00111100110001100011110010000110
10111100000010010110100100010100
10111100100101100100001111001100
00111101000000100111110011010101
00111100101110010001111010001010
10111101000101111101000001001011
00111100101111011110110010011110
10111100111101010011101101101100
10111100101111110111010011000111
00111011100110011001110000010110
10111101011010010101110001110111
10111101010001110001101011101111
10111010011100100000100010111001
10111100110110111110100111111110
00111100110100010010100100110111
00111100100101000010001100000011
10111100101101101010000110001011
00111101010000010111110110100110
10111100110001110001110001100000
00111101000110111001001000001010
10111100000001110111000010111111
10111011110111100111000011010100
00111100110110011110001111110111
10111100101000000101000010010000
10111001001111000000000101000011
10111100110010001111101110001110
10111100111010110101110110011111
10111101001101001010010011001011
10111101100010110000010101000111
00111100011010100000101110010101
00111011101010000010010000100101
10111101010100010000111001110001
00111100101111000011100011110111
00111100100100001101101100110001
00111010001110011110110110101100
10111010100010110111000010010000
00111101001110111100101100110000
10111101000111110100000110010010
10111100111001001111011011001110
00111101100111001000111011010010
00111101001000100111010000000011
00111011101000011000011110101001
00111100110011111111001100000111
00111011000000111010010001100101
10111101010111111000000111111101
00111011111000011010111001101000
10111101001010100101011000001111
00111011110110111000110010100010
10111101100001110010111100101001
00111101100000100111110100010101
10111101000110000011100001000100
00111011011011100010010000101101
10111100110001010100000011110010
10111011100100100111011000010111
10111100101010100111111111101000
10111100111100110111110111011111
10111101100011011000111110000111
00111100101111010110000100000101
10111101000100011000101110001110
00111100000100101110110111101010
10111101100001010111001101110101
10111101000111001010111001001001
00111101000000000111100010000111
10111100111001100011100100101110
00111100100110111100011101111010
10111100110110001001010101111111
00111100101010011011010011110101
00111100000011110111001111010110
10111011101101000011101111111000
10111101000100001000100110101010
10111100111010010101100101100101
00111100011000010010101110010001
10111100101101110100011100101011
00111010101111101101000010011100
10111101001111000110111000101011
10111011110011010110110001001010
10111101010010010001001010110001
10111101000001101100100101100110
10111101010000101101111111000010
00111101000100111011110101010101
10111101100001110011011010111100
10111100111110011001101011011001
10111110000101111111100000110111
10111101101010001001110010101000
10111100101100001000111101000111
10111101000101111001011100101001
10111011000011111100100110101011
10111100001001100001001101010000
10111100101111100111010010010001
10111100001010101000001101011111
10111010101011000111101100001000
00111100101011011001111110001100
10111101001010000000010111111110
00111100110000100010001001010110
00111100000001010111001101011011
10111101010011000011100010100110
10111100100000100111111000101000
10111100100000000111100100000111
00111100101110100010101110010111
10111100111001000011010011000110
00111011100101001111101111110000
00111101000001101110011000011110
10111100100111111101110000101111
00111011011000010101011010111000
10111011111000001011010111111101
10111101001100110001100010001010
10111100010000100011101101001001
10111101000111111100100100010000
00111101001001000110011011010000
00111100100100110110101010101110
10111100001011111001110111110000
10111100101110111011101111000111
00111101010000100010011011011001
00111100111000101111001001110110
00111011011110110010100011111110
10111100101101010000011111011100
10111100111110101001101110010110
10111100111010101110010100001111
10111101010100101110110111010001
00111101000011000011110001101000
10111011101010100111100111100101
00111100010100111100011101110011
00111100000111000101011011001010
00111101000111000010000101110110
00111101100001010100101001111011
10111101001111001010101100010011
10111100100111011101011101011001
00111100101000101011100010000010
10111100110100010110011001100111
10111100101101111101110010010000
00111101001100000000110111010100
10111011100010110010010111101001
10111101001011000111111010001101
10111101001000000110101011101011
00111100100111101100001100001110
00111101100011101111000001011001
00111100100000000101110010101111
00111101011110010101011111000111
10111100001000111000110111000110
10111011001000101111011101011000
10111101000101011101101111010100
10111100100010110000110111101100
10111100110011111111001110101110
10111011101101100010101011111010
10111101000010101010110000000010
00111101000010111110101101011100
10111101100000111011011100111110
00111100000001011010100110010110
00111101011000000110111111111011
10111100101000111110010101010010
10111101001101101001001111101000
10111101000010010010100111111000
10111100100110110000101110011110
10111100011010110100100001010100
00111100001110010011001111111110
00111011100100011111010001010010
10111101101100011011011101000010
00111101100110000001011100111001
10111011000001101101101011110110
10111101011111110010010101110100
00111100100011010110111001001100
00111101010011100111101110010101
00111101011000011000010100001100
10111101110100110001001001111001
00111101000110000111000101110011
00111101010110000010111101101001
10111011011110011001100100010100
10111101010011011110110100111100
00111101010010000111000111111101
00111100101100100111101111000111
10111100110101010101110111110111
10111101011001000001000110011110
10111100110101100011001011011101
10111101011000011010100010110110
10111101010100101000000011111001
10111101011010111110101001100001
00111011110111100010101011010100
10111100111011000110001000010101
10111101001110011001000011010011
10111101011111011000000010011000
10111100001100110100100110111000
00111101010000110000001011100001
10111011011110101001111110010010
10111010010111100000111100110110
00111100100101110001111110000001
00111101000000010100011101110101
00111100100110110100000101110100
10111100110011011000000101010111
10111100000111110001101010100001
10111101010010101001011100100101
00111100000000010101101011111010
00111100111010110010101011000111
10111100110100011000110101100000
00111011110001110110110111111111
10111010100011001110010101001000
10111100111000110110010110000011
00111101111100111110110111100010
00111110000000101110010010011111
10111010100001111100010000001010
10111101101100000001011110001110
10111100101110101110110110011000
00111100100011100111111100011010
10111101100100011101100111011100
10111100100101000101001001101000
10111101100001010010110110001010
10111101010010101010011010000001
00111101010011101000111111100011
00111100101000110001000111100100
00111101100101111000100001110111
00111100000100000000000010010101
10111011101110010110001011000110
00111100000100010111001011001101
10111101001100001100010101010101
10111100000110000111000111101100
10111011000001000001101111110000
10111100000101110100010110001100
00111100101000111001111111111111
10111100110010111110011000100010
10111100101011001010001001110001
10111101100100001101111111000101
10111101010101001110110011110110
00111101011100100101011000100010
10111100001111010011011011100011
00111101010101101111010111101111
00111100110100101100111000101101
00111101010100010101011111101110
00111100100110000000000000110011
10111011101001010010110111111010
10111101000010010111000000010010
10111100110001001001011101001110
00111100110001101101000001011110
00111100000100010011011100011000
10111101001010100110110100101011
10111101001111011000001100010001
00111100110000101001000110111001
10111101000111100001000101111010
10111101001011100011100100111110
10111100101111101100010100001001
00111100011011101100011100000000
10111101000101110101001111100100
00111100000000001000100110000110
00111011101010001000111111000110
00111011001111110001110010101111
10111011111000010100001110101110
00111100111101110100110100111011
00111101010101011101110111101010
10111011001111000000010011110000
00111100110011100001111110111010
00111100010110011011001100010111
10111011001001001111001010001100
00111100100101000010100011100101
10111101001110110000101100101000
10111101000011111011101100101010
00111010101010111110100101000000
00111100000011100011111111000100
10111011010111000001001010101010
10111101001010000101111101101001
00111101001110110101011000110000
00111100110000110011010011001111
10111100110100001111101101111010
10111100011011110100011111101100
00111101000011110100111010111101
10111100101011011011010101101101
10111101001011010101000100101000
00111100101001010000001001000100
10111100101000110111100111100001
00111101010011011011011101110001
10111101011101001011010010100101
00111101110010010000100000110011
10111100001010111100111111110001
10111100110000001100110000001111
10111101001111110011100001011101
00111100111010011000010111111101
00111100110101011001011100010111
10111100110000111001101110111001
10111010100011001111100111011011
00111101000010001101111001110000
00111100110010101001110110000110
10111100101000011000110001010100
00111100011001000101001000010111
10111101100011100001110111110000
10111101100101100011110010010010
00111011000011110110111111011010
10111100101001011111010000001011
10111100111111011001000001111100
10111100111110101111110110110000
00111100110100010000100100100111
10111101010001110110100100100011
00111101100110101011100101111010
10111101100110000101010010111101
10111100001111110111011111001001
00111011100010100010011110110001
10111101011111010000111000010000
10111011101010100011010010000010
10111011111001001111111011011011
00111101010000101100011110001001
00111010100110001111110100010010
10111011101011001001010000101001
10111101000100000100001000001111
00111100111111111110110111011110
00111101000100111001000110111001
00111011110001000100101100101000
00111011011010111101011011010000
10111011100110001001010000011000
10111100100000100010000000000101
10111100100000111000111011111001
00111101100001010110011101011010
10111101000101010110001000001000
10111100000100001100001110110001
00111100100011111111001001001111
10111101000110100010111110001010
10111100101101011011101001110000
00111100001111100001100000110001
00111101000001001000111011011000
00111100111110001001001001110101
10111101000001000000100011011001
00111100010110010100100011110010
10111100011011010110111001010001
10111100110001111100111101001011
00111100101100001000001111011101
00111101010110000011101011111001
10111011111001010001010000001111
10111101001011110101101001110011
10111101010111011111010011011100
10111100001000011101000100100001
10111101010010110110010001100011
10111101100100011000111011101100
00111100100110011011011111110111
10111100011010100101100101100110
10111101011111010011111110110010
00111100100110000010001001000100
10111100100100010000000101001001
10111101010010101110010011010110
00111101000000100000101111101000
00111101011101011001010000111111
00111011010111000101000010001100
00111101000011101010001101001101
00111100011000101111010111100000
00111100000111100001110000001100
10111100110001011111010001001111
10111100000010010110100011000101
00111011011111101000011110100101
00111010101111111010100110011001
00111100110001000010000101001000
10111101011000001011001100001000
10111010100010111110001111000101
00111100000101110110011011001111
10111100000100110010101011011011
00111100101110100001111111010001
10111101010000000101001100111100
10111100001000101000010110010100
00111101100001001011100111111111
00111101000011001110111000101101
10111101100110000110110100101111
00111101000001010001100100100011
00111101011010110011000110111101
00111101101011101011010000111111
10111100111010001100101000101011
10111100100010110000110101001000
10111101101101110001001001000101
10111100110100010010111001110100
10111101100101010101101101111000
10111101010101011000010111001010
00111101001011111001100100101001
10111101001101011011001010010010
00111100110101111110011001110010
00111100011110011100011001011011
00111100001110011110001100110011
00111101010001011101101111111010
10111100111011001011101000100110
10111101001011011101010111100011
10111100110110001010100000000111
10111100010000100011101111001001
10111011101110000111110011010001
00111011110001010101110111101111
10111011111100111001111010110100
00111100101010111111110000111100
10111100110000111100010110010111
00111100101001000110010111110010
10111100010100101111111011100100
10111100100101101110100101000000
10111100010100001010001110111100
00111101011000101010110100111100
00111101000111100100010100101101
10111101000011011101000101100101
10111100101010001100100101101010
10111100001000101000101110010111
10111100011111001010011001000100
00111100011010000001110110111101
10111011100000111010100001010010
00111001111100000110010110111010
00111100101101011001000100001010
10111101000101111101100011101000
00111101011001101011110100110100
10111101001010111001100110001010
00111101010110001111110011010101
00111100010011100100100000100100
10111101001100111111100000100001
10111101101010010111001000110001
00111101000111011011100000001010
00111101011000011000101111001100
00111101011010010111011100100000
10111011101100011001101100000010
10111101011100011100111010001110
00111100100011000011101010100101
00111101000100111000000100011110
10111100101110101000001101001100
10111100101001011000001110011111
10111101001111100111010000101011
10111011010111101000001100101111
00111101001001100001011110110100
10111011001101101101110111111110
10111100011001001000111110110101
00111011100111001010110101001011
00111100101101100110110010111010
00111100100100101110101011111010
10111011100000101010011110011001
10111101101000010001101001011100
00111101100100000001000110000110
10111101111001101000011010011111
10111101001010110111110000110001
10111011000001000011010000010011
00111101100000101011000011011111
00111100111101001010001101101011
10111101011110010110101110111011
10111100000100100101110100001100
10111100010110010001110011000010
10111100101100011000111011011101
10111101000100111101011110110000
00111100110001011110001001101110
10111101000010001001010011000111
00111100011000001001000001110010
00111011101011110011111100110101
00111100101101000101100000011011
00111101000000011110000010110100
10111100101010010100110000101011
00111100101111001110000100100000
10111101000111001010011111101111
10111101001101100101010111110011
00111100101100100111000100101111
00111100111100001010110100010010
10111100001010110011000000111001
00111101001111011100101000010110
10111100011000100100100010011101
10111101110100010011000011100011
00111101110111110000101011010100
00111101000111110000111100110101
00111100111110100001011011000100
10111101001000110010100101000111
10111011100010100100111100000100
00111101110110111010101011000101
10111010011011110011010011000111
10111101010000101111010001111010
00111100100111100111011010000010
10111101001000001111100111101101
10111100011001001001001011001010
10111101010010000101000100110000
00111100111100110101111111011101
00111011010001111000100001001110
10111100101110011000101010000011
10111011000000010010101010101011
10111101000100010100011010010101
10111101010100101011101111011001
10111101000100001110100110011011
10111101011001111101000100110101
10111101010101000101111110001100
00111100101001101100111000100101
00111100110011010100010111000000
10111101011000011101001110101101
00111101011110011100100100111010
00111100100001000101111100110001
10111101010000110000011100001111
00111101010111110011011100111001
10111100111010000101001000000110
10111100010110000111101000100011
10111100111101011111011111010101
10111100110101100010100101111100
10111101000111111010111010011010
00111011011000101110111110101011
10111011100010100100001000101010
00111101001100100010110111101011
10111100110000101010000111110100
00111100111001001111001001110001
00111100000010101110111111100001
10111100101001001010101011101000
10111011101110110000011001111111
00111011100100011111100010110000
00111100111111100101100100000010
00111100110011101110111001001101
00111101000000011010110001111101
10111100001101010010010010110000
10111100110101010011010000110000
10111100100011000100101110000110
10111101000101011001000101110001
10111011100101111110110011111000
00111100010001110100111100111000
10111100000000110100011111111011
10111100011011011001110100110110
00111100110100100111011111110001
10111100101101111000001010001110
00111101010111101100011001111010
00111100100011001001011111011010
10111100111000000001110001010011
10111101000100101101001001010011
00111011111000010110110001011010
00111101000111111100010100010000
10111011100111111001011000000101
00111101010101011100001000010010
10111101100110000011101000111001
10111100110100110011010101110111
10111101010000101000111111010010
00111101010011100110000010010011
10111011101110001011000111000010
00111011100001001011001001110110
00111101001001011110010000001101
10111101100101110101110100010100
10111101100010111010010010100101
00111011110100011010111100110100
00111101000000111110111000001001
10111101010001101011000010111101
00111100010010010100000100000100
00111100110101101010101111111110
10111100111100000110001100000010
10111101000011110000000100011010
10111100010100100110100100111000
00111101010110111110011001100001
10111100111001011110100000011011
00111100110010111000100110001010
10111100001001001001001110010100
00111101100000111001100001111001
10111101100100000010010010100101
10111101010000011010110001000110
00111101010000011010011011011010
10111100001100110001110110010001
10111101001011111011010011000110
10111101001101001111101110100000
10111101010110101101101100001101
00111100111001101100010110111010
10111101011110101111100101011110
10111100010001101100010111101110
10111011100101100010101010000110
10111101000001011010110010100100
10111100100100001001111001101000
00111100110011101010000001001001
10111101010011001001111001110110
10111100110111010001011010011010
10111100110100010110101100000110
10111101011000111001011000110010
10111100011001100101010000111100
00111101011011001010100001011100
10111100001110111100100100101010
10111100100011101001001011111011
10111101000010000010111100101100
10111011101000100001110010110000
00111101010001011110111011010000
10111101000111011111000100110001
10111101001100010001101110010011
10111100000101111000000011100001
10111101011001001000101010001111
00111100010011101100100010110001
10111100001000011111011110101000
00111100101001001000100100111111
10111011010001011101100000110010
10111101011010111111001010001101
10111101100010001110111000011100
10111101000001000010100000001100
10111101101001000110001001111100
10111100110111000101111010101010
00111101001010111010101011000111
10111101000001001001011000110000
00111011110011100000101000110110
10111101100001110101011111000110
10111101100111011111110101010100
00111100100101110110000001101011
10111101010001000101011011000000
10111100111011001000000111101001
00111100001001101011011011001010
10111010011100010000101001100101
10111101001011111111011101100000
10111011111100101011100000111010
00111100111000100110101100010000
10111100000001100010101111010010
10111011110001001110110000111101
10111101100000001010110000110100
00111100110010010001010010100001
10111010111110000011001100011101
00111100110111011000000011001001
00111011011010101110011010100000
00111100110101001110101000000001
10111100100000101110011000101101
00111101001110100101111110011001
00111011101101010011010000011110
10111101110001100000011101100101
10111100100101001000111101110010
00111101011000011000011101110001
10111101010001011110010111001111
10111101101011010001100111101010
10111101100011000110000111000001
10111101010111001001110010010100
10111101000001100101001101100000
10111100110100010101111010010011
00111100101011000011111100101100
00111110001110110000011101101000
00111101010111001111101111110100
10111101010001100000001000011101
10111100000001001101110011000000
10111101100001111001111000010110
00111101000001110110111011000011
10111100100011101110010100110100
10111100100101101000011110110011
10111100110000101110100000001010
00111110000000110000000010110001
10111101100001111001110000110100
00111100101010101000000011010100
10111101011000011111011101110111
10111100001010100000110111000010
10111101001001011000100011010000
00111100111100100100011100010000
10111100010001101010111010110001
10111100010010111000001001100011
10111101001000000010111101001000
10111101000111110000001010110110
10111101010011111010001101110100
00111101001011111101000000010011
00111100111010100001101011001000
00111101010000010010001011100011
10111101000110000001000010000010
10111100111011011110101110101000
10111010000111010010011010010100
10111100100011110001110000011101
10111100111100011100110111110001
00111100111101000111110101110001
10111011111101000100010100000111
00111101000011001010010111011110
10111101001101110000111100110011
10111011001010110101010001100001
00111101000000101000000101000110
00111100101111110100010100110011
10111101011110100000110110101101
00111101000110000010110101111101
10111010010111111110100110000110
00111100100111000010000000001000
10111100100001110110011010110110
10111101001100001001011100001001
10111100001011100010101011111100
00111011111110111000000100101011
00111100110100101111010100011010
00111101000000110010100100100110
10111110000001111111110010001110
10111100110101000100010011111010
10111100011001010101010110000100
10111010000000011011000010010101
10111101011101101000001101011111
00111101001011101000110010001001
00111100100010010000000000000100
00111101000011100000110000101010
00111100011101111110101011010010
00111100000101001101110011001101
00111011001000001000000111100001
10111100111011101001010000101011
10111101010111001001010100011000
00111101000011100110100000011000
10111101101111011001000001010011
10111100100110110000100110000011
00111100111111101110110000111110
10111101100000111011011001100000
10111100110110110111001011111000
10111101001010001100111101011000
10111011001011101000001000001010
00111011000100110101000101110011
10111100100110001010110001101101
10111011011100000111110010101101
00111101001011110100011100001011
00111100101011011001101010011111
10111011000110010010110011010100
00111100101101000101111110001011
10111100101111001111100001011011
10111100011011010110100101101111
10111101100001101011011100001101
00111101000100010101000111100000
10111101101111001000011111001000
10111101101011000011101001000110
00111101100000010011011100110000
00111101101101111001011000110001
10111100110110011010001100100100
10111100110111101111101111010110
10111101010100100000010111101000
00111101000011101011000111111010
10111100110110110000000111110010
00111000011010011011100011000110
10111100011101110001111010011010
00111001011001000001110000101100
00111011001110001110110101101010
10111100100011111110110101101001
00111100011011010101110011100111
10111100000000100001100001111111
00111100101100100000001001010110
00111101100111110101001110111000
10111101011100111100110100100011
00111101000011111100100111101000
10111100101100101101110011111110
00111011110101001111010010111110
10111101011011110000101110000101
00111101010111101100001010100001
10111100100111010111000010011010
00111011110011100000001000111011
10111100111000111001011000110011
10111101010101111101000010000011
10111101000110111010001110000101
10111100011100010111111110011010
10111100111110100000110001111100
10111101001000000011000011001110
00111101000100001100100101101001
10111100110110001111001101010110
00111100010110011110001001001110
10111100100100011101001110110100
00111011001110111010110010011000
00111100100111010100001001101101
10111100000011111101110101101101
00111010011110010101110101000101
10111100100001111000011111111110
00111100110010100111011110100000
10111100011001101000111101001100
10111100010101111110111100100011
00111101010101011101010110110100
10111101000001100100100000010110
00111010000101100001000011111000
00111100101001101011101111001000
10111100100010110001110111011110
10111100101110011101111001011110
10111100000011011110010011011101
10111101011000100110111111010011
10111100100110011001000100010010
00111100110000001011110111101001
00111101001101000010100110000010
00111101000101011000000110011001
10111101001100100100111000110011
00111100010110100001011010001100
10111011010110010001010010100000
10111100110101010100001100000011
10111100000010000101101000011001
00111101001011000000111111010010
10111101010110011110010101011111
00111101001110000101111000100110
10111100110000110011001011110000
00111101000011111100100110000101
10111100110000010011111101000111
00111100100101100101011100011001
00111011000000010111100011001011
00111100110000100101101010101100
10111101100110001011111000101011
10111011101101010101011001010100
00111100111101000110010001011101
00111011101101101111110001000000
00111100011111000000111101001001
00111100100010010111101001001011
10111100101110101001111101100110
10111110001100001111010011110000
00111100101100101010000000111001
10111101001011011011010001011101
10111100100110101100000010111000
10111101010011101110101110110101
10111101100011111101001101001001
00111100110000111111111111101001
10111100100111100000110101010001
10111100111001110010010011101101
00111011100101011111010001111111
00111100001001100110110111001001
00111100011010101000110100000110
00111100000101100111101000100100
10111101001101111000001010100000
10111100011111110111100101000001
10111101001001010001011000101010
10111100011110101000011001010010
00111101001111100011110010001011
10111100101010010110011101111110
00111100001111001101101011110101
10111101000010011001101001011010
00111100000111000111011110010111
10111100001101010100001000000111
00111010001000010110001101100110
10111101010101110001010111000101
10111100101000111100001011001000
10111100110101000110001101100110
10111100100010101010010101110100
10111100001101000100110010000000
00111100010001000101000000101001
10111100100001111001100101100001
00111100000101000110111101110100
10111100000110111011100011101110
10111100101001110111001111110110
10111100110011000010001101111011
10111101010100010111000010111111
10111100011000000010010110111100
10111100101110010001011000010110
10111101101101011101011101010110
00111100101111110111110101011111
10111101010100101110110011001111
00111011101101110110111110100001
00111100101011001110011010011101
10111101011011110101110101111011
10111101100001001010111001000110
10111101100011110001110011000101
10111101101100100001100000001010
00111100001100101010001000101010
10111101010000110100101101010011
10111101000111100111011010111011
10111101001000010011110001100001
10111100100110001110110100111001
00111100010101001010101000010000
10111101011001011010011101000011
00111100010011101001000101000111
10111100000101100111001110110000
00111101001110011011110011111010
10111010001101101011100001000110
10111011010110110010010001111100
10111001011110110010011111110110
10111010100001100100000110101011
10111100111000111001101011000010
00111100010101000010011100110001
10111100111011100110100010110010
00111100010001111100011100011010
00111100010011000101000001011001
00111101000100110100000101001010
10111001010000101101010111001111
10111101000110101100111001010001
10111100110100001111000010100001
10111100111101010101001101001011
10111011011111100111111001001111
00111100100111100110000001000101
10111010100110101110000010100010
00111100010110101101001101001110
00111100101011100101000010011110
00111011110011101001101110010001
10111101000111111010001100011111
00111011100000010101000111011111
10111100100100101101101011010100
00111100000010010001000010100001
00111100010010001011001011000001
00111100101011101100011101101110
00111001101101101010100011000000
10111101000101110000010010000000
00111101010001001100010010010010
10111101001110110110101011000011
00111100000010010100010110000010
10111100011101010010101101011000
10111100100101101101101011101011
00111100100011110010110101011110
00111100010111000000110000101001
10111100101011111001000001000111
00111101010000110010001001011111
10111100010010101011110100011111
00111100011011101010101011110010
00111011111100001100000010110011
10111101000000111001101110111010
10111100101000100111101101110110
00111101000010011111111010011011
10111011101101111000011000000000
10111011100111101100111110100110
00111011001100011100111100100111
10111101000110110000001111111000
10111100110100010111011100100000
00111011110110001001101011111110
10111100101111111100001010011011
00111101011001101001011110010000
00111100100001000010011110111000
10111101011100010010001010000011
00111100100110111010111010101011
00111101000101001000000101100001
10111101000000111000100001100100
00111101001100100100011110010001
00111100100110100101011011001111
00111100110111000110100010000000
10111100111111111000100110011001
00111101001011011100101010010001
10111100111011100110010001101000
10111101100100100111010101101011
00111101011011111001011100101011
10111100010111010000011101000100
00111100101100110100000110001101
00111101101010010101101100101111
00111101001101100110101000000000
10111101110001101011001101100111
10111110001011101011000000010011
10111101101100101010110011110001
00111100100111000000000101001001
10111011000111110001010011000000
10111101100110101111011110001110
10111101101011001111111111111010
00111101000101110011000100011000
00111100000000100110101000111011
10111100111010001101001111100100
10111100101010110001100011010111
10111101010110100100101110011110
10111101011001011100011000101001
00111101000010000100110010110001
10111101000111011001110000001001
10111101010010111001011110101000
00111100111010011011001011001010
10111100101000011001010010101010
00111100111001000001011001100011
10111101001100011000101111000110
00111100111010010111101100111111
10111101001100001000011101011111
00111100100100101010000001100111
00111100001101001010010001011010
00111100011010111101001000100000
10110111110010000100000111110011
00111100110010110101100101010010
00111101000110010011001000100101
00111100010000110101010110100011
00111011110100000101111000010101
00111100101100001111110001110000
00111101000100011110100010010100
00111101101010010011010100110001
10111100111001110011100000010101
10111101100100010101101110000111
10111101110101000000100001000000
10111101101010110010100011110000
10111101011001001110001010011110
10111101001001001101001110000111
10111101100011110111101110011110
10111101001001110000100100101111
00111101000101110011111001000100
10111011111010011111100101011101
00111101010110001010010111110010
10111001111011011000000000110111
00111101001000111010111110001101
10111101101110010110100110011101
10111101101011000010110000100001
10111101011001101010011010111101
00111101000010100011000001101110
10111101100111000101001000100001
10111100100101010011000100001101
10111010100100111111100001110010
10111101000010110101110000111011
00111011101011101010000101001001
10111101011001100110101011111000
00111011101110101101110011101000
10111100110010010101000111100001
00111001101000101111010010111011
00111101010100111001000000111110
00111101000010100110100001101011
10111101001010011101110100000010
10111101000100011001001111010101
10111101000111000000010000101111
10111100010000011011101101111011
10111011110111010110010101011100
10111101010011010001110101010011
00111101001101010010001001101001
00111101001000111001011011010111
10111100101001111011001101010001
10111100011001011010001010001010
00111011110100100010110100101111
10111101010010010101001111000101
10111101000101010111011101001011
10111010011100101011100101011010
10111101001001000010011110000011
10111101000001111100010111100010
10111100110101001110110101111011
10111100000011111100000010110101
10111100100110011000100000110100
10111100010110001010111001101100
00111011100000110111111011110111
10111100110111000111110011001101
10111011101010000010111011001100
00111101000101011100010010110110
00111100010001001010100000011011
10111101000100010111100111110000
10111100010001011001011111011101
00111011000110001111111111010011
10111100011000101100110001100100
10111011001000100011111010000111
00111011101100101011111011010001
00111010110001101000011010101111
10111101010010001110110100111000
00111101100110001010000000101010
00111101000110100011000100101100
10111100110001011101111101000111
00111101101111101101011001110110
10111100101101100001110110110000
10111101100001110101000111110000
10111101101001001000010111000110
10111100010001101010010110101101
10111101001000001001001110010010
10111101101000000100000011001100
10111101000000101000000100111111
00111100111011111000011111001000
10111100110010100010000110010101
00111101001011101000000001001110
00111000100101111001010100111001
10111101100010111101110111110000
10111100111111010110001100110110
10111101101101010000101001101110
00111101100111101001110100111001
00111101000001100010110011011001
00111010111111011010101010101110
10111101000001001011001101001001
10111101001111101100011111110110
10111101100101100011111101001001
10111100110011100110110100001100
10111101010010000111000000101110
00111100101110111100110101001110
10111101010011000111100001011010
00111100111111101010100000010100
10111100011110111101011010100011
00111100000111111101100001101100
10111101010010110101001010010011
10111100101011001110010011011110
10111100110110011110000001110110
00111101001011110101000110001100
10111010100001101001000000100100
10111101000100000100000010001010
00111100110001001010011011001001
10111101001010110001001011111011
10111101011001001100100000101111
00111100111110110001100101110100
10111101010110100100101101111101
00111101010100000011100110000001
10111100011000000111001100100110
10111010001010001100101000110010
10111011100111110110001010101000
10111100001011011010111011100000
10111100010010011110000000100110
00111010011010001010100000101111
00111100111000001010001011111110
10111011100101000000100101101100
10111011010011001000101111010101
10111100101011011100111001101011
10111101010110111000110010101110
00111101011101110000000100010110
10111101010101101000000010011101
10111101010100011010011001000001
00111101010100010010101011001011
00111100111011000111000110011011
00111101010101100110000100001001
10111101010010110100111110000011
10111101101011100010010001100100
00111100001000110101001001001111
00111101000011011110011000100011
00111101100110110111010111111010
00111101100001110011011010100111
00111100100011100011010011101010
10111100100001101000011000100000
10111100110100000010010101101001
00111101100001001011001001000010
10111100100101000010011110110000
00111100110101101100101110011100
10111100010110001110001000001011
00111011100000100001101011101110
00111100100110000101000101111001
10111101010000111101100001011010
10111011110011101001000000001010
00111100000001111011001011110001
00111100000011000010101110011010
10111011101010000010000000100000
00111011000010000100110001111001
00111101000111101000011110001011
00111011100010001111100110110101
10111100001001011011110110011110
10111101100100010000010001100001
10111101010010011001010001111001
00111101001101010010111010111000
10111101000010110111010011100011
10111100110100110110111100111101
10111101010110100001110110000011
10111100110110000111001011101000
00111101001101100111011100000010
10111011111110111111010001001000
00111100100111011010011110110101
10111101011100111111100100011001
10111010111001100000101101000010
00111100101000100101110100000100
00111011011011111010011110101011
10111011100100010110011010010010
10111101000011010101001001101100
10111101011001000100001101111100
00111101011110011110101101101111
10111011100100101000101101010000
00111101110111011010100111101000
00111011011101111000100000111011
00111011101010100110111110110111
00111101010000010100110011001101
00111100110010100101100011111100
10111100001000101100110001011000
10111101100100101100011001011100
10111011101000010001101000011010
10111100000101000001011000111101
00111101001100001011111100110010
10111100010011000100100100000101
10111101100011110100000011000110
10111100111000001001000111000111
10111101000111110111100101101111
10111100010001100001000010001111
10111100111101101100011000010000
10111100010101011010010101011000
00111011100101000010100111000001
00111101010100101000011000110011
10111011111101011011011010001001
10111100011010111101100100110100
00111011100110101001000100111001
00111101001101001110001101010110
10111100011101011011110100110010
10111100110110001000000000000001
00111100100101110001011101001000
10111100011011101010000101111011
10111100011110000110001011100111
10111011011111111101010101100111
10111100100010011101110110010110
10111011100000101111010001110010
00111010000110111101110011001001
10111100101110010010100001010001
10111011000101111001011001011011
00111100101111101001010110110001
00111100000011011111111111101100
10111101011111001111011110010010
10111010001011110000000111000001
10111011110010111101000010010100
10111100110100011110101010000110
10111100100100100001110111110101
10111101100110011101111000000000
10111101010101000011011111111101
10111101110100010110000100110100
00111101001101100100111100100100
00111011011101001001010010101100
10111101001001001101001100100110
10111100110101010111111010011010
10111101001100101100001001011100
00111010011011000110000011100000
00111100101011110001000111001011
00111100001111111000100111000101
10111100111010111000111110100001
10111100010110011001100010110111
00111100010111011001010010010110
00111101000001001011001010001100
00111100110101010100011110110110
00111100100100011100110011000100
00111101010001001100111111100010
10111101001111011110011011111100
00111100100111111101110000001001
10111101000000001010110000111001
00111101010011011111111100011100
00111101000101010011101000001001
10111101100101000101000011010110
10111101001001001001011110111111
10111100100101001011110000011111
00111101001010010101000111101000
10111100100111010000101100100100
00111101000101001100000010000110
00111100011111001110100100111011
10111100101000100000100010000111
10111101100011100010000001000101
00111100101100111000010000111111
10111011000001110111111010011000
10111101001111111001111100011101
10111101100100011011010001011000
00111100000000111100111011000110
00111100100001011010100110010011
00111101000000010101010000100001
00111101001111011100000010101100
00111101101010001010010010000001
00111011101111011101100110011000
10111101000011111111000000001100
00111101001010110010000001100100
10111101011101010110101100111111
10111100011111100000011101110111
00111010111011110001010010010011
00111100101111110011000101111000
10111100101011000000101100100110
10111100111001010011101110100011
10111100000011001110011110100001
00111101010010001111110001000101
00111100000011101100000110111110
00111101000111111100000111110010
10111100000100010111001100011001
00111100110100101100010111101001
00111011101001000101011111100000
10111100001100000000010100111000
00111100001000100010111111110100
00111100011000101101011111000011
00111101010111001011110100011001
00111100101110101010010001001110
00111101101010110001101110100011
00111100011011111110000110111001
00111100011011100110100001111111
10111101001001101110101011001111
10111100010011100001000001110010
10111101000100000110000101010010
00111101010011101010100001011101
10111011000000010111110001000100
10111100101101001111111100110101
00111100100010000111111000110000
00111100101001100111111000001100
10111100000100000000000010100111
00111101010111001001110100100010
00111010110100110100011101100010
10111011000110111110101000101110
10111100111001011110110010000100
00111011001111111000010010000101
00111010111100000011001001110111
10111100011111011111101011001100
00111011111001111101001010110100
00111100010110011010101101110110
10111100100011010000010111110111
00111101001011001110010111110000
00111110001100011000101000000101
10111100100001011100000010000110
10111101011000010101010011001000
10111011100100010011000110101111
10111011100000011011111100101111
10111100001100010001001011011000
10111100110001001000010011101010
10111100010111011010100110011001
00111100101010101011110110011001
00111101000001000011001111111010
00111101001110000110011010011010
10111100110001111111010100001110
00111100100101010001011100010101
10111101010001011011011101010001
00111100101000001001100001011010
10111101100001101111100100000111
10111101001011100001110011010101
10111101011010001001011011100101
00111100010001101011101100010010
00111101001010010001010110110101
00111101001000011010111111111001
10111101010010110011001000111110
10111011100011001111000001001101
10111100110010110110001101101001
10111101001110101011001101011011
10111101000011110110111000100110
10111100111000001100001010101001
10111001110110011001010001111110
00111100110001110111101011111110
10111101011001110111111000001011
00111011011001001110000100110101
10111100101111001000001100001101
00111101001010110101011101010011
10111100100001011000000110011001
10111100010000110001111000110101
10111000101010111101110010010010
00111100100111100111110111111011
00111100101110100000010111111011
00111100110011110000100000010101
00111100100000100001010110000000
00111100110010010011011110110110
00111101000101100100111010011001
00111101010010001110011111010110
10111101000010010011000010111001
10111011100111000001100111001110
10111101000111110110011110100001
00111011110000001101110011011101
10111101000101101111000000111101
00111011101001011111010000011000
10111101101101011111111011001001
00111000001100011000111100011010
10111101101101000010011100011111
10111110000101000010000100001001
00111101011100011001010011100110
00111110000101011000100001110111
00111010101101000100001101110000
10111101101001110111001100111101
10111101110000001010101111110101
00111100111011010101100000101010
10111100101001111110011111011110
10111011100010101101011011011010
10111100010011001011010101010011
10111011110001010010100000100110
10111100101010101110101001011110
10111101010111001100011110000110
00111100110101100001011111110001
00111101011111111010100000011010
10111101110101101110011010011100
00111101001001000111000100101011
10111101010111011111100100000100
10111101011010000010110001000100
00111110000011011110011111111110
00111110001111001110010110001000
00111100101100010000100001010010
10111110000000110110100110001001
00111100001101000101000101110111
10111100100111100100001011110010
00111101010100011000011111011101
00111100001101011011110111000010
00111100100101100010101011000011
00111011110101101010010111110100
10111100101111001110101101001110
00111101001110000000111101110101
10111101010001100001000001100100
00111011100010111101100001111110
10111100101011111011100001100010
00111100110001011000000011000100
10111011100100000110110111110110
00111100110011101001111101111000
10111101000100111111001111011110
10111100110111010110011011111101
10111101000001011110100111011011
00111011100010011110000001011000
00111101000011110011000101011110
00111100010101110110101101011111
10111011111001101001000001011101
00111101001011011001100110100001
10111010110010100001001111000010
10111100101110000001001000001001
10111101100100010111111111111100
10111101001011011011001000111111
10111001111001001101011111101101
00111100111000100000100101101101
10111100110000100001001000101100
00111100101000000000101110000110
00111100000100100100000111001000
10111010111111100010001011111111
00111101100101110000011001101001
10111101001001011011011000111101
10111100111111011010111001011011
10111101000010100010101011001001
10111100001011010011011010110101
10111100011110000001101001001110
10111100110001000110010010010001
10111101011001101001111100000000
10111100001010101000001100011101
00111100001001000111000101101011
10111100101010010100001000100000
10111101010110101100111111111100
10111101100001101001101011001011
10111011011011101110010100111011
10111100100110110001010100001010
00111100001011101111001111110000
10111101000110100001011110001011
10111100110110100000100010010111
10111101000110010010101011100000
00111100111111101110001010110110
00111100111001000101111001111011
00111100100101111101010110111001
10111100001110100011101000000010
00111100111001111011100101110011
00111100101011101110001000000011
10111011100101111010110011010000
00111100010011010011000010001001
10111101000100001100001101010100
00111101000000010011100101100010
00111010011101001110110000100111
10111100001010001000111011000001
00111100100100011001000010011111
00111100001110111010001110101001
00111011111000011101011110010000
10111100000000000100111111110011
10111100000101011111010011010010
10111101000101100110000101000111
10111101001011011001000101101011
00111100111111011010110001100010
00111100111100010000011010101000
00111100101011000111011000011011
10111100111110000001010010010001
10111001111001001100111000010100
00111101001010100010010010101001
10111101000100101000010111001011
10111100110101000000010110110101
00111101010000010111001111011101
00111101001011011010100010011011
10111100110111010010001101011100
10111101100101001010011100001001
10111100010011001110001010100111
10111101001100110110100010110101
10111101001010011000001100110101
00111100101100100110100101010011
10111010100011111000111011000100
10111101001100000001001001111010
00111100100000100010001001100111
00111100000000110110011000011010
10111011000100001111100011011010
00111101101100110001000010010100
10111101011001100000011011000000
00111100011001110001110011100001
10111100011100100000100111100000
10111101100110001010100111011001
00111100111101101101110010000110
00111101000100101111111011000110
10111101110111010111010010100101
10111101001110010001001101110010
10111100011111101010001111100000
00111010100110101101001001101000
00111100101010001100100001011101
00111100100001111101001001110110
10111100110001000111110010111110
00111101010001111011111000101010
10111010101100110000000010011100
00111101000011110110101000110011
00111100111000011110001001000001
10111100110111000111001100011110
10111100100001111010000011111101
00111100111110111110001110101001
10111010011110100111000101101010
10111101010000001000011110000001
10111101100011001101111011001101
10111100010001101001100001111110
10111101001111000011100110111101
10111100001111100010110001010101
10111100101101000101111101101110
00111100000111001110100111001100
10111101000111001010101111110001
10111100001110011100001111101000
00111100101111001000111010001011
00111100101111101111010101110101
10111011010111101101001101100010
10111101000010100010000111110101
00111101000100101001000110000011
00111100011100111011011000010010
00111100010011100010010111000111
00111101000001000101111100110010
10111101001010111100000011011011
10111100110011001110010011010111
00111100101110011100001110001000
10111101001011000010011001010111
10111101000111001100000100101010
10111100100100101111000111010001
00111100101101011101011001001100
10111100111000100110000100100010
10111100000110011000101001011001
00111011100110111001000010001010
10111101001000111101001111001111
00111100001110010000010101110111
10111100110100010111110001111100
00111100101000010111011111111010
10111101001000011111110101111100
10111100110100000000000110001110
00111010101011101011100000011111
10111101000101101001010000011010
10111101010101011100001101110111
00111101100000010101000100100011
10111101100000011011010110110001
00111100100011011000110100000101
00111101010011011111110100010000
10111100100000101100111001010000
10111100111100101011000100100101
00111101001001111110010010011100
00111100011110000101110101100010
00111101010110001101100111111011
00111011110100100110100110000100
00111101010001011101101001000010
00111101100111010100101110111101
10111101001110010010110011011111
10111101100000101100010011100111
10111100110110000101010010000111
00111101001000111100010000110001
00111101001000110010110100111111
10111100111010101010000010011001
10111101011011111000101001110101
10111101010001010001111101100001
10111101100011010101000101011101
10111011110110010011111010011101
00111100100001011011001011001110
00111101001110011101110001011111
10111101010000100100011001011101
10111100111111101010001010000000
00111100111010101000010011011100
10111100110111000111010111100011
10111100111001101000100011101101
10111101100101110011001010111011
10111101000000000010111011011100
10111100111111011111000111011111
00111101010100111010001101010111
10111101001000000110000010000011
00111101000100011000011100100011
00111100010111000101110101011011
10111100000100100101101000001010
10111101100101110000000100111010
00111101000111110010101011011110
10111101100000000111000111100110
10111101110011010000110111001000
10111100111111000011011001111111
10111101010101110000111111110011
00111011011000111000111000010100
00111101000011001110001011000011
00111101001001100111011011100100
10111100111111010111111110001001
10111100111101000000001011100101
10111100011100101111110001101000
10111101100101010011111110111001
10111101000110110000011011000010
10111001111100110000110101100000
10111101010010000011000000111011
10111101100000011001111001010110
00111101010101111011001011010100
10111101100111001001101100110010
10111101010111110000101101010100
00111011111011101011101110110111
10111011110001100110101011010001
10111100001110001011110101110010
10111101001100110001100001010111
10111100110011111011001100011001
00111100100110001001100000011111
10111011111001010011001110111111
00111101000110111010111101001011
10111011001100011001000011100000
00111100010000001011000000000011
10111100011101100110111010110010
10111100110101010000000101110100
10111101100011111110011101110000
10111011001111111111100010101101
10111011010101100000000000100000
10111101001111000000111100111101
00111101001000011010011010100001
10111011111110011101011000100011
10111100111000111110101110000110
10111100100010111000111111001100
00111011101100101100011111000000
00111101000111011110011101011111
00111010110010001100011010000001
00111011100001000101010110010111
00111101011000001101010110111011
10111010100010001100011001110101
00111100000011010000111000111000
00111100101111000110101100010000
10111100010101010100110101101001
00111100111101000111100101110001
00111101000100100011111000000100
00111100110001000011110101000111
00111100110101101000000110011001
00111100011000000011010100001101
10111100101010001010001000011011
10111101000111110000011110010001
00111100001110001101111101110011
10111101001010001100101000100010
10111101000001010110011100011110
00111011100000100110011010111111
00111010011001101110111110010111
00111100010000100111111111111111
00111101000000110101000111000110
10111100000011111001000110110001
10111100110101100011010011010110
00111100111100011100000110010001
10111011110111010011100010110110
10111101100110011101100101001111
10111101100111101000111001110111
10111101111110111110100100100101
10111101100110110010101100000000
10111100000111011001101111000110
00111100100100110100001001001110
00111011110010001111000100111011
10111101100011100001110111010010
10111101010101011010000100111101
10111011100001101100100000110011
10111101100110100101111010111110
10111101100110001000110110101100
00111100101011101101011100100111
10111101001111111000111010000000
00111101010101110000111111000111
10111101011100011000110100000101
10111101001001110011011110100110
10111101100001111100100110001100
00111100100111010000011110000001
00111100110110011100011101001001
10111100110001100100010010001001
10111100110001000111110101001000
00111110000010111111011101000010
00111101110110101100111101011000
00111101101001011010110110001100
00111011100100110000111101001101
10111101100011101100010101110010
00111101011110000000111111100110
10111101001001110111001110110000
00111100101110001010110110101100
00111100000101011010100101001110
10111101010010101000010000010000
10111100000010111010011010110111
00111101000101111000010111100100
10111100101100001001000111001100
00111011010001011101000111011101
