00111100111100111100100101111100
10111101100101011111001110101100
10111100010100000101101000010001
00111101100001110100001010111001
00111100110100011000001000001011
00111100011111011100100100001010
10111100110100010010111100110000
10111100000010110001111101110100
00111101010111001110000000100010
10111100011110110100000011010110
10111101110110001001100100111110
10111101100100010111011100011011
00111011111110011111110011110101
00111101011100011001000100110001
00111101110110111101100000011101
00111100101110101100100000101110
10111101011100010100010100000111
00111100100010110001110000101010
00111100000100011011111011000000
00111100001110110100110010000110
00111100101100111100110101001000
00111101000110000110110100111110
10111100101011000101010001101001
00111011011101000000001110010000
10111100001000100011110111110000
00111100010000011010000101000011
00111011110000101101100101111000
00111011111001011000111001011100
00111100110010010000000100001010
10111011100100010111101010011111
10111101000110011110001001010011
00111101001011111010100101001110
00111100100100111100111000001101
00111100100111111111101010001101
10111100010110100111000001000111
10111101000101011011100110100000
10111100111011100011010011110000
00111101001001100100101010100100
10111010111101011110100110001100
00111011101011110101000111000011
10111101001111000110100101101011
00111100101011110010000100110111
00111010011100001100000100101101
00111100000101111110100101100100
10111100000000101001000100110111
10111101011011001110001010101001
10111101010101011010000001011101
10111010011110011111000000010001
10111101101010110010101111101000
10111011100110100001101110110010
00111100010100000110110110001101
10111101010100010011000111110101
00111100000100101101010110100010
10111101011101110100101111011111
10111011111101011100110100001111
10111101010001011000011111010110
00111100110001110111101011000010
10111100111111011001011100011111
00111011110001110001000001111000
10111101000110000010100010010001
10111101001001111100001000010100
10111101101101111001011011110000
10111100101001111001111010110001
10111101010001111100110001000110
10111101100001111010000101010110
10111101000111000111000100110001
10111101000110011101000011000010
10111101011101001111000000011100
10111100100001001010101101101011
10111100100011011010000011111101
00111101001100000011010011100000
10111100100010101010110101111001
00111101000100001100111001101110
00111101011001001010101111001001
10111101001011111010011110000100
10111101101001001001010110010111
00111101000111110001010000101000
10111101000001110010001010011011
10111100100110111111000000001010
00111100011001001011101101000001
00111101001011010110110110011011
10111101011100011101100100111000
10111100100101010010011101000010
10111101001100001111001111001000
10111101001111010110110010110110
10111100000111101011010000010010
10111100000100110011110010010000
10111011101011011000100101101110
00111100101111011011110011100011
10111100111101111011110000111010
00111100001101000010010111001111
10111100111000001101001110110010
10111100000010101011000011101010
00111100010110001110100010110010
10111101001001100011001110100110
10111001001111011011001000011001
10111100100000001011101110100001
00111100100110110110000110101011
10111100101010111001100000110010
00111101000001101011101011000110
00111011101101110110001111011100
00111101001010100110011001010001
10111101010111001010010011101111
10111101001110101010111010111000
10111101010000111011000100001010
10111011100001111001000100111101
10111100101111001100010101111101
10111100101101001000000100000110
10111101011000101100101011110110
10111101010001000110101010111001
00111100100111101011001111010011
00111100101000011010001001110111
10111100111101001010000011110011
10111011100100101111101011101010
10111011110011101001111101000100
10111101010110100100101110110011
10111100100011100111111111100010
00111100101000011110010001001101
00111100011100001111100110001010
10111101000111100111100100010000
00111100001011110011010000101010
00111100010001010010011000101110
00111011101000011001100010110010
10111101110011011010101100010111
00111101000111000000001001011011
10111101001010110000011010000000
00111101010110101100100011001010
10111100011010001000111010111000
00111100110111001100101011110001
10111101001011001000110000011111
00111100011010100101111100001011
00111100100111000110101011110110
10111011001000000110000110010111
10111101000010110100010101011011
10111011011111100011011011010111
00111100001100001111111000010101
00111101000010011010110000001111
00111100100011011101111100011001
10111100000111010000001101001111
10111101011010011101011000000101
00111101001111111011101111000111
00111101001111010110011100010101
00111100010101000101000001010111
10111100110011101111100110110100
00111100000011011110000101011001
00111101000110100111100100000000
00111011101000111100000100001100
00111011101101010100011101100001
10111100101000011010111011000110
10111100110011110101000101100000
00111101010110100111101100011011
10111101010111011001010011110000
00111100100011001100011110110110
00111100010101100011001010001001
00111100001111100110010000011111
10111101010011111100100111001001
00111101011011011010101010111100
00111100101001111011101010011011
10111100000001000101111000010010
10111101001001100011110010110101
10111010111100111110010110100000
00111101001011110101011000011101
00111100101101000110001100011010
00111101010001000010011000101100
00111101011101111000000101000011
10111100000010101001001100101110
00111101010011101011010000111011
10111100100110101010100011010001
10111101100010101010101001011011
10111100110000110001110011110011
10111101010101010001010011010000
10111101011001101011001000111000
00111100111111011101111111001001
00111100111000111100001111110111
10111110000100011011001000011011
10111100101000100001001111111111
00111100011101010111100011100011
10111101001000010110100111000100
00111101001010011000100100100110
00111101110000001010001110001011
00111011100010010101110101010010
10111100100100011011011110011110
00111010110100001110110011110010
00111101010000111101101111100101
10111101011011110110010011110110
10111101010011000111001010011110
10111101010011010100001111010111
10111011101010111010101001101101
10111100010001110110000010101111
00111100100110011011111011111111
10111100111011000101111101011001
10111101000100011000011010110101
00111011101010100101010101111110
10111100000101110100110111100000
00111101000001110110101001011011
00111100100110111010111010001100
10111101000011110110100011000110
00111101100011000110010111110100
00111101000101100110100111100001
00111101000011000000100110011111
10111101010110100101101101101100
00111101001001010000000001110000
10111100111110011101001001011100
00111101000001011010101110101111
00111101010110000000110010100101
00111100010100001010011111001010
00111100111101000100110000010111
10111100110000010100110010111011
00111100111001111011011000001010
10111101011100010101111101011001
10111100011011000111110011101000
00111101010110101000010111000111
00111100111111101000111001000110
00111010111110011101000000101100
00111100110110111011100101111111
00111101010001100110010110110100
10111100110110100101111110000101
10111100111000101111000000011100
10111100101110111100110100000111
10111101001101110110000001001101
10111100101111010111010000001011
00111100000011000101010100001111
10111100110001111011000001110011
10111100000010101001100000011101
00111101000110110101010111001011
10111100100111000101010000010100
10111100100011110001010000010000
00111101000000101010010001110101
00111101101111001100110101110101
00111010010010110100111011001001
10111100111010001010000100100001
00111101000100001100010110000011
10111100011100110101111100100010
10111100100010110010001111010101
00111101001010100100000000011000
00111101011011111000100010010100
10111100100111000001010110110111
10111101011000100001111010111100
10111011111110110011110101000100
00111100101111100010111100100101
10111100101001011010000000001001
00111100101010100100011101011111
10111101100010011100110011011010
00111100000111001010100111011000
00111100101001110100100010001110
10111100111111100001010001011111
10111100011110101001000000110011
00111011100101100100110111110000
00111100100010101111110110001111
10111100110111010100000110011110
00111100000011000111100111111110
00111100110100110101111110110010
10111101101001001100110110111011
00111100010110100100010010011000
10111100101111110111110110000000
10111101111010100101110001111110
10111100101000100011110101001010
10111100001100100111101100011011
10111100110000110001010000011100
10111100101010101001100110110110
00111100101010110101010101100101
00111100100110001110010100010110
10111101011111101111100001010111
10111010100001011110111111101110
00111100101101011101110111001010
00111100100000000010100110001101
00111100101111100000101101110100
00111100000110110100101001111001
10111101010100000111000100101011
00111101001011101100011111101010
00111101000011000011110001010110
10111100010101011101111100011010
00111100011000010111111101010011
00111001111001010101101101000001
00111100001101010110010011101100
10111100100001001001110001010001
10111101010101011000101101010101
00111101001011001000100100101111
10111100000111001101111011101110
00111100111000010101101001011001
00111011101001101010000100111100
10111101001010110000010001110011
10111101000101011110110011101010
00111101000010100100101011001101
00111100111111100100010001110111
10111101100010010010001011001100
10111010111011101000101001010111
10111011101010011110111111010101
00111110000010010111011000110011
10111100011100100110001000001011
10111101101001001011111110000110
00111101000101110101111100101111
00111101011011111111010101101000
10111101001100001101110000111111
10111101011111101111110000110001
00111100001111000010110001010111
10111101001011100111100000100000
00111100001100001001010011011000
00111011111001010101110111011100
00111011100111101100010110110101
10111101011110110111000010111101
10111101001100100101000100111010
00111100011001111100100100010100
00111011100100011110100010100011
10111101000011011010011001110110
10111100100011111101001100101011
00111101000101010100010111111000
00111100010110011101011101010011
10111011110101000001010110000111
10111011110010000100100010101111
10111100010010111100010001000011
10111101001101011010101011101100
10111101011011010000110110001001
10111101010001000001010011001110
10111101000110110111100100101101
00111101101010011011110001011111
00111100110110111111001000100010
10111100011000000110000111100111
00111001010111100001011011101001
10111101001101000110011111101100
10111101000110100000010011001100
10111100101100000011111010011001
00111011110001010101010111110001
10111100011000010011100100001010
00111101011001110011100111000101
10111100111011000101100010001100
10111101001110001010100011010001
10111101000100111010110010111010
10111100010011001101000010011010
10111010001010011101101001001111
10111101001000001111100010101100
10111100000100101100100001110000
00111101001101101000100010111101
10111100100101100001100010001110
00111100001101111111111100110100
00111100111011010111010101000110
00111101011011111110100101110001
10111100011011001100001111010010
00111101000000101101110000011001
00111100001111010001001000000101
00111010001001100010111101001010
10111100100010010110101001101011
00111011010011110110001100000100
10111101100111001110111010110011
00111101000001101010111100111100
00111100010111110100110111001010
00111100111001110011100001111011
10111100000101110100111100001101
00111100111110011110110000000001
10111101100000110100001011000011
10111100111011100110101011010110
00111100101001111100110001111001
10111101100011001101010101010011
10111101100100001000100000101000
10111101000110110101110101110100
10111101011100110001111000010001
10111100011000001110111111000111
10111101101000010111001011000001
10111100111010110011110110000000
00111101100000000110101101001110
00111101010111111111100010101011
10111100110111010010001111111001
10111100111001000111001111101111
00111101100100111101101011110110
10111100010011011000100110011110
00111100001001010000011100001001
10111100010110000000101001011011
00111100100011110000110111111011
10111101001010010100000111010100
10111101010000100110001111101100
10111011011100110111000000011111
00111100010011100111110101111111
10111101101010101110111111100110
10111101101011000101011100111011
00111100110011101111001111101100
10111101100011010100101010111000
10111101000011111100011011101011
00111101011010011100101110011000
00111101000100101110010010000011
00111101100000110011101101010001
10111011101000000100100000100010
00111011001011010001110001011001
10111100010110010111111100100000
10111101001001010010100010111110
10111100101100100011111001010011
00111100101100011000111110111010
10111100111010100110001100101010
10111101001100010110111011110000
00111100110010011110100011110101
10111011011011010001100000110010
10111101110001000101100101111110
10111100100011101000000101011011
00111100010010100111101111111000
00111100011110011001110010100101
10111101001100111011011011010011
10111100011111001011010000011000
10111101100001010110100001000010
00111100110001001011101010110011
10111100111111100110101100100100
10111100001100110001010101101111
00111101000101000110101101001110
10111101001010110111000010010010
10111101000011101011001110110001
10111101100111110110011011100010
10111101001010010011000100110000
00111101010110000110000010100101
00111101000000111100011000110101
00111101001100110111110101001101
00111100000101010100010010011101
10111101001110101100111001010000
00111101001111011010101001101000
10111101101110101101011010110110
00111010111101000100001001110111
10111100001010110101111001001110
00111100100010011001001000011001
10111101001010010011101001101010
10111011100100100100111000100001
10111101000001110110111101110101
10111100011100001111111100000001
00111100101111101110011111000110
00111011111000010111110000000110
00111101001000010100000110111011
10111101011110010010111101011110
10111101001010010011001010001101
00111100001000100101011001010000
00111011100010100110100010100001
10111100011000111110001010110101
00111011101111001111110001110100
10111101000010000010101101100011
10111100001010110000001110011010
00111100001110110100100101010001
10111101000000011110010110010011
00111100111101001010101011001100
10111100101010111111110000101000
10111100111010110101101100010101
10111101100000101010010110001010
00111101100000001111001010001010
00111011100101110100100110010101
10111011001100111101101111010101
10111011010111000010111001110010
10111101010010010010010001100101
00111101001111010110011001000000
10111101100011100010100110001011
10111101100111010001000011011101
00111101001011000011000001000101
00111100101000101101001011011001
10111011100101001100110001101010
10111101001010110010101010010011
10111100111010101010110000001011
00111101001100101010101101001001
00111101001101100010100011000110
10111100011000100110000111000001
10111011010001100110100010001011
10111101100011111000100100111000
10111101011000000110111010011111
10111011001000100100000100011100
10111101010000101100110010110100
10111100111000100100111111011001
10111011010000111011111011001010
10111100100011100010100010011101
00111101001111011001101111100110
00111101011000001100101011000011
10111100111010010111101110011011
10111101011101010110011001011110
10111100100011110001001000000110
10111100001111011100010101011101
10111101000011111000000010011110
00111101000101000101110111011001
10111011001110011000111101001010
00111100000111110000110010000011
00111011000011100010011101011000
10111101100000101010000101001111
10111101010110101010111000110011
10111100101000010111000101100101
00111100000100010110010000100001
10111101001101101001111110100111
10111101000100100011011100000100
10111101010100101001000000010101
00111100010010100000001100001010
10111100000101101100011100000001
00111100000010001000000001001010
10111100000111010100010001010101
00111100000010110010110000101001
10111100100000111000111000110101
10111100010010011010110100011100
10111011101111010100011000100101
00111100110111001110011110100001
00111100110111100100011111101011
10111100101001001101010110010010
00111011111101000001000111100101
00111100100110111101010110111011
10111101000100011001010000010000
10111011110110011011000011001010
00111011100001100011100000011000
10111100000110010010001111101010
00111100111111110110111101111001
10111100000110101100001001100011
00111101001110101100000010001101
10111101010010110011000111011010
00111101100010011000010011000100
10111100111000110101100100011111
10111100001111101100011100000100
10111101110110001001110110110011
10111101010100001100101111010110
10111100101001011110001011111001
00111011001100111010011000000100
10111100011010100111001011100100
10111100100100100001100011010110
00111100100111010010100111001001
10111101001101000000000100110111
00111100101001001110110110001101
00111100110000000000110111010011
00111100110001010101111000100011
00111011101001111001111100000010
10111101001001010100010011100010
00111100110000111011001101011001
10111101110101010111100000011111
10111100011011101011001101111110
10111100111100001110111001010000
10111100110000001110011100111100
00111100001010111101100001100100
10111100111001000010110011111101
10111101010110100111111001110101
00111100011100011001110100100011
10111100100101100111110011100111
10111101001111010010110011001100
10111101100010001101101110000010
10111100001000001011100011100101
10111101011100111100001110000110
00111001111000111101111110101101
10111100101111011011011110001000
00111101001110100101000111011110
10111101000100001110101010001011
10111100000101100101011001100001
00111010001010100000010001111011
10111101000101001001110000010010
00111100000011000011010011000011
10111101100110110101010011011100
00111011000011000101010110011010
00111101000100101001101101000100
00111100110100001001101110001011
10111101100001110010000110100100
10111010110111010101011101111100
00111101011110001101110101111011
10111100101011100111101010101000
10111101101111010010100010100111
00111100100001111101100011010111
10111101000110100110110010101111
00111101000011011011110010011010
10111101101110010010000101101111
00111101100111000101111111101111
00111101110111101110010000000110
10111110000001111011011111110110
10111101110110110000011110010000
00111010110111011000011000011001
10111100101110001101010000111001
10111101100010100100000100000001
10111101110010100010111101011011
00111011100011111001011101110100
00111100000100001110111011000010
00111100010010100111000110101011
10111101010011100100011111010111
10111101001000010101000111010011
10111011011110010101001001100100
10111101000010010101001000101010
10111011010100110110110011100110
10111101010010110111111101101000
10111100000100010011011010010100
10111100001000100101011101111001
00111101000101111011101010101011
00111100001100101100001000010110
10111101001001101101001010001101
10111100110111100010111111101101
00111100101111001100001110001110
10111101001100001111111010011000
00111100000011101000111010110111
10111100101010100101100011000100
00111100001101110101110001000111
00111001110101111001100001101000
00111100011000000110111110010100
00111011111110011000101001110010
10111100001000110111101100001110
10111101011010100111101111000110
10111101000001001001000111101001
10111011010111111010111100101110
10111011111010010110001010001011
10111101001011001111100011011110
10111100110011000000101111111010
10111100101011001000000100001110
10111101001001110101101011100110
00111100110001001101101110110111
10111100111001010011111001001100
10111100110011100010100110001000
00111101010000100111101110011110
00111101010101101101101001011001
00111011100101010100011100110101
00111101000110010110000101000001
00111101000101000001010110101001
00111100101110001111010111101011
00111100000100000010000110101101
00111100100101001010010101100010
10111100111010110000011000110001
10111101010001000110100001001010
10111101010000011101110001010110
00111011110010011011000001011100
10111011101000111110010100010101
00111101011010001001000000101100
10111011010110001011101100100011
10111100100111100110100010110100
10111100100010000000111010101101
10111100110000011100001000010110
00111100111111011000011100001010
00111011110001111110000111000100
00111000101001110000010000101111
10111100110101111100010011110111
10111101100111110100001001111101
10111101000111101111011100010111
00111100100010011001110000110001
10111100011001011001000111010111
10111011101100111101000010101111
10111101100100100111111100111001
00111101100110100110011001000101
00111101001110011110111111101010
00111011110001000100110111010111
00111101000110010111101110110000
10111100101001111100001000111101
10111101010011001011100001111111
00111011111100010001000111000011
00111101001100101011010011110011
10111101001101100110111100000001
00111101000011111100011101100111
00111100100100001001101000101110
10111100111100111111101101111001
10111100010010101011001001010111
10111100100111010001000111111001
10111100010100100100110011110000
10111101000010110011100010100001
10111101010100111101100000010111
00111011000110001111111000111100
00111101101110101011011001100001
10111100110010011011000111110010
10111011100001001100110111001111
00111100001011010000010010001111
10111100101010110101000000001001
00111101001001101111101010010011
10111100001101010010111011001111
00111101001011010100001111001010
10111101010101100000000010011011
10111101010110111010001001100011
00111100011000111100001101110011
10111100101000100100010001111100
10111101001011000100110010101110
10111101001110001110110011111010
10111100001101000010010100100001
10111011100010001100110100111010
10111100100110000111101101000111
10111101011000111010101110110010
10111100000100110001111111000010
10111101001011011010000010100000
10111100100010000111101101001100
10111010111100111000010101101001
00111011100110101000001111100111
10111101011011011010000000000000
10111100010010111011010000010010
00111100100011100011110000100111
10111100111101000010101001101110
00111100011101000011010100000010
10111100101000101000101110000000
00111100101001111111111011010100
00111101100001001110111010111110
00111101101000100000000010001011
10111100101100100011110111111111
10111011111101110000001111011000
10111100100111101010011001010001
00111100000110000100111111110010
10111100101101110111110101010111
10111100111000010110110101000011
00111100110110100100101101100111
00111011111110010000000000111011
10111101001010100011011111001010
10111100110100101101000111101111
10111100001100101100011101101011
10111100111100100000000111100010
00111100101110111100010010001011
10111100000100010111000110000111
00111100111011110100011100110110
10111101000111011110100000000101
00111101000000111101101000101010
00111011101011000000011111110111
10111011101101110010111011010110
00111100100100101011000010010011
10111100000000111110001000111110
00111100010010101000100101100101
00111100111010110010011110010010
10111101010111001101111001001111
10111101101011001101001111110010
10111101000011100001111110100110
10111101100000101110110000010110
10111101011001101010010101011110
00111101100001001001110100101100
00111100111101101001111010101100
10111100110001001010000001100010
00111101000010000101111000100110
00111100111111100100010001011001
10111011101001011011100011001000
00111100100111000101111101010000
00111100111001001011100011101110
10111101010010000111011110110010
10111101011101001111000100011110
00111011101101100101100110000001
10111101010001010111111101110000
00111100100011000110111010101101
00111100011010111001100010110111
10111011000001000110100011111011
10111101000010001010001110001111
00111100001011100110100011101110
00111100000000001100101011111111
10111101001111110010010111111100
10111101000100010010000100011101
00111100111110001000011010000011
10111101100011101000010001000001
00111100001101101100011111110101
00111101000011001101011111110010
00111100001111000001010001110110
10111100101110100011111101001000
00111101000100010101001001111111
10111101101000000001011000000011
00111100111111000011001001101100
10111100100110101100011001100100
10111100111000110011011101111011
10111101000101111110100011100111
00111100010001100110111011000000
10111101100001110010111000110111
10111101100100000011001011010100
10111101000110001010110101001100
10111011001000011101000100010011
00111010010011000000110000100110
00111100110110110101010111110010
00111100001101011110001100101101
00111011001110100101010111011110
10111100100010001010111100011011
10111100111011001101110000000000
10111100100111010000001110110010
10111101100001010010101111010100
10111101010100110110010000111001
00111101011111110100100011111001
10111101101010110110000111011010
00111011101000010111110001011100
10111010000110001100001000011101
10111100111111011000110111110001
00111100011010111110001110010010
00111101001100111000111110100101
00111101100001101011101001001111
00111100110000111010011110000111
00111010000111001010111111000101
00111101010011111000010001000100
00111101000010000110010100001000
10111100110111100100010011000011
10111101010000101011000100011000
10111100000101100100000101011010
00111101000100011111101100101011
00111101000110001010000111011011
00111100110011111010110011111010
00111100110011101101111111110101
00111101110010110011001010000110
10111100011110011110001011100011
10111100100011100110101111000001
00111101011100001011100111111100
00111101011001110000000001010001
00111011101111110100000110000010
10111101001011110110011010001000
00111000010101011101111111101101
00111101000100010100111001110100
00111100011110000010111001011101
00111100011000010010101110000101
00111101100001001001001111011000
10111101010101111011001011011000
10111101001000011000001100011000
00111011101001111101101111110101
10111011110000111110001001110001
10111101011110111001111100100111
10111011100001000000001111110101
00111101100011001011110100000011
00111100110111111110111001011100
00111101000000001111100100100010
00111101001000100010011011001000
10111101001000010011101100010100
00111101001111000111100100010111
00111100100001010110111011000001
00111100110110111101101000100011
10111101010010000000001101010110
10111011101110101110111100110001
00111011110100100010011010110011
10111100110000001011001101100100
00111100100011001100000111010100
00111100111101100100010000111000
10111100001001110101011100011001
00111011111101011110101100101101
00111100101100001100010110111000
00111100110010010011011000100011
10111100100100011100011110110010
00111101100110110101010001101011
10111100010001100011110101111100
00111011000010010000111001110011
00111101011010001001101101110111
00111101011110111101011110100011
10111101000100001110111000011111
00111101100011000000111010010000
10111101101111001111001100101010
00111100010100010011100001000101
00111101000010011111000101001011
10111100100011010011111001110110
10111011010011101001000101001001
10111101000110010101011001101111
00111100000001001010100000000000
10111100101000011011110001011111
10111011000000010101101100001001
10111101001001011100010000111111
00111101100000011011011110001010
10111100100000011010001101110110
00111100110000100101111101100011
10111101010000110100001010000011
10111101001011101110000010101101
10111100111100011101011111111110
10111100110100000111110000100111
10111100000110001100110111010011
10111011010111101100110011101100
00111101000101000100010111000010
00111101101100001001010101100111
00111100110101111110011101000100
10111100100100000100001010110110
00111100000011011100111010110000
10111100101110000111010100100000
10111101000110101010110011100011
10111100110111111101011001001010
00111101000100111110010100110101
00111101011100010001111110001001
00111100000010001011100000011100
10111100010000011111000100000011
10111101010000011011101110111111
10111010010010111111100010111101
00111101010101111110010011010100
00111100100011101110001110011111
10111100010100111101100001110011
00111100111111001000101100001011
10111101011010000011010101100010
00111101100011101010010010011110
10111101001001110001101101100011
00111011101001001100101100000011
00111101000000000111000011010100
10111101011100100001001011100101
10111001000011001000110011000100
00111100010100111110110110001001
10111100110011101101001011111100
00111100011011010101011100100010
10111101010100010111000000011111
10111101100001111100011011001000
10111100100101110100011111100000
10111100111011001100111000011001
10111010111011100110100001011000
00111100001100001011101111100100
00111010000100110010100011010001
10111101010110000011100111111111
00111101010000010001101100100111
00111101011110101001000101001011
00111010110101001000111011001110
00111101001101110011000111000000
10111100101000100100011101100011
00111011100010001111100011000010
00111101100000001001110011010010
10111100011010100000010100110110
10111101001010011000111110100011
10111011011011011000101001010100
00111101000111011001100111111011
00111100000100011100000011101010
00111101100100011001000001101100
10111100100100110011101101000010
10111100010110111001000011101000
00111101000110001101001100101111
10111101100000110001101001101101
00111101010000101100101011010110
00111100101101000100111011000111
10111101000100011011101010000000
10111100101110100010001111010000
00111101001010000111011111011010
00111100000000010000111111110111
00111101001110000110100010110111
10111101001001101010001011010100
00111011111110011111011011100111
10111100111110111111001011001100
00111101101001001101101101001000
00111011111101100110111101101101
10111101001101111101001110001100
10111100101111111010011101010010
10111101100000110011101100011110
10111100110110010000001100100101
00111101010100101011010000011110
10111101111000101110000100111010
10111011111001010011010000010010
10111100100111111001101010100101
00111101000011111010000001010100
00111100101111111000001011110011
00111100000000000011100001111001
10111100000111010010111100100111
10111100101101011001100101010111
10111100001111001111001100110011
10111011100011000110000100111111
00111100011110100101100111111000
10111101011001110100101000110011
10111101110111110110011111000101
10111100100001010000001110100111
00111101101000000011100011011110
00111101010100110010000111110000
10111100101011111110011001110000
00111100011110101010001011110111
10111101101111000110010000111111
10111101000111001010111101100010
10111100100011000011100011000100
10111100100100010100110101101011
10111100111011110111010101011001
10111011010110010000111010111000
10111101000110111001100110100000
00111001101010001100010001011101
00111011100001001110110011100111
00111100101001011110010101101100
10111101001010111001011001001001
10111100101011001000101001100001
10111101011001001100110000010000
10111101100000010000010100100101
10111101011000000101100000010100
00111101000100001100110000010010
00111101010111100110010110100110
00111101000111000101011011110101
10111101000111011001001111000011
00111101100111100111100111011001
00111101010111111010101100101011
10111011101001100000100101001000
00111101010001011101001111001000
00111101011110010111010000110110
00111100101011111111010101101110
10111100101001000011011111110111
10111101001110101010000000000111
10111011010111010011101100011101
10111010100101111010110101101110
10111101101000001011000111001100
10111101101000010000101011100100
00111101000001111011101111010100
10111100110111011110010101111111
10111010011011111111100110110000
10111100110101001100100100101110
10111101010011010101001110010101
00111101100001111000010111100111
00111101001010100111010110100110
00111100110000100001010100011111
10111100000000011110000011011100
00111011110010111011111101110001
00111101011110010011111101000010
00111101100101011011111000011000
00111100100100110000001100110000
10111101001101110000100101001011
00111100111000000000110100100101
00111101000011111111100100000111
10111101100101010000011011010010
00111101001000001101001111110110
10111100111111000101000101000011
10111100011101110101010101110110
10111100000110101110110111000011
10111011110001110100111001100111
10111011111011001110100111110000
00111101010001001001000010110110
00111101010101000000110101001100
10111101000110100100000110000010
00111100100101011001001110100110
10111011110001010001000100011111
10111100001011001000010100001001
10111101000110110001010010000100
00111010111011011111111111001011
00111011100001101011001010100010
10111100100000011010010101111101
10111100001010100011000011111110
00111100010111010010000111101011
10111100100001101110100000011001
00111011110000011011110110100110
00111011110110110111011110110001
10111101001000001110000000000110
00111101001000111011010110000100
00111101100000111100110011000000
00111101111000111101011001010011
10111101001100111010100000010000
00111101011110101011001100000011
10111101000010010010101110001100
10111100110010100000100100101000
00111100100111010010110100000000
10111101101001101010011111110110
10111100110011100110110001111101
10111101011001100011010100001101
10111100111011011111001001000001
10111100010001001110000001010110
00111100101001000101011100010011
00111101101101000110100000010010
00111100100011001011111110111000
10111100010110010100111101110101
10111100100110101100000100001001
10111100011011111010000010110100
00111101100111101100101110110011
10111100001000100101011100101110
10111101000110111001010101011010
10111011010111110100100110001011
10111101001100000101010001110110
00111011100011000011110101000101
10111100000101010100011110011111
10111101100100110000010101000100
10111011101100110001000000110001
00111011111101110110001011100011
10111101100001011000100010111101
10111011010110101011101110000000
00111101010010110100100101001100
10111010100011011011100101100011
00111101100100100000011100110000
00111101001001001111100110000100
10111101011111011110111011111101
10111101001000000001111011110011
00111100101111101000100001011010
00111101000010010110011101000101
10111101100001000010111100100010
10111001011000111111111110101110
10111100100011001010111100111100
00111100110011110110010100111110
00111101000100010011100001011101
00111100111000101111101100000100
10111101000111111100111100000111
00111100001111111000110010011100
00111011000010011011111001100011
10111011111111000010010100000010
10111100110000001000100100000100
10111101010011011010110000111100
00111100110001011010110001000010
10111100100101101010110001100011
10111101001111010011101011110010
00111101000101100011000100011011
00111100100001011101001111010001
10111101001010111100110001100000
10111011110111100110101110111101
00111010110001011100010000000110
10111100110000011101000101111010
10111101000011011111101111011100
10111100110000010001110001111001
10111101101101101110000011011101
00111101011101000101001111010001
00111010001001110101100101010111
00111011110010110001011100010001
00111011011010100010111100101100
10111100001011011101101010100011
00111101100010011100110101101010
10111101010101011101010001001110
10111101010100010100011111000111
00111011110011010110101011011100
00111101000100010111110011000000
00111101010000000111011011010001
10111101110100000110010110111111
10111110000010011111110111110010
10111101000011100111001000000100
10111101000111111100101000111010
00111100110011000110010010010100
10111100110010000001111100100010
10111100100001010110010110111110
00111011101111010001001101101000
10111101000100100100100011110000
00111100101100000000110101110010
10111100001100111010010000001111
10111011001001110011000101010001
00111101000111111000011100100010
10111010110100010000100000010011
10111011100010111100001110101111
10111101001001110111011110010011
00111101000100101001011001000110
00111101000100100001111101011010
10111101001100001111111011111110
10111101010111110010111100101110
00111100000111111111110010101011
10111101100001101010011100110011
00111100100110100111010111101001
00111101011010101110011110011000
10111100010111000011000000100010
00111101000001001110010001101110
10111101011111000011111011000110
00111100001110110001011001010000
00111100111010100101011110111000
00111011101111001010110101001101
00111101011100110000100011100110
00111101010011001101110111011101
00111100110100110000111110011010
10111101101001010100000001001011
00111010110110010101010000100100
00111100011110101001010111100001
00111100000100101001010010000001
00111011000010101011110010101111
00111011101001110110011111011101
10111101010011100111011110011110
10111101110101000000000100001010
10111101010011101100101001100001
10111100101000010101000001110101
10111100100011110010111111010111
10111100110100001010100101100111
10111011011111110011100110100001
10111010101111000111100010111110
10111100011000110000011111001001
10111101010011001101000100100100
10111100111101011111100110110001
10111101001011110001100011110010
10111100011101100001110111101011
10111100011110010110101101001101
10111100000111011001000010100100
10111101010000001111001100101110
10111101000000010011110110000011
00111100000100111111011011110000
00111010010000100000100000000000
10111100101110101000101001111001
00111100001111101010101101100100
10111101110100100111101011101011
10111100011100100011011111101010
10111100100101000011110100101001
00111011010000100100001100010100
10111100011100111101011000010100
10111101101000100101011110001010
00111011001100010110111010001000
10111101001010110100111001011100
00111011001000100011011111000010
10111010010001110000010010100000
10111101000001000010011001011010
10111100011010100011100010111101
00111101000101010111010000010011
00111101001010110100001111000100
00111101000110000000011010110011
00111100010011000101111100111010
00111100111000111100110011110101
10111100000011100010001010001110
10111101001011111100111100000000
00111000101100111010001111100100
00111100000011000001111111000100
00111011111001110110011110111000
10111011111001001010000101010001
00111101000000011101111110100101
00111101000000010010101001010010
10111100111111001101100011111000
10111101000001101000011011000001
10111101000001010110001100101001
00111100101110101011111011110010
10111100010100000111010010110110
10111100010010110110010011110111
00111101001011001001010000011111
10111010001111100111111011001110
10111100110011101110011010010111
10111101000010001000001011010111
10111101001001110011011000000110
00111100100010000110011101100001
00111101010001111101111111101011
00111100101100111010010100100010
10111101011110010001101100001101
10111101010011010001101011010100
00111100100010001110001011010010
10111101100110111011011100101010
00111100110010110011010110110010
10111101000010010111111011000111
10111101100001111100101001001000
00111101001100001001110011011100
00111101010000101000010111110100
10111011110000001111111101110011
10111101011011001001010110100001
10111011101100101110111111111011
10111101010011011001001010111000
10111101010101100100100010001101
00111100101001111010001001110111
00111100110001010010110100011100
10111101011011001111101101110100
00111101011000000101111001101101
10111101001110110011101000001011
10111101010001101001111000000000
00111101010100101101000000010011
10111101101001001011010110011001
10111101000111001111001111111001
00111101011100001110000111110111
10111110001101010101001100110110
00111101000010011111011010100000
00111101010010000100111101100110
10111101101011111011000100010101
00111100000100001100010101001101
00111100100010110111001110101001
00111100101000110100011100101111
10111100010101100000100110110000
10111100010110010011101100101011
00111101101010000100001011111101
00111100000101000010110111101100
10111100101001101010010011001111
00111101000101111101111100100001
00111101010111110011100000001001
10111100011011111111111110001011
00111101011000111110111001011010
00111001101100110111001001110010
10111101100110100101000111111111
10111100100000000010110100010001
10111101010101100001000011011101
10111101011001111010010001111001
00111101000111100000111011000001
10111100010100100101111100000111
10111101001111001000000010110110
00111101010100101110011110001101
00111101011011001000101001010111
10111100101111010101101101011011
00111100100001011000110100010010
00111011001000001010111000100101
10111101101001100111101100111111
00111011111110110111100001001110
10111101000110000110010101110100
00111100000000001000110000101010
00111011100001111111011101110001
00111101001001110010111110010010
00111100011110010000011110100010
10111101001101111101100110011110
10111100001000110101111000100010
10111100101011110111111001001010
00111100010010111100001011001101
00111100011101111110111100010011
00111100011010100101110100111111
10111100100010111111111000110111
10111100000010110001111100011011
10111101101000001100110101000001
10111011010010001101101001000001
00111101011110110110001011011010
10111010000010011010001001110111
10111100110110100100101110101011
10111101000110010111110001110010
00111100101110111000100111100010
10111100100011001110111010110010
00111101000010110110100010110111
00111101010101010001011100101011
00111101000100010100110111101011
10111011010001011010001001001010
10111101010100010101000110111000
00111101000001001101000010011000
00111101001111101000011110100000
10111101010010100110001010110011
00111101101011011001101111110101
00111101001111100110011011110111
00111011111011101000101010011011
00111101001001011101111000110110
10111101000111100011011110010110
00111011101011111000000111000000
10111101110101010010111101010101
10111100100010101010001101100110
10111101010100111110011100110011
10111100101101100111000010111110
00111101010100111111000001000110
10111101001000110101001110111010
10111101100111101101101000000010
10111100010110101101111110110110
00111101000000001010010101100010
10111101101000111011011011100011
10111101100111101100110001000001
00111101000010001101101001100101
00111100000001111101010011000100
00111101000101100011000110000000
10111100100100110101101110111000
00111011101111111101101000011001
10111100010100010011101000101101
00111101010011110000101001111000
00111010110001010111001010111001
10111101011001001000111101011011
00111011000011100101110111010001
00111100110111000101000010101101
00111010110100001100111001010101
10111100000010100110011011001101
10111101000100001011001111001110
10111100011110110011100000110010
10111101010011110001110101110000
10111100110011111010001100010001
00111101000000111110110101101111
10111100111100101010110101010001
10111101001111000001110000010101
00111011101100000100100001111110
10111100100010101111011110111110
10111100111100001110000001101101
10111101011000110011011110111101
10111100101010000111110001110111
10111101000110011010111111001011
10111010100101100001101000010001
10111101000101110101011111111000
10111100000111001000000110011101
00111011101101111000110110111111
00111010110101110011101011001010
00111100010100110010110111010000
10111010101010010101011101100101
00111100111110011010101100011000
10111011101101000101010111110000
00111101001101011000111001111001
00111100100110010011101000101100
10111010110111110011100110000011
00111100110110011001000011011111
00111100000110000111001100110110
10111101001010101111001101001010
10111101001000000001100100100011
00111101001001110101011100111011
10111100010111001110100110111010
00111011100010101011101110011000
10111011100101110011000110110100
00111101011011011010100111011101
00111011101100110001100101001011
00111100111111100100101111100100
10111101010000101101111111111001
10111101001001100010101001100111
10111011010101010110110010010011
00111100000101110111100011001111
10111101001110001110101000000001
00111100100000011111110110011111
00111101011001110001110000001110
00111101101011101110000100011101
10111101000111010111110111010101
10111100101100111010100101001010
10111101010001101110000000111110
10111011000111001011110000010100
00111011000000101001000001100111
00111100000010111101111010100110
00111101010101010100101100101010
00111101110110111110101101100111
00111101000001001110100010101110
10111100001100010110001111000100
10111101100110001101010111011000
10111101001100010001001111010111
10111101011100001010001001000010
10111101000101000010011100000010
00111011000011111000110110001101
10111101100100001101100100100011
10111100001010110101110101000010
10111101100100000110000001001100
10111101110011101101001111000100
10111101010101000010110110010000
10111101101000100000011110010100
10111101100101100000001000111101
10111101010111110110000010100111
00111100010011010010001111111101
00111100101111101111111010001000
10111100010110000100010110010101
00111011101100011001101111100101
10111101100110110000110110010101
10111000101001010001101100000000
00111100110001001000110101000011
00111100111011111000111100100110
10111100011110111110100110110111
10111010010101011001010000000001
00111101101010100010111111100001
00111100100011101110110011001001
10111100110111000100101110011101
10111101011101011010001111011111
10111010100110101010100001101001
00111100101001100011100010000100
10111100000110111101111010001101
10111100111100111100010101110101
10111100110101011100110110111101
10111100101110110011011100110100
00111100100011001000010011011101
10111101001010010101011100000000
00111101001011001011000000001001
10111011000010110010010100111001
00111100100001001011011101101001
10111100111111001011101101010001
10111100110001111110000010010111
10111101000010001111001100101010
10111100111111111000001010111111
00111100001000111101110010111000
10111010001000001010000000101111
00111100010001110111001011010101
00111100111110100000111001111000
00111011110001110010101110101100
10111101000000100011111001110101
00111100101010101111011100000011
00111100011101100100111000101100
00111011001110001101000001110100
00111101001110100111010100101001
10111100101000001010010100100011
10111101011010000011001100000001
00111100011010111010010010110110
10111101010001100001100100101110
00111101000011100101101000101010
10111100101110110110000001100100
10111100000111011100100011011010
00111101000100100010100100011101
00111100101011100111100001100111
10111101100000110000001011101101
10111101010101001110001111101111
00111100010111001110111011000011
00111101100101010101010101110011
10111101010001011100100101100100
00111100010001000000111000010001
10111100001111001101111101000111
10111101000111111101000010111100
00111101010110001001111100110100
00111101010101001010000000001110
10111100001011100100011111011110
00111100101110000111011101011001
10111100101110000011110000001100
00111101001010001111011101101010
00111100100011111110001000010110
00111011001011011001100010101101
00111010110001101110111010010101
10111011100000011101000100011111
10111011101101011001101000110100
10111100110001000101000011111100
00111101000001001111010111110101
10111100000100010110101011001100
00111101100001100110100111000110
00111101001001001011101010011101
00111101001001101000100000110011
00111101101011101001010000101101
10111101100100001110100110000000
10111100000100001000101110111001
10111101010000110010001001100011
10111100101000101000001001100100
10111100100100101010101111010010
10111100110100100111000011101001
10111101010000001110110101010100
00111011000001110010101110010111
00111100011100101011111010011101
00111101010101010110000100110100
10111101001000100110001110111111
10111011100001100111000110100101
10111101000001111000101110100111
10111011100100101011000001101110
10111100110000001110000110010001
00111100100001100110110101000100
00111011111110111101011110001110
00111011110111000100010111011100
10111100111001011010101000001100
00111100101110000001111110011111
10111101000111011111100100010111
00111101100011011001000100111111
10111100101010000001110101001111
10111011001000100110100011000100
10111101100011101100010010011001
10111101000101101110011101011010
10111100110001110100101010001101
10111101010010110000001100111011
10111101000110000111011100110001
00111100011101101000000110100101
00111101001111100110110111010001
10111100100000000111110100111000
00111100000110011110001010111111
00111100011100111101010011001111
00111101000001001001011000011101
10111011001100000000000011000110
10111101100110000000010101001011
10111101000101011010011001010100
00111100101000101100100000001101
10111001011110100011011010111010
10111100100110110001111100110000
00111100100011000001111111111110
00111101000101101011010100100010
10111100010000110001111000111001
10111101000000011011000001101111
10111100011101011111100001100111
10111100110010110101110000111010
00111011111100001111111101101110
10111101001010010001110110101001
10111100010000111101101000010100
00111011011110000110000111101110
00111101011001010001000000000000
10111010010010000011111000111111
00111101010010111101101111000010
10111100001001111110100111011111
10111100100010110000000011110000
00111101001010010010101111011100
00111100101001010010111101000110
10111100000011100001010010100000
00111010111110110010110101011110
00111100001000001001101010001010
00111011011011101100110110101010
00111100110000110110101010110111
10111101010111100111101111000110
10111101100100001000101110001001
10111100110110001101010111111110
10111100111001010010001111101100
10111011011100000001001001101100
00111101000110100001000010000011
10111101011111010110101101011000
00111011010000110001111000101100
10111011110110110111011011110110
10111101000101110010100000111110
10111101100001010001110111100111
10111100100011000011110001111000
00111101000010101111110110111011
10111100111000001100111010010110
00111101011100110110110111000010
10111011101000111001101000110101
10111101010110101111010111101010
00111101010000011000110001111111
00111010010010010010000011111101
00111100111100001011010101000101
10111100101010011001001010110101
00111100000101000100001001101001
00111101010100010111100100110000
00111011111011100100000010100011
00111100100100101101001011111010
00111100111001000000001101001000
00111100100010100111010111011100
00111100000010000011011001111011
00111100011001001111110011101011
10111100010011110110010110000000
00111101001110101100101001100110
10111101000000100101001111101000
10111100111100100111000001101000
00111100000011000000111100001111
10111011011001011111010100110011
00111100000111101101011001010111
00111011111000111100010001010101
00111101100011000111111101100011
10111101000110101111001001110100
10111100100111010110010001110001
10111100000100101011111010000000
10111100101110011001100101001111
10111101101010010010011110010100
10111100011111000110001100111100
10111100111011000001100101000000
10111100100110110110101110110000
10111101011000110110111000110110
10111011100000010011100000000001
10111101001101111101100111111001
00111011010110111010010001001001
10111011110110011010110110000000
00111101001101010101111100001000
00111011010101101011100100011111
10111011000101001011010111011011
00111101001101111010001100111110
00111101000000101000111111011110
10111011101011111001110101011011
10111101100011110000010100011101
10111100111011110001110011010111
10111100110011000100001010100000
10111110000000000101110010001010
10111011110100111011101010110100
10111100110111001101100110100011
10111100111011001100000000111001
10111100010011010000010011011001
10111100100100010001110110110011
00111101001110001001100101101101
10111101010100011011101001011111
10111101100101000000001101010010
00111100110010010111000110010010
10111011110111100010101011001000
10111100111011111100101111101111
10111100011100001100011111101100
00111100101011110011001100001011
10111100101101100001001111001110
10111101011101010000001011010101
10111100111000100111011010000000
10111101000000100010100101001100
10111101100001011011011111001101
10111101001101011001101110011001
10111101100110011110000001000000
00111100011011100110111011011010
00111100110001110000101000000111
10111101000100010100000100101111
00111101111110111011010010000111
00111101011011001100111110111111
00111101001101000101010110001011
00111101110001011001010011100100
00111101010001110000000010001011
00111101100000010110010100000011
00111101100010010001011101101101
10111011100111010111100100000100
00111100100000101000010011011000
00111101001000010110100000011010
00111100011101110000000010001110
10111100010000100100011100101110
10111100100011100011100100001101
00111010100100000110110000100000
10111011011001100101000101111100
10111100100101111000000100100111
00111100101001010101011011110101
00111100111111010111001001001101
10111101010100001110010111110011
10111100000100101101101110101011
00111100010000010011000010010101
10111101001001100000010010100111
00111011110101110110001100011110
10111011011000010010000100000111
10111100110001010111010010010101
10111100011111011101110100010101
10111100000010111100000100111110
00111011101100110110011110110111
10111100011001101010110100110101
10111101010011101110100000101111
10111101001101000010111111110001
10111101010110010011011000111111
00111101001011100011100100101000
00111100000001100010000101011100
10111101100100011000000110101011
00111100101101101011100011011111
10111100101110001101010111011010
10111101010010100100011101101111
10111100100100111110100010010100
10111100110001111011011010011100
10111011110001010010110001101100
10111100010010100100000011101111
00111100011011001001001100110011
10111011111000001101110001011000
10111100010111111010000110000010
00111101010000001100001010100100
00111101001010010000101111101001
00111011000101110001100110001001
00111101010110100011010001011010
10111100100110110110101111010001
00111100100001100010100110011000
00111100010010010001100100001100
10111101010011110010000111110001
10111101001011110000011001000001
10111001111111100000001010110110
00111100010110001100111101010010
00111100100101001100000001101110
00111100101000011000010100110010
10111011111011000100000001110011
00111011000101000111101100110010
10111011111011011101001010001001
00111101010111011000101001000011
10111101100010011111110001111011
10111110000000010111001110000110
10111101011000100111101110100110
10111101010001100001000000000001
10111101010110110101011000001100
10111101101111111110111000011100
10111101000111111011110101100001
10111101000110000011001010000101
00111100100001011000010000100110
00111011000011110000101100111100
10111101000111111011110001111101
10111010001111011000011011110111
10111011100011110010011011110011
00111100001001001000000001001000
00111100010100001000101011100001
00111100111010011011101001111110
10111101100111000100010001011111
10111101010100000001110010111110
00111100111101111110010110000011
00111101001011101001111000110100
00111101000100001011010111100100
10111100100010101110000111001110
10111100111011000100100101111001
10111100000010101001000001011111
00111101011110011110011100101011
10111100001010000110011011101101
00111101100100100100111101100101
00111101010101001101001111011000
10111101101111111110000101111010
10111101100001001101001110010010
10111101100101011001101010001101
10111011001111100000110010000110
00111100011010101011010101001010
00111100001111111000001100011111
00111100100100101100000000101101
10111101000111100111110010110010
00111100100000010101111000001010
00111101010011111010111100000011
00111100101000001001110101001101
10111101000110110101111010001110
00111101100001000101011110011101
00111101001000010010010010100011
10111100010101000011110001111010
10111101001101101101110111101001
10111101011011000111101010101001
00111101010100110111000001010110
00111101010110010101001010011101
10111100000110000100011000110000
10111100000001101110100101000011
10111100010011100001000001011110
10111101011101001110110001011101
00111011111010111011110001100101
00111101100010010011001000011001
10111100100011110001101011000001
10111100001110001001000101000111
00111011101011000110011111010110
10111101000001010011000101001111
10111101010001111000111100001010
10111101001001011011000001011111
10111101100011010111011011001101
10111101010010001101101001110101
00111101001111001111100001101111
00111100001110101100100101101011
10111101000010101011000011101001
00111101011011000010101001101100
10111100101101010101100010100110
10111101010000101101100101101001
00111101011000010110110111001110
10111100001000101100100111101010
10111010100011100011100110110011
10111101000111100011001110001110
10111101001010001111010011111001
00111100010101000010101000110101
10111100110110100101100001010101
10111100101010100111111100100111
10111010110000001001100110110010
00111100000001010011010110111100
10111100100000000100000010001111
00111101000010001101001000011001
00111101011101010011001111011101
10111101000010001011110101101001
00111100100001000011011001101100
10111101000100100111101100000101
00111100110010010110110100110110
10111101000001100001001111001110
10111101000011101100001010111111
10111100110110010111001100110011
10111100111110101011101110101101
00111100111101111000111000111111
00111101001010110011110101000100
10111101000000111110110110110010
10111101100000011101000111100100
10111100000100011000111110011000
00111011101110111010011100110101
10111100111010111100100101010001
10111100000000110000111000101100
00111101000111101010011010111101
00111100111011111100011000000000
10111101000100011101000001110110
10111011010111100010111110111011
00111101001100110101101000001110
00111101010101111001101100001101
00111101001100011101011110011000
10111100010101101100111011011011
00111100111111010011111000010000
10111010011110111101011100101000
10111101001010010011000101101110
10111010001000001000110111000001
00111101101011101100111011000100
00111101010111011110011110010110
10111101000001110001100011011101
10111101000010110101001001100011
00111101001000111011111000000101
10111100000110000111001001101011
00111010100110111100111110011010
00111101101000111010000101111001
00111100110000010010000010100001
10111101001111101101101110010110
10111100001001110111100001100101
00111101001001111001001101110010
00111100110000000100110110010101
10111101000100000011111010000000
10111100100101100011100100101011
00111100111100010001110100111010
00111100100110100001010011100100
00111011010111001100011100001000
00111100101011110010100110110110
00111011111000010111010101001010
00111101010001101100001000101000
10111101000000110011010010011111
10111011100001000101100001001100
00111101101111010000100100010011
00111100000010011101101110011111
00111011000100001110010011000111
10111100111101011101011000101010
10111100110000000001100110011110
00111100110011100011100011001001
10111100100101010100011001111110
10111101000011011010110101011011
00111100000100111001110000101110
10111101000101110010010011100110
10111010111010111011110011010001
10111100110010110000110001100110
10111100110011111100011010100111
00111100101111101000110000111001
10111101010000000001010111101001
10111101011001001001011100000100
00111100101110011110010110011101
10111101110101011011111000111001
10111101011100100011011001000000
00111100101100100010001111110111
10111010001011000110011000001110
10111101000110000011010011110101
00111100000001000011100001000100
00111011010000000110110010100110
00111101010010010001101101101010
10111100100000110110111101001011
10111100000111001100000001011100
00111100111001011001110111000000
00111101010001100100011100010100
10111100110001110001111010010011
00111010100001011001101111100011
10111100000110100011000010110010
00111010110010000111100101000111
10111100110100100101001101101111
10111101000000101101110000001110
10111101100001101000100110000000
00111100001100001100110111011111
00111101001101110001010110100110
00111101010001101011100101110001
00111101101110001110011100010010
00111100101001000010111111111001
10111100111001010001101011011100
00111101000101111110000010111100
00111100100011010011010010011110
10111100111010000010001000100101
10111101100111000101001100101101
00111101000110101011010101000001
10111100110000011101000111110010
00111101011011010000110110000100
10111100000111111011100101010111
10111100101001000000110001111100
10111100000100100100011111100101
00111100100111000000100001110111
10111101100111100010111000101111
10111101011000010001001101100010
10111101010010001010011101011010
10111100100111010100001100010100
10111100010101111110111000001100
10111101100110011111101010010110
10111100011000100100001100011100
10111100101111001001110010000101
10111101010111000001111110000010
10111101001111110110111110000110
00111101011000010010100011101011
00111100000000010001100010101010
10111100100110001000010100101100
00111100011010001011000001000011
10111100000001000110010000010100
10111100100101111100001111010010
10111011110010001000111110011011
00111011100011101000110010101000
10111101010010010011110000010000
10111100100010111101010100111110
00111101010100011001110100100110
00111100110110010100001001110101
00111100010011011110000001001010
10111100000111010111101101001100
00111100101010000100011001110001
00111101010110011111000101000101
00111101101101101000110110100100
00111101001000110110011111001100
00111101011010010101111110000111
00111101100000111010001000100010
10111101100100110010001011001000
10111101000100111000001110111101
10111101010101101111100110101010
10111101010000000000000111111100
10111100101011110010010001011110
10111011000101111111111010101011
10111101011101001010010000101110
10111101100110001011000100101000
00111100110010001011010101100111
10111011010010000100000011001000
10111011111010100110101001010101
10111100100001000000100001111100
10111011111001010110010111011000
10111100001000101010000001001000
00111100111001001000010001001111
00111100010010100100000000010000
00111011000111011110011011001110
00111101100001001010101101101110
10111101001001100010100100111101
00111101010011111001101011000110
00111101011100101101100111111101
10111101001101011011100010011111
00111011110000000000000110010110
10111101000101010010101011010010
00111100010110011010000110110111
00111011110111001011111101010110
00111100110110010000101010010100
10111100111110110000110001001100
00111001100010010111100111101000
10111100001101011010010100110111
10111100000011000101010000000100
10111101000011010101011000000110
00111100100001101110100111101100
00111100110110010111100000010000
00111100110011010010101011111010
00111010101000101101110101010101
00111101011010001111001010001110
10111100001000011110101111001100
10111101011000011001001011011000
10111100101111111110100001010000
10111101000101111001011111010110
10111101010010000001000000010100
10111101000110010100110100110100
10111011010001010010100111100001
10111010100000101011111001001011
10111101001001101101111000100111
00111101010111100111101011100001
00111100110100110111010111001100
10111101111000000110101001111110
10111100101000111111001110000110
10111110000000011101010111010010
10111101100111110111100111011001
10111100011111001111001111000001
00111101001101110001110011101011
00111100110011111111101101001111
10111101101110100111111001010000
10111101010100011111100010110101
00111100111111101001100001100110
00111101100100011100011000011001
10111101000000110101001100000110
00111101100011100000000001110111
10111011101001111000011001110101
00111110000101001111011001110101
00111101010001010000100111011011
00111101011101111011101010001000
10111100100000001110011110001100
10111100101110000010110101100011
10111101001011100111100110001001
10111100011111111010010101001100
10111100100010001110001110100000
10111100110110000001001000011010
10111101000010011101101100101100
00111101100001011101010011010010
00111100101101000001110011101001
00111101010101101011001100101000
00111101000000001000101101000101
00111100001011010111010010110100
00111100110001011000110101110010
10111100001100010100101100001011
00111100110111000000101001110011
00111101010111011101100110111001
10111100000001101001000111111011
00111101011111000111110100100000
00111010000100010011001001111010
10111101001111001101011100011101
00111100010010011000101011101101
00111100100011101011100000010111
00111100110011100001101100100101
00111100101100101010111101010111
00111100110100101110111001110101
00111101000011101011000010110001
10111101000010010010000000001100
00111001011101000010111010101111
00111011000000011001101101100010
00111100101000110110111000011111
10111011100010000110000001010110
00111100110000001011010100000100
00111001000100001011011011110000
10111101000101000100011010010001
10111100011111001001000001001000
10111101110100000100100010110101
10111101100011001110111000010111
00111100100100110100110110110001
10111100000100101100111101000001
10111100101100110101110010111011
00111100111011000111010001111001
00111101100001001001000101101110
00111101011010000001100101111100
10111011110000010001011101000100
00111100101001100000001101000001
00111101101010101111001001111000
10111101000100000110000110010110
10111100000010010011000011110000
10111011110000000011001100101110
00111100101011000010001011000000
00111101010000001010001001111010
00111101100001011110010101000001
10111100100101010101101101001101
10111101100110010110111111111100
10111101001000100110101011111010
10111100010010100011001010000001
10111101001000001110101110011110
10111101100000110111000010111111
00111101010001111111010111011110
10111011100011000001111010010001
10111101000000101011101110010101
00111100010001101101100010111001
10111101001011111011001101010000
00111011110001001011100010100010
00111100011000110111100000001000
10111101100000010011100001011101
10111101001010110010111010100010
00111100110101101010000111011010
10111100000100100011101010011101
10111101010000011101100010001010
00111100111001010010111110011111
10111100000010110101011110001001
10111100001000000100101101010011
10111100101000010101001010011100
10111101010110000000010000001000
10111101011000011110101100010100
00111100110011001100110000110001
10111101010110111011000100111101
00111101000011111100101110100010
10111101010100100101001010110000
10111100100001111111111111111011
00111100111101000000000011011111
10111100110011100001110000000001
10111101001001110100010010000100
10111100010000011011011111011111
00111101100010001100110101110111
00111101101000101100011100000111
00111100110111001110111011111110
10111010011001011011101011010100
00111011000000011101011001101001
10111100101010101011100001010110
10111011111010001101111110110011
00111101001100110110001101101010
10111011010110010100010100101101
10111100100010101011011001001010
00111101010100110111001011111010
00111101100011111101011101110100
00111101000010110000010100111010
10111100100010100010000101010101
10111100110100101000101011010111
10111101100110011011101000101000
10111101100010011010111000101100
00111100100100111110101011000101
10111100100000000000110010110101
10111101001010110101101000001010
00111101000101001110101011111110
00111101110100011011001000100011
10111100101001101101010111011011
10111101100100010000110110001101
10111101011111111110101100001001
00111101111000111100101101010001
00111101110101010000001111100000
10111101001001100111001110110101
00111110001110110110011100100100
00111110000011011110110001101111
10111101011111010011001010001010
10111101000100111010001000110111
10111101000110111000010011110100
10111101011010100101000000101001
10111100101101111100111101010001
10111100101110011000110010110111
00111100011111011010000101010101
00111101000010101100010100110011
10111101110100110001110111001100
10111101010111001000101000010000
10111101010001000010000111011001
10111010100011100000000110110100
10111101101010101111011011100100
10111101010000001001000101010000
00111011010111011111110011011010
10111101010000010110001111011001
10111100111111001011111100011101
10111101001000000110100010011111
10111101000001100010011001001011
10111100111100000111100101001100
00111100100110011000110011001010
10111100011111101000011011110100
00111100011001010110100101001001
10111101011011111001001110101100
00111100100101010010111001110100
00111011110101001000110011101110
10111101101010001000011000111101
10111101011000010110000001010100
10111100110101011011100110100110
00111100000001100111110001001011
10111100101111110111110011101001
10111011111110011010101100000101
00111011110110100000110011010010
10111101100000000001000000000110
10111100010111100001000010000011
00111000100101100100111100011011
10111011000000110001100010110111
00111011000110110110101010011100
10111100111010011000001110101100
00111100101000110110011100011010
10111101011011000010011111001000
10111101000000000111100000101110
10111101000110011010101111011000
00111100000101100100001100000111
10111100100010001100101011110010
10111100111000010111001111000001
10111101100011001000101000001011
00111101001110001100010001100001
00111101011110000001111101001010
10111101000111010101011101010000
00111101100010100101010010100110
00111101011111110011000100101010
10111011001101111001100101100011
10111101011001011110100111100001
10111101011111101011100111011110
10111101000110100001001101000110
00111100001010011001111000101001
10111100000101100010011101011100
00111010101100100000011101101100
00111011010010111000110010111101
00111101100000001011111110111111
00111101100010100100110000000010
00111101100001100011111101110011
10111100101000100001100010010100
10111100001100111011001110111001
10111100111010010110000000000000
00111101100111111110111110100001
00111100111111001100110011101100
10111100101000011001000110100100
00111101101000100110101101001110
00111011000100000111110110101101
00111100100000011010111101001011
10111101011011100111011000110101
10111011100010101010000110000101
00111101000100101110000100000101
00111011011101011001110111100000
00111100001001101110111001100000
10111101001010000111000001011011
10111101001111010111010000110101
10111100110001011111101110101010
00111101100101010010110001110000
10111101001010010011001101010111
00111100111100011000000100011100
10111100001010111111000010001011
10111101010111110001111000010110
10111100101010111111101010010001
10111100111111110010010101111001
00111101100001111010111110111100
10111101011110010011110010011111
10111101010010011000110000000101
10111100110110000100100000001100
10111101101000111101001101110110
10111101100000011111000001001010
10111100101000110001010100010110
10111101100010010000010000001110
10111101000000001010001000111010
00111100100010011000100001011001
10111101011010001011110011111101
10111100111110110001010001010101
00111110000000011000010000111101
10111101000110000110111010011011
10111011100111101100010100111101
00111101101010110000010101111101
10111011110001011111001000001011
10111101000111011111111000000111
10111100110110110001011000001100
10111101010111101011101111111001
00111011101010000111100101001110
00111101000101010001001111010000
00111100100010011000101110110010
00111011111011001111000101011111
10111101000101010111001011100001
00111101010000111111011111011000
00111010000011110100111001111001
00111101000000011110010101101111
00111100100010101111101100110000
10111011111100011101111000000110
10111100110111000111001100010110
10111011011001001111101111000111
00111010111001011101010011101001
10111101011010001101010110000011
10111101001011011001001000000001
10111101000110001000000110101001
00111011100000001111011000001010
00111101011111001110001001011010
10111101101000111010110010001110
00111010100101000010000010100100
00111101010000100011110101011011
00111101011001001100011001010111
10111101011010111100001101110100
00111100110001101001110000010011
00111100101000011000100101100000
10111101010001011001100000101001
00111010111100101000100000011101
00111101000000110111101100010010
00111100101010110110100001001010
00111101001101101111101110000111
00111101101010100010110101111101
10111101010011010110110010011001
00111101011101001110011101111101
00111100101011101011111011100010
00111011101000000000110111110011
10111011111100010001010111010010
10111101000111010110111011100010
10111101100111111001101010010001
10111101011001010110000111010110
00111101000000110000111010000110
10111011110100001101100010101110
00111101000110111110000101111101
10111100010010111000111100111101
00111101000010001001011010110100
00111101000001001000011110110011
00111100100011010001011111001110
00111100110101101001101111001001
10111011100011100001110011111110
10111100001110111011100000011100
10111100001000001111100101101000
00111100011011110100110100101000
00111101010110110110000101101011
00111011011011010100101100000001
00111100100011010001011110101100
00111101000101110010000010101001
10111010101011110111001011010010
00111101000011010111101010010011
10111101011101101000001011101011
10111101010000110010101100101010
10111101001110000000100001001100
10111100101110101001101101001110
10111101010010010011001010001001
00111010100100101001010111111000
10111101011111000111011110111111
00111100111000011100011000101101
10111101100000100001100111100110
10111101000001111011010000010011
10111101001111000001101100000101
10111011111000000100010110111011
10111100010010110001110001010100
10111101010001000110101100001100
10111101000000101101010011011110
00111100100000000100011110110011
00111100110101010100110011110011
10111101010001001110000000010010
00111100100110110010111110100000
00111101001110110010000100110110
10111101000010001001000111110100
10111100110010000110111010110101
00111100011011101011111011011000
10111100000001001000101000100110
10111101010011101001110010111110
10111101000011011110101101100010
10111100101100001110000010000010
10111101000100110110110101100100
10111100010100111101011110001001
00111010011000011110100011101111
00111100010011010110101011010100
00111101100010110110011010010101
00111101000111001001000000110001
10111101010110000000000110110001
00111100111101100111101001110011
00111100010101010010101111010000
00111101001001010001110111010001
00111101101001101011010110001111
00111101010001101001111000000000
10111101000001110000010100110000
10111011110010011001001101011101
10111010111010111101011100001001
00111101011001001000111110010111
10111101100000100111100101000110
00111010100100110110110000101011
00111100011110110110101011001111
00111101101010010000110011101011
00111100101010110011011101110100
00111100110100101110101001111001
10111100111100100111000000100001
10111100000110011010001011000011
00111100110101001101011110011001
10111101001101111010111111110110
10111101000100011010111111101101
00111101000110010011100101100101
00111100011100100011101100000010
00111100001010111101000111000011
10111101010100011111110011000001
10111101000010101111101011100000
00111101001011011011000101001011
10111101000110101001000000111011
10111100010101100110100010010101
00111100000001001000111001100011
00111100100011110100010101010000
00111100010000001101010010000110
00111100100101101000101001000001
10111101000101001100100110011101
10111100010010001101101010010100
10111100111101011100011000100000
10111101010111000010001111011010
00111100001111000010011111111101
00111011000111001010111000111001
00111100010111111110100001110100
10111011101110000111001010110101
10111011110000100000100000101000
10111101010100101111110111101100
00111011101000111010010000000000
10111011100100001000101001111011
00111100111001011111011001111000
10111101000110101101111100110100
10111101010011011111000010110011
00111011011011011101000001001010
00111100101111100100111111000101
00111101001100100001110111101111
00111100010010001010100000111001
10111011111111111010100110111101
00111100010111110000001111010000
00111100010000101000001000000110
00111101100000101111101000111001
00111100001110110111100100100000
00111011101001110110000101111011
00111101010000010101001001111000
00111100101011001100000001000001
00111001010111001101000010001111
00111100100110111111011001011001
00111101010000010111000011100100
10111011110101100101001111001010
00111100101010101111110011000010
00111100011011011001000110000001
00111101000000000010000010101100
10111011000101011111011010111111
10111101001100001111100010010011
10111101000000011110110100000110
10111100000101001011101000101100
00111101001111100000011011010010
00111101000000101000000101111010
00111011111001111111111110110111
10111101010100000011101001001111
10111011100100100001100000011100
00111101010110101111000101110000
00111101001110110010101100100111
10111100110001000111001100100010
00111101011110001011011010110110
00111100111100001111011010111101
00111100010011011110110001100000
00111101000010100011101110100111
00111100111110001100111110101010
00111011110011100010101010110011
00111100101001111011110010110001
00111011111011011010101001100000
00111100010001010111100110011010
10111100000001001010010010101100
00111101000001100011101111011000
00111100101001111100001000001010
