00111011100010010110001010111010
10111101000011010011111011010001
00111101000001001000101000101100
00111101001110111010101001100100
00111101011001101001100111010111
10111101100100000001101000110100
10111100110111111000011100100101
00111100010001011010110001001000
00111100010100111011001001010001
00111011111100111101000000110011
00111101010000101110111111001101
10111101100011011110001100100000
10111101100111000001000000111110
10111100111111000001110110101100
00111100101101111010100010001101
10111001100111010010110110011100
00111101010000001000010010000011
00111101001100110010000000101110
00111101001001110111111100011011
10111101010010011010000001010110
10111100100000001110101111001011
00111100101000010100011110101111
00111101000111011011010010111001
00111100101100010101101001100000
00111101001111000000001010101110
00111101011100110101011011110011
10111011101101011010100000101010
10111100110101000010010011101101
00111100001100110110101111001010
10111100100100111100111010000010
00111101001111100001001001010111
10111010000101110110000100111000
10111010001110010111011000111110
10111101000011000110111110101010
10111101010111111100101011101100
10111100100011110000110101101111
00111011100111000110011000100000
00111100001000010010100010001000
10111100111110010011100011110110
10111100110000111000011111011101
10111100110000000110010100000101
10111100100001110010100000001010
10111101000101101101000110110001
10111100000000110010010100011010
00111101010001011010000100111010
00111101000101101011101001111110
00111100000101000000101101111010
10111101011011111101110011000000
00111011100100000110010100011110
00111101011100110100010111011000
00111101001101000011100101100110
10111100101000111101001001010011
00111101010010100000101000111111
00111011100110101101110100110001
10111100100010001000111011101110
10111100100010110001100111100111
10111101001011111000110110101010
10111101010001000100011111011011
00111100100010111011000011111101
00111011110100110110110001001010
10111011101110110110010010101111
10111100001000011011100011101101
00111100100010011011011001001000
10111101011001000100010101010111
10111100001010111000010000000111
10111100110101101011111000000001
10111101001111110010001011001000
10111100101100010000111111100100
00111100010001101010110010000001
00111100011101001101101011011111
00111100000100111101101000001011
10111101001000000100001110111101
00111101000001001101011001000010
10111101011101000111100011001101
10111101000110011000010000111001
00111011111010111011101000110010
10111100110011110100110000111010
10111100100001100101001011110101
10111100010000110110110101101011
00111010100100110110011110100111
10111101111110100111011101011000
10111101001111111100110100110001
00111101100001000010110001111100
10111100111011100101010110110011
10111100101000010010101001010100
00111010110010001010101011000000
00111011110101000100001011010000
00111101100110101111000001110001
00111100001010100101101100010001
10111101001010000010001100010001
00111100101001111000111010011001
00111011101101101101110100101111
00111101000111011111010011110100
00111101010111101101100011101111
10111100110010101101101011100111
00111100111110000101001110100100
00111101001011010111011010000010
10111100101010111010100000100101
10111100010000100110011111000101
10111101010001101011011111010110
10111101000101100000101100000100
10111101000001000000111101001010
00111100111011101110110001111001
10111101101000010010010100011011
10111101110000010111100111010010
10111101101110111101100111011010
10111101011000101110101100001101
10111101110101110100000110111110
10111100101100110000110100110010
00111101000001001011010010100110
10111101000010000010100100011110
00111101001111000111001101011001
10111100101110101111001100001001
00111101001010111010000010101010
00111101101001110101111001100001
00111100111010101100010000111111
00111100100110010101011110001101
10111101010101100110101001000101
10111100000110000010111111000100
10111100100101000010100111010100
00111100100110100000010110011011
10111101101100110010001010010110
10111101000011000000110011000101
00111101010100000110011101001011
10111101101101100101111111001111
10111101011000111110100000010010
10111100110100110101111111001010
00111011010000000100111010101000
00111100111100000011010000011011
10111100101000011110110001001011
10111010010111010011011011010010
00111100110110101101001101001011
00111101000010100111000000010000
00111101001100111110010001101010
00111101000010100010100101100111
10111011000110010001001100001001
10111101001101000100001110010010
00111101000010101010101100111111
00111101010011010110010010011100
00111011111110001001110100100000
00111100111000011101100001010100
10111010011010101110110111110111
10111100101010000000001001011001
10111101000011110100100001000000
10111101000011100110010100011110
10111100111011110110110011101100
10111100100011011101001010010110
10111100110111011100011001010010
10111100101011111010010110001101
00111101001001100001010010011100
00111100111001101111111001110111
10111101000011000000000101111001
10111101010010110111010001011000
00111101011010110110111001011111
10111100100101100000111111000100
00111100110011001000010100001100
10111011100111001011111110110011
00111100100110111011001001100100
10111100011010000000011000010011
10111101011100001000001111000000
00111101000000111011100011100011
10111100010001001000111001100101
00111100110101101111101000111100
00111100110110100101000010111011
00111100100101010001101111001010
00111101110010110101111100111111
00111011111111111000001010110011
10111101010101110111010111110000
00111101001011001011110000000101
00111100111001111100000101110000
00111011111101101001011110011101
10111101100101010010100101010111
10111100000000000110111010110100
00111100011100110000010110000111
00111100101010000010110101101011
00111100110110000101011100101111
10111101001101110101010010011010
00111100000000011111001101011001
10111100110110110000001110011111
00111010011101011001110101100110
10111101000011011101111111101000
00111100111001111110000011000000
00111100101001011011100110010100
10111100100011100010010000001010
10111100000101100011011111010111
10111011011010111100101110010011
00111101001001000110110000101101
10111011101100011000101000101011
00111100111100110111100010100001
00111100100000011010001011111100
10111100101010100110100101110110
00111100100010100111101011110000
10111010101000011001101001010001
10111101010110001110110011101101
10111100111110110001111111101111
00111101000100101000010110111011
00111011101110101110001111000101
10111001100100100101011001000010
10111101101101100110111100111100
10111100110100010010110101001110
00111100110111101111110101100000
10111101100110000000110101100100
10111100000110100001000110111111
10111101001000101110110001101101
10111100010100101111010000100010
10111100011100000110011100111000
10111011000001110110000100010010
10111010011001101111001100001100
10111101001111001011010100011110
00111100101101100110100011001001
00111101011111110010010110110111
00111100000010111101111111110011
10111101101001100111011001100011
00111101011110011110000100111011
00111100100110010101111001011100
10111110000011011000101010111011
10111100110010101001001100110001
00111011001100011001011111100000
00111101000100010011000100100110
10111100010000000100001000011111
00111101011000110110010110010011
00111101011110111010100000000001
00111100011101001001011010011001
00111100110101011100110100010111
10111100110100001111110110000101
00111101010010111110101000001011
10111100011100100100010110000100
10111100111011110010111100010101
10111011000101001111100110101110
10111011000111110011001111110011
10111101000100101111110100111100
10111100101001111101011010111100
10111011101011110001010001001011
10111101010111110001010110110100
00111101010110010110010011010001
10111101011000011110010110101011
10111100001101110100110110111100
10111011100111111100110101111010
10111101010101000001110001100100
10111101000000011111000111111001
10111100111001000100011010001101
10111100101011001111011010001110
10111101100101111101001101000011
10111011110111010100110001011110
00111101100010011000010100100101
00111101000001110011001010010010
00111100001100001001111001011011
00111100101010001110101010011001
10111100110100011001011001110001
10111100010101010110011010000001
10111100010110101000010010100001
10111100100100001000110101001101
10111101010011100000001011011010
00111100000101110110101010010110
10111101011010001010100001110011
10111101001001110000111010110001
00111010100000000001111101100111
00111010101100001100111000000100
00111100011101000111111011011001
10111100011000010101111000011111
00111100110101111011010100001000
10111101010100101000001101101101
00111100000110100101110110110010
00111100110111101100101001000100
10111100111100101110110000010010
00111101001101101000010111101111
00111100100001111011100001100110
10111101001011101010111000011101
10111100100001111010001000010000
10111100100011000110100111110110
10111100111101100110110100000001
10111100010010010011110010000100
10111100110000101100101100001001
00111101010111000111010011010001
10111101000110001101011011110110
10111101001110111010101100000000
10111100110011100101011001110001
00111101000011001101111000010101
10111100101111000110001100110000
00111100111000011110100000100001
10111011101100000000011110000011
00111100001001011110111100010110
10111100000010110110101100000101
10111100101011000100101001011001
10111100101111010100001110101100
10111100110000111010110100011001
00111100001001001001001010010010
00111101010010110100011111001010
10111101000100110110011110010101
10111010011010010000010101001101
10111011010100000111000010101011
10111101001000110010101110100001
00111011100001000100111100111011
10111101011110100000011001010100
10111100110110100101001001101001
10111100011011101001110101010110
10111100101010011000010000100001
00111100011110000010000011101001
10111101001011100001111101111101
00111100111000111010010000100111
00111010101110111100100100001011
10111100100100010110001100011001
10111101001100011001100001010110
00111011111100110101110011001100
00111011001101110101110100101101
10111011110101011101011011100101
10111101010011101111010100001110
10111100111001000110100010110011
00111010001010011010101110111110
00111101001000000011001111000011
10111101000111101101011111101010
10111100111100110000011000111111
00111100110110010010001111000000
10111011111111100011000101011001
10111101100110010100001110000111
00111100101011001110001000110001
10111100111011111110010010100010
10111101011101101110101001000101
00111100001100100000000000000101
10111101100010100111100011001100
10111101011101111011110010001010
00111101001000110000001010011110
00111100100000001000100000000000
00111100111010100000010001000100
00111101010000001110000001111010
10111010111011111001100101001010
00111100011001001001111101110011
00111101001100111111001001110011
10111100100111101110010000111000
00111100101110010100011100001001
10111101100100010010110100100111
00111011101010000000111000111010
10111100101110111010000010100001
10111100101000110011100111011010
10111100000001100010110011011011
00111100000011011100101001001100
00111100101101000101111000001011
10111100011001110101011000100111
10111100001101010111001000101101
10111101011000010110000001101100
00111100110110101000111010010000
10111011010100100110101100110110
10111101010111111100001100010101
10111010100111011111011011010110
10111100111001011110101010100100
00111101001101011110101011001001
00111100101011010101110001000100
00111100100101110111110111001011
00111011111011000110111001110011
00111101001010111111100001100101
00111100010011111111011001101010
00111100110000011001000010100000
00111010101010110011110000111010
00111101100101000010111001101110
00111100000111101011001110101111
00111011110100101100000010001101
10111010010011011101000100110010
00111010101110110101111010101111
00111101101110111010101001101100
10111100100001010111010011001010
10111100011011010101011000010000
00111101001001010010110101010010
10111101101010001000011111110111
10111100010011101100111010100101
00111101000000000100010000010100
10111100110010101000000110011010
00110110100101111011111101010000
10111011111001101101010100110100
10111101000010110101011111011101
00111011100101100110110011010100
10111101010001010100000101110101
00111100010110001010000001011111
10111100100100001000101100100110
10111011000110111101010011000100
00111100100101110000000011010101
00111100000110000101101011001100
10111100101100000010001100010110
00111100110010011001100110011000
10111011110111111010011111101010
00111101001101011011111101101001
00111100110010100101000011000100
00111100000100110001100111010011
00111100101110100100010101010100
10111101110011001100100110001010
10111100101111110100011011101010
10111101011010100000001111011000
10111101101100101001010110001001
10111101001100010110100001101000
00111101010001001100000011010111
10111101001001000110000101111001
00111101000000110000110000001001
00111100011010111101000000101111
10111101001011010010100010010000
00111011110011110000100010001011
10111101010101001000001111010010
10111100001011011000110011010100
00111101000111000101000011001101
00111100101010010111010001011101
10111101011000101111100011011011
00111101011111010011000000100000
00111100101101001001010001100010
00111100001010000111000000000010
00111011110001110111111101110100
00111011100110100100100100011011
00111100000100100000011110100111
00111100100000001100111000110010
00111101001101001001100001010111
10111011101001100110100100110100
10111101001100101101001000100111
10111100111110001100111110100001
10111101000110100011111101111110
10111101001100100110011010010011
00111101001001001000001111001010
10111101001100100101100001100010
00111101011101110000110000010000
10111001100111110100001101110000
00111100101011110101110011011110
10111101001101111101100110011011
00111101001010011011110111011011
00111101000010011110101000001010
10111011001110000011011001101101
00111100111011111001001100110110
10111010110100000101001111101110
00111010001111110010101001101110
10111101011101100101110101111110
00111100110100110110100010001110
10111101001000100101110111010011
10111011101110111111111101110001
00111100111100111100010000010101
00111100001100110001100101011011
10111100011101001000110010000101
00111100110011111101001110100111
10111101011101101101101100100010
10111110000001010100101001100011
00111100001100100010101010111010
10111101001000011000110101111111
10111110000000010101001110100100
10111010111011111000100100110110
10111010000111100001010100110001
10111101001100001001111000110110
10111101111101101101110110001011
10111011101010011000101000001111
00111101010111111100001011010010
10111100100110101011000011111000
10111100101011011001000111010011
00111100000101000000111101010101
00111100110001000000110011100100
10111101001000100110010111001101
10111100111011000011110000000011
10111100110100100001000000110110
10111100000111010110011111011010
10111100111011000101110111001101
00111011010000110111111100110101
00111101000001010000111010100001
00111010110101011100000001001001
10111011010100001110111000000001
00111100111101100101111000010000
00111101001101010000101101101111
10111100001001001010000010100010
00111101001001100010000101001000
00111100101000001100001100001110
10111011100011110110001111000011
10111101010011000011101110010101
10111100111010010111110100111000
10111100100111000100111101000110
00111010111000100011100101011000
10111100100111010011110100101101
10111101001110111101110010010000
00111011001010111010000001111001
10111100011001100001100111110010
10111100010100110011101110101011
10111100101100110011110101111110
00111101001000001000000010000110
10111100001000100100011111011110
10111100010011101100110101010000
00111101010011100111000011110001
00111011101010101011001100001100
00111100001000011100010110101100
10111100011101111110101101001010
00111100100010011101111111011101
00111100110000000110011011111010
10111100110101000011101101100011
10111101100001110001101101000011
00111011101010010101011000001011
10111101000000010011011110111110
00111101000000001011100000011110
00111100000110100100000100101010
00111100010001110010100011001111
00111101011110011111110011111110
00111100110100010101100100100001
10111100100001100010011011000000
10111101100000000110000111101111
10111100001110111001001001100001
10111100101101000100101110000010
10111101100000001010000000110000
00111101001110011010001000011110
00111101000100000110100100000111
00111010000010100000111101001010
10111101011011110101010011010101
10111100110010010100101111010111
00111101000110101110101100000110
10111100000100100000100100011100
00111011101010111000010111111111
00111100011000111110101000001100
00111100011011101100001000011011
10111100000110010110111011011111
10111101000110101000010001101001
00111100011011101011111000110000
00111100101111011001101001100101
10111100011010100101001101111000
00111100100110100010001010110111
10111100100010011001011101111101
10111100100010001100101000101111
00111100110010010101011110110011
00111100111001000010111100000000
10111100101110100001010100100010
00111101010100001001000001100011
10111011011111011111010111111100
10111101010001000111100110010110
00111100001110001011000000100001
00111101100001000001001110011111
10111101010110001101111111001111
10111100101101111001001000100111
00111100100001000100000000101000
00111100101110100101111001011001
00111101001000010011000101110110
10111010101110111100011011000101
00111100100011111010011001001100
10111011111011100001001100111111
00111101001011111110001101000100
10111011101100111011000001010110
10111100001101110101001100101001
10111101000000001011111101010010
10111101001001001101000001010001
10111101001001111101100110000111
00111101010000111000011101111001
00111101000110101101010101110101
00111100111000110000100100010101
00111100100001010110001010001000
10111100011010001010110110011011
00111101001011011111000011101011
10111011100000101111111000011000
10111101001011100111111001101011
10111100000101010100101110110000
00111100001111110011110110010101
00111101001011001010011000110011
00111100110001001101001111010001
10111100100110101101011100010010
00111100101000011111101001100010
10111100111101101001001100001111
10111100101111000010011110101001
10111100101110011000000100011100
10111101011010000100011111001001
00111011011100011100110111000111
00111011000100110011010110100011
10111011010000011101000000001010
10111100111101001100001010111010
10111100100001110000101010001111
10111100101100011100010000101001
10111100000110011011001011011111
10111101001101001100101101010010
00111100110111111100101100100110
10111101000100110011010100001010
10111100011010001000011110101000
00111100001111001010001011010010
00111100001101011001111010001100
10111100101101011000101111010101
10111101001101001010000110011111
10111100001000101110010101011110
00111100010010000100001110010101
10111100110101011111110011111000
10111100110001101101001010001000
10111100110011110011000110110110
10111100100001100101101110011100
10111100111011100111100000000001
10111100111110101011100011111111
10111100100011011011111101110000
00111101100110011110111110111000
10111101111100010000111111010111
10111011000011101110001001000111
00111101100010000101100110001001
10111101101111111011010110111011
10111100101010001111010101100101
00111101110000111100100011000010
10111101010111111001101011010101
10111100100011101100111001100100
00111100101000001011100001000101
00111100100100001010100110101101
10111100111001001110111001011110
10111101000001100110011001000110
10111011111010111101101001100010
00111100110100001000111101101101
10111011110101000010100100101110
00111100110110111010000110011010
10111100100000100111100101001010
10111101000001011011100110101110
10111101000010100000100000001111
00111101001001010010101000110001
00111100110011111111010001111111
10111100110110000110001011001010
00111101100000001111001000000101
00111011101110000101010001010101
10111011000000000101001111111000
00111101000010000100100110011000
00111100001011101001100010000101
00111101100101111001100010010010
10111101001100010111011111110111
00111100011011000111000000101010
00111101011110001011001100000111
00111100000101000110101001011000
00111011110101011010101111010110
00111100100001100110010000001100
00111101100111000001101010111010
10111101000110001000101100110110
00111101010011010011100111100111
10111100100000101111111001000110
10111101110011101110111010000010
10111100000111100111101110101101
10111101000110110111110110000011
10111100100011001101100010011110
10111100110010010000111000101010
10111101100000110110010011001101
10111101000110101001000101101010
00111101001011100001010100000010
10111101100000010000000010011101
00111100110011110110011010000100
10111100100010110000100010111010
00111100011001111100111100110111
10111010101001101110110111001001
10111101000000111111100010100100
10111100010111000101011001001010
10111100111011001010101110111001
10111101010100101000101010111001
10111100100111111001111000100000
10111100101111000010011011101000
00111100100001010101111110011110
10111100110011000001110001101110
00111100010100011100110101001110
10111101000110110011110011011111
00111101010100100010001000101001
10111101111011110110110001001110
00111101010011111101001011110011
10111100010001010111101000110001
10111100110010010100000001100101
00111100000011011110101101011000
00111100111001110001111110100000
10111100110000111100101100110101
00111101011101111001111001111111
10111010001011010101101111111011
00111010110110101101111010000100
10111101010111001101000011100011
10111101100110110100000011110101
00111100110000010010101111100001
10111100110111101111010101000110
10111101011010100111111000011001
00111101001100101101011010011110
00111100110100101111111101000111
10111010110001011100011011010010
10111100100110011101111111011011
10111011000010010011010101100000
10111100110100111010001000111110
00111101000001001101011000010110
00111100000011111111111100000101
00111100010111011010001101010111
00111101011101100111010011011001
10111101011010001011000000011110
00111100000000100000111100011101
00111101011010010011011111000110
00111100100001101110110110111100
10111101010110011111100001110100
10111101001001111100101001100010
10111100110010101000100011100111
00111100101000110000011011111011
00111100000000101000000110011111
00111100010000011101111111000101
10111011000110011111001100010010
00111101010110011101010100011001
00111100111101111110111101101000
00111100011010001101011001100010
10111100100100111010101101101011
10111100100000101000010100100100
00111100001011010111000100010101
00111100011101101110001010111011
10111100011111001000110100111011
10111101001001011101100000100001
00111101100011001010101000110010
10111101010000101001100001101100
10111100000110011001111011101000
00111100111010000110010001001111
10111101000011101001101010100100
00111100100101101000111000110110
00111100100010101110110011111101
10111101010001010010000110011000
00111100011101100111011000110111
00111100111001101010101100110100
00111101011101000000011011100111
10111101010100111011000101101000
10111100111001000110100111010010
10111100101000001000011001110010
10111101101001111011011111111010
10111100111001100110101010100101
10111101010111001100011001101100
10111100001111010010010000011010
10111011101101111011001111001100
10111101101110000101000101010100
10111100111100110000111100100010
10111100110000111011011000110001
10111100011111111000101001111111
10111100111011000000110110010101
10111101100100110000011100100110
10111101111000000001000110011110
00111101100100110111011011110111
00111011100010001000010101100001
10111011101110101101011010101000
10111100111101011111100001010110
10111100110110011101101001110111
00111101000011011010000100000110
10111100000001000101111010101110
00111101000010100101100000111110
10111011000011111101110000110001
10111101001001101101000010110111
10111101011000000011101000111101
10111100111101101101110001001101
00111101001101111001000100000101
00111100010100111100100101000110
00111100111001110110101010111111
00111100101100110101100000011110
10111100001110111110001111011010
00111011001110010010011100010111
10111100111000011011011110100111
00111101010100101110111100110110
10111101100111100100001010111101
00111100001101110001000000011110
00111100111111001100100101111011
10111110000010001011000111111110
10111100110110010101100111110110
00111100110111011011101001000110
10111101100101101110010011011011
00111100101101111111000100011011
10111101001101101011010101001101
00111101001101110000110101110010
00111011110011000100011101010110
10111100101110010001100000001100
10111100110100010000111101001100
10111101000110010101001100000100
00111100101000001100010000101001
00111011010111100010001110111101
10111100110000100011111110011011
00111100111111111100010110110000
10111100111111000010111000111001
00111100111010000111010101010101
00111011100111001010000100000000
00111101000110011001010110001000
10111100000100000001001011011011
00111011010111011100100111010001
10111101010000111011110110111011
10111011111000011101010100100110
10111101001000000000000110000101
10111011110001010101101010111010
10111101000000110111010010101010
00111101000010010100100111110100
10111100101101010111001010000111
00111100011111010011100000100100
10111100100001010101001101100111
10111101100100111111101110110100
10111011111010001000001111010111
10111100010000000110001011000000
10111011010101010111010110010100
00111100100101000010101001010001
10111011101011111000101001111011
10111100010100001101011001011110
10111100101000101111011001111001
10111101010101011011110110010111
10111100101011111011010100111001
00111101001000100011101101010010
00111101000111111010101001001000
00111100110010100110001110000111
00111101001110011010000000011010
10111100011001100010111001111111
10111100101001111001010010101011
00111101010110110110100101111011
00111100101100000111011001101010
10111100111110001111011100000111
00111100011001100100101101011100
00111101100000111100010101000101
00111101001110001011111011100101
00111101001110100100100101110101
10111011110100100000011100101110
00111100101011001111001011111001
10111101011011110000100001011101
00111100011000000010000001100001
00111100101011000000001010100101
00111100111110111110100100100101
00111100001010101010101110001111
10111101001111001001111011100101
00111101000011001111111011001110
00111101000001111111101100011100
10111011110101001001101100011101
00111100100011111100100101011100
10111100100010110000110111011101
00111101000101111001101110011101
10111100101010001010000110010011
00111101001011010001011110100010
10111101001100100001111111111110
00111100100110000011110100110111
10111011111101011000101100010111
00111101000000101000011000011110
10111100011111100011000000001100
00111100011000011101010111000100
10111101010011101000110100111111
00111101010100001010111010110110
00111100010100110000011110110001
00111011100001110011000111101000
10111101000101111010000000011001
10111010101000010101110000010001
00111100111100111101110110000001
00111101100000101110000001001101
10111100100100000001010010010111
00111100111111000010010101101100
00111101001110110111111000000010
00111100010001001001000010101011
10111100100011011100010001110111
10111011111110111111000111001111
10111100000011101111001111110110
00111101010010100000101100101000
00111100001101101001011110010110
00111100101111100110101111101010
00111101000110000111101010011100
10111100101101001110001011010000
00111100000111110001100101011010
10111100000000100011001001110101
10111100111111010111111001000011
00111101010001000101101110101101
10111011101011110111011011010111
00111100100010100010100000101001
00111100000001100001011000101101
10111101001000001011001001100110
00111101000011010001111011110111
00111101011101001010001011010001
00111010110110110011111010001111
10111011110110001100000101010100
10111101000110001100100010100110
10111101001100010001001000010011
10111100100010011011011111000101
10111011110110101010001111000111
10111100110110110111111001011110
10111100011011110000101110011011
00111101000001011001001111101100
10111100111110111100100001101001
10111101100111100010011010001010
10111011110011110001010101100001
10111101010001000001100010010110
00111100111000110100100011110110
10111101101101010101111010101101
10111011011100101111100010000010
10111100111101000110000101100001
00111101000011111001010111000101
10111100010010100010100100101011
10111100100101010110000011110111
10111101001011101100101101010101
10111100101101011111101100111111
00111100110101111000011101111001
00111100110100000011100101000011
10111100110100110000110111111010
10111100111001001110010110101001
00111101000100101100111011011101
00111101001101101101100000101110
10111100101001011001001101110111
00111100101000010110010110110100
00111101001101111111101110011100
00111101000011110101110001011100
10111100111100111100011001100110
10111100001100000101101000111110
00111100011011101101110011110011
10111101000000111001101110101010
00111010110000100110100101100001
00111100010101101100011000010100
10111011101001100001111010010111
00111011111101110101110010101001
00111101010001001011110111001001
10111101100001100111010101011110
10111011011110010000000001100101
00111100101010010111110000011001
10111100110001001010111010010010
10111101000000010100010110011101
10111100001110011110001111001000
10111100100001110000110111101001
00111100110110111010110010100100
10111100111010110100110110001111
00111101000101001010110111100000
10111101001011100011110000100100
10111101011111011101101111111001
10111010101101001000010100100001
10111100110100111100010011110011
00111011111000001010110010101011
10111100011001100011001001100101
00111101001010100101000101000010
10111100111000110101011111011011
00111100110111100100001111111101
00111100110011000111100001111110
10111101000001101110000011110101
00111100101101111101111011100001
00111101011011010110001110100011
00111011101000010010100100010110
00111011001000000100001100010101
10111100110011111010000000010111
10111100111101000000101011101010
00111101010101111111111101000010
10111101010110000110000110010111
10111101000101001111111100110101
10111011101110101000101000110001
00111101001100110011000000100010
00111101010011101110011100110110
10111010011011100011111101100010
10111101010101111101111110111011
00111010011100100011000010100110
10111011001100010011000100010101
00111100010000100010010110110000
10111100101101100101101011111010
00111100101100101001000011010001
00111101010110110111110101000000
00111101001000111100100000111010
10111100100010110000111100100110
00111100001101011000011111001010
00111101011000001000001010100011
00111101001011101111101000001101
10111101001110010000101110101100
10111100001101101010010101001111
00111101100011100100001011010111
10111101000110001000010011001000
10111000000011101100110100110110
00111101101011110001011000100110
10111101011010101000011100111000
10111100000100011110011111100000
00111101010100100101111111001111
10111101010110101010111111100110
00111100100101001000100110111001
10111100110000011010001100011000
10111010110111000001100000001001
10111101001010100001101100100011
10111011100011010010001100011011
10111100111000001101010001011100
10111100111100101001111101110001
10111101000001101111001001010001
10111100100001110010110011101000
00111100101101010111111011011111
00111011001010110100111110111110
10111101000100011011101110010110
00111100000011110110111110110010
10111101001010010110000101011110
10111101010101110000100010101010
10111101000001111101001001111011
10111100101111111000110110001100
10111101010000110000001001001110
00111100100100101000111000011100
00111100010011010000000110011100
10111100100100000100101001001010
10111001010110001100010011010010
00111101000100000110010000100010
00111101010101000101101001110101
10111100000101011000100000100100
00111000101001000001011110001101
10111101010111110011111000010001
10111101001011110110000001110111
00111100100000111001000010101110
00111101001000111001011110000011
10111101000001000110111010011110
10111101001111111110000111001110
10111101000100001100101001000010
00111101011000111101010000110011
10111100011100110111010001100001
00111101011101111110000100001110
10111101000010010000101110110010
00111100101110111000101100101110
10111100100000100011111000001000
10111011110111001100100011101010
10111101011000111011101010001100
10111100011100010000001111010010
00111100001100111011000111011011
10111100000100010101101011000101
10111101010010010101101011110111
10111010101110000101110100011000
10111101000110001010101100110001
00111101001110111000011011100001
10111100110000101011110001101001
10111100001110010111011101011111
00111100110100010011100000001111
00111101010011111010111111110000
00111100101000110010011101011110
10111010011011000010001111010011
00111100010000001100110101110101
10111101000110001100001100001111
10111100000111010000110110000110
00111100101101111011110010100000
10111101010110110101011110111000
10111100100111110111111100110101
10111100111011000101010101111011
00111101001010011010110100001010
10111101000001110011010110110001
00111101101111111010101011011010
00111100100101000011101010111000
00111101100100111000000000111101
00111101011010100101010011110100
00111100001101000101110011001001
00111101000001010101111000101011
00111101110000100100100010001110
00111101001000010100111001001000
10111011111000100011001101011011
10111101011010110111101100110001
00111101000000100011000101111001
10111100100000010101000101111110
00111100000100011101101101111000
10111100010111011101010100100100
10111101101011111110001010100111
10111101100010101101000011110101
10111011110001111100000110110010
10111101101011011110010010001000
00111011100001000110011001001000
00111101010010100000001000110001
10111100010101101000011000011110
00111100010000100000000000100010
00111101001100011010100100100011
10111101011110000010101011111101
10111011000111010011011101100001
10111100011000100101001000011001
10111101000101101000110111011110
00111011110110111010011101010011
00111100100110000111101110110110
00111100011101100001101110010000
10111101000100000001111011000010
00111101000111111011100001011000
00111101010111011111010111101100
10111100111101111011010011110000
10111100010110111111000101000010
10111101011010001101100000001010
00111100100001111101001011101001
00111100111100101110000010000110
00111101010000010010010111000011
00111101000111100000101101010001
00111100101000011010011101011000
10111101001111011001101000010011
00111101011110010101001010000001
00111100100101100111111001000000
10111100101001001000001001101010
00111011110001011000000101101101
00111011000101000110110011111010
10111100111110110001110000010111
10111100100110011110111110011010
00111100000000101111000010011111
10111101011110111111011011000100
10111101000100111111000110100101
10111100111101000010000101000100
10111101010101010000000001000011
00111100000001001101010001000101
10111100101100000110101111010110
00111100100000100011111101000011
10111100101101101111010011000011
10111101100010111010110001010000
10111101101001010110010001110111
00111101000010010011000000011101
10111101010101010011010100110111
10111100110010010111110110110010
00111100100111011110110000111101
00111011111101000100000111100111
00111011001010001100010100010001
10111101001110001011011000011000
10111100011010000100010011110010
10111100000101101011111111111110
00111101001010010111101000010101
10111101011011110000001100100001
10111101001010000011001111000111
00111011111100000000101010011010
10111010110110011010001111110001
00111100110010101101111110011011
10111010010100011010100110110010
10111100110010101001101100101101
00111100001110001011010111101000
00111100010111001100000100100010
00111101001001111011100100101000
00111100010001001010101100011111
00111100010110000000111011100011
00111011111001110011000000000100
10111101100000011011110111110000
10111101001011101000011010100100
00111100010101010000101000001010
10111100111010011101001111000001
00111100101001111101100010011001
10111101000001010110100000110101
10111101010100010010000111011110
00111101100010110111010100001101
10111100011100101010111110101001
00111011010010010111111111001011
00111011001111000110011111001011
00111100000010000001001010010000
00111101011101100100100111011011
10111100111001011111011001101111
00111100100001001110000000100110
00111100000100100000011010101100
00111100001001111100011110100001
00111101010001101000000101111010
10111100001110110001000000111101
10111100011110000111010001011111
00111011101101001111100110110110
00111011111011010011110011101001
10111100010101000110001000001000
00111100101100110010001010101110
00111101010011100010111001111101
10111101011111011111000001000011
10111100001111011100110000011011
00111101001101000010011010010100
00111100100100101000010011100001
10111101000000101111101110101111
00111100111101100010100010011010
00111010000111110111100111010010
00111100110000111000011001000001
00111101001110010100110111101101
10111011100001111011110001111101
10111101000000110001100000011010
00111100110101000100101001011000
10111100011100010011101000010011
10111101000110110111100011010100
00111100110100111111100001110110
00111100010101010001101000101010
10111100111100001010001110000100
10111101100010011011110111111010
00111101000000101101000110100000
00111010011000011010001010001010
00111011011011101100111101101111
00111100010101010011110101000111
00111101100010100101000110001001
10111101100011010011111101111101
00111101000000010100110110111010
00111101100101011001110100100111
10111010100001111111100000011111
10111011010101010110111111011101
00111101100001101111011111001011
00111011011010111111011100110111
10111010100010011101101011010001
10111101010010010110000000000101
00111101011000101111101100101010
10111100101111010100000010111111
00111100110101100001111001011101
00111011111000111101011001001111
00111100100100111101000100111000
00111100001100010001010001001110
00111100111011010001001110111110
10111100111111001010000001101010
00111100010110000010010011000101
00111100100100011001001101111101
00111101011011010000000001100100
10111011100111001010010100111100
00111101001001111100100101011100
10111101100011101011100011010100
00111100001110000011100111100111
00111100001110010100010101011110
10111100100000010000000101010011
10111101000010011111100000111110
10111101001100111110110110010100
00111101100001001110100100001011
00111100101100011010011011010100
10111011100010000010100010111110
00111101011100100101010110011110
10111011110101010101101010001011
10111101000100101100110101000111
10111101001101001111011101010010
00111100101111000010101000111011
00111100111000010101010011000110
10111101000111001110011000110010
00111011100101111001111101101000
10111101100110011111001110101101
10111101000110010110000000110000
10111101010010001101111000011101
00111101001010010001100100100101
00111101000101001100110000001110
10111100110110000101001111111101
00111101001001001011100110011110
00111100010111010000010000010001
10111100010100100001011001110111
10111100110010100111000100100001
10111101010011001110001111110110
10111011000011110111000110101010
10111101100000111001001010100000
10111101000011000011111010011000
00111101000101011001101010101111
00111100110101010101101010010111
10111101100001001000010101110000
00111101100100101111101001111001
00111101100000010100100110001110
10111011000100000111110111110000
10111100110111011101010110000101
10111101011001101001001110010001
00111101000110001100010010000111
10111101011011111001001110011010
00111100101100110100010111111011
00111101001000010011000111101111
10111101100000110011111111000101
10111101001010010111100001011011
00111101000111010110111001110011
10111011000111011110111111000000
00111101010011011010101011001001
00111100011111011001100011001111
10111101000100100011010111100001
00111101000110011101100011111010
10111011100100000011100000110100
00111101001011101101110010000001
00111100111001110000001111101110
00111100111001010001010100111101
10111100100010001110011101001111
10111011000010101010101001110100
10111101000101010100100111010010
10111010001110001010011110110111
10111100101000100111001011101001
10111100100100010110110000101010
10111100111000101010000000110111
00111100011011111001000101011001
10111100101010110101010100000110
10111011100111100000001010010001
10111100101000011110101000001101
10111101100001110101111010010111
00111101000011000011010010000001
10111101010101000010000000110011
00111011101000111000101111001101
00111101001101111110101001001100
10111100111110100110000010010011
10111101011001011110001000100111
00111100100011001110110001010011
00111101010101010111111101110100
00111101001100000111011000010011
00111101001000110000010010101001
10111101001000101011101100110111
00111100101101101110100111000011
00111101001000010000010110100101
00111100110100001111111000111001
00111100100100000110101011101100
00111011101110101110011011010001
00111101000000001111010100010110
00111101011100111000011001011111
00111101001000000001101100011001
00111101000100001100000000101111
10111100000011000100000111111110
00111101000011110001001110110010
10111100101111111100010101001111
00111101010000100101001111000001
10111101011000000001011011110100
10111101100011100010011000110111
00111101001110101001000101010000
00111100101001001011100001111001
10111100001001000101101111100101
10111011001010100110111111001011
10111100111000100011001010100100
10111101100100010100010101001001
10111101000000001100110111100010
00111011100011111011001100100011
00111101011110111010101100011001
00111100100001111001010010011111
10111100111010001110101100011110
00111011101000100001110100100010
10111100000011110001100111000101
00111101000001011101110000000101
00111011001010010001011101010000
00111011110110100111100111111101
00111101000011100010001001001000
00111100011110001101110100101101
00111011010110001011111001000111
10111101010100001110011111001111
10111101001111100111001000010010
00111100100110001000100011000101
10111011010011111101010000110100
10111101111110001111110100111010
00111011010100110000001101001010
10111100101000100110001101101011
10111101001000000000101100011000
10111100010100100010111000010000
10111100100110101100001010101000
10111100110000010011101010100111
10111101001010100101000100011101
10111001111101100010101101110000
10111101001111111000100010100101
10111101000000000010101101111111
00111100110110010000101101111110
10111101010011111011010001101110
00111101000110000110111001101100
10111100011001000110001101101010
10111010001010001011000110010110
00111101010111101011001111100111
10111001101010011100100001101010
10111101100101110011010000100011
00111101010100011100111111100101
00111101100000100111111101110111
00111100100011001111111011010111
00111101001011100001001100011001
00111101001101101000010110111001
00111101000111010011000001111111
00111101010101101011110110001101
10111100111010010100101010111101
10111101100001001100011000000001
00111100101011100000101111110100
00111101000110100010001010100010
10111010010010001000101001101110
10111100011100011011101101001000
10111100010001101101100100111000
10111101100100010110000110001111
10111101000011101001111010000100
10111101001000011110100000010101
10111101100100001001000101110100
00111101000110001111010110010011
00111100110011101011010100111100
10111101101101101001101001001110
00111101011110010011100001001010
00111100011111001001001001011110
10111101111110101110110101000100
10111101010100001101001001001010
10111100111101000000001111011100
10111100011001000110011000011000
10111011111101000100101010100001
00111100001010110111001110111100
10111001010011110010000111011101
00111100100001110110010100111011
00111101000001101010001001001100
10111011101100010000001010100100
00111100111011100101101110010001
00111100110010000101101111111111
10111011000011100100010010010000
10111101100100100111110111001000
00111101001110011010101011100101
10111101100001101111101101100110
10111101011110011000011110010100
10111100001010001110001001010000
00111101000001101000001111011001
10111101000000000100111111011001
10111101101101111010100110111011
10111011010010011010001011100011
00111101000001010011100011111100
10111101010000111011011011010001
10111100100010011111110010011001
10111101000111001011110111001011
10111001110101010011010001000111
10111011000000110000000110010101
00111101010001000001111101011010
00111101001111111000010101101101
00111101010011000001100110001001
10111101100011000000011000011010
10111100110000100111100100101010
10111101100100011101011001000001
10111100111111001011011110010101
10111101010110111000000101101001
10111011011100000010011000101111
00111100100010100110111001000101
10111100111001101011101011000011
10111101011000111100000011100100
00111011111000100000111011001011
00111100001101000101100101101100
00111101010010101111101100110000
10111011110000011011110100000001
00111010110110110001000011010100
00111100101111000011011100010111
00111101011001011011111000001001
10111101001011100100101111110000
10111011010100010011110000000111
00111101000010111110010010010110
00110111011100000010111011111010
00111100100101110111011010110110
10111101011100100101011011000110
10111101010010100111000011010110
00111100101101110010000010011001
10111101011111000111001011000111
00111011111111000010101010101001
00111011010000011010100000010100
10111010110010000010100100110100
10111101001100000000001111110000
00111100101110100100000110100110
10111100100000100010111110110101
10111101100110101000101001110111
10111011001100010000100011010001
00111101000111111110100011000101
00111101000101111000101110100010
10111110010001101100011010100000
00111011100010110110101010001101
10111100001101010010011111011101
10111100010000010101011110001100
10111100110100111000101001011011
10111010101010101010010110000110
10111010001000111011000101011000
10111011101110111110110010101011
10111101011000000101101101110101
10111101001000010100010001000110
00111100110000010000000000110111
00111100101001111110110100101100
00111101011100100111111011111010
00111011111100111011010101000000
10111010100101111110100111010110
10111011111000011101110000101001
00111101000001010000001101000110
00111011100011001001111000101101
00111011110101111101100001010000
00111101100100011111101100000111
10111100100011010010100011101010
00111011110101101110101111000110
00111101000011111111101000101010
10111100111011101101100111100000
10111100001000111010101110000011
00111100100001110100111011011001
10111010010001111010100001100001
10111101010010010100110000111010
10111101010110011010100101101011
10111101010101110101001100110011
10111101000010111000011011111001
00111100100000110111100001001111
10111100110111010101111110101010
10111101000001010111101001011010
00111100000000010000011000001010
00111101001110011001100001111000
00111101001100111101100100000010
10111011111100000111011000011101
10111101001101100011100111011010
10111100110001110100010010011100
10111100100111001110011101101110
00111101000011000000000111011110
10111101000110101101101110010101
00111100011000111110001010011011
00111101010111011000011100100101
10111100101011100110110100101101
00111011100010001101110100100001
00111101000101001101101110000011
10111011001100011010000000101101
10111100100000101110001001000101
00111101010000010011100101111111
10111011010101011100001110010110
00111100001001011101011000100010
10111100111111010101011001011001
00111101001010011101100100111111
00111100011011100011100011011011
00111011100001011010101000000101
00111100000110110000111110011110
10111100100111100001010000110101
10111101000111001100000101001100
10111100101101101100010110100011
00111101000000101010100100000001
00111011100111101010001010100110
00111011110111001010010101010100
10111100100001010111111010100100
10111010101101110100001000000110
10111100100011101100010001100010
10111011111011001001010001101000
00111100010010010111111111001010
00111101001000000110100010111001
10111101001010100110010100011110
00111100010110010000100110000010
10111100101111011011010101110000
00111100000110010000101100100000
10111011011001110001100010111010
10111101001111100000100111111101
10111100111010111011101001110010
00111011110101110110100011110111
00111100000100111000111010011110
00111101001101010001001101000001
10111100100111000100101000111010
10111101010001110100010010100100
00111011101101110010110001011011
00111100110010010110110101011100
00111001100100110101110101010101
00111101010011011011110000010100
10111101001100110000100100110111
00111010101000000110011101100000
00111100000000111010111001100010
00111100000011011011100000110000
00111100001110110110011001001101
10111011101101111100001000111011
10111100001100001001000000001010
10111101100011011101010100100011
10111101001111000100101101001010
10111100011110010011101111001101
00111100011000101001100001010101
00111011111010100111111001000100
00111100110010010110001000010011
10111101000010010101010100111101
00111101001010110011000001101001
10111100101111010100100100000001
00111101100011111000100101000111
10111100101001111101110111110010
00111100101100000000001010111111
10111101010111111111100100111000
00111100101101111011011010100100
00111011011100110001110011111111
00111100111111000111101100100100
00111100001100101100111100110000
10111100110110100010010110010001
00111100011011110111101010011110
00111011101110101010001111000011
10111100110101110011110000100000
00111100110010010101001010010111
10111011110100101011111100000000
10111101000100110001001001101111
00111000101000101010101000100001
00111101001010100011110010101000
00111101000100010101001011111101
10111100101110101110101100111101
00111101000010100101101101000111
00111011100010011111100011101011
10111100110000011010010010111001
00111101010100110111001000101011
10111101011001011100011101110011
10111101011001010100100110000110
10111100101001110100011000011110
10111011011000000001110000111101
10111100100101000101110010111110
00111101001001010111011101001011
00111101100000110000110111110001
10111100001001000001100100000010
10111100111100110000111111101100
00111101001111101101001110101110
10111100010100110101111100100010
10111010001001101001010000111011
10111100111001001111101110001001
00111011100011101110001010001110
10111100111110111100011100010011
10111101001100100101100001101101
10111101010101001000100001110011
10111101000101101001110110001100
00111101010111111011100110111111
00111100000100011110100011000010
10111100110010001110001101000011
00111100001011101010000111010101
00111101000110000101100101000110
10111100110010101101001111110001
10111100001000010101001001011001
00111100000010001000011001001110
00111100001100011010101010100011
00111100001111111011010110101101
10111101000010111010010000110000
10111101010010100101011100100000
10111011111010100000001011011100
00111100001011101111110111111110
00111011110100011110000000111100
00111101001101100010001111000000
10111101000101111010001010001010
10111100101100111100101010001000
00111011111100000101111011101001
00111100100010000011101100010001
00111101010010100000100101010111
00111101010110111100110111111010
00111010011110101001011010100000
00111101000001110100010110101011
10111100010100110001100101010001
10111011111000010100111100011000
10111100000101110000011000001011
10111100011010110011010110111010
00111011010010011101111100100011
00111100111000010110111011111101
00111101010111100010011000111110
00111101100010110110011100100010
00111011000111101110100100101101
10111011111000101101001110111111
00111101001100000110110000110011
10111100100001000011010100000110
10111101001000011001001101101101
10111101001101100010101110101011
00111101000100000011110110010000
00111011111000101101101111010100
10111101011101101100010010000111
00111100001000111100001101011010
00111100110101010111011100000011
10111100100000011110110100000000
10111100000110011001111111111000
00111100100011111100101101010011
00111100001010100000100000010101
10111100110110111011110101110010
00111101011000011101001000101011
00111101000101001010011001111001
10111101100100010001000100100000
00111100101110001010010101100001
00111100000110000110100000100001
00111100010000011010111010100111
10111101100001111001100011101011
10111101001100110101101011010010
10111100111000011011100101000010
00111100110111111000000100011111
00110111111000001010000010110000
00111101001111001110010001001011
10111100111110111111111110100011
00111100011010100010010001101001
00111101000110010011010010111100
00111100000100000101010011001110
10111100100100101100101101000101
00111101001010010110011111100110
10111100010100011011010011010111
00111101000101111010100110110011
10111100111101100011100111010101
00111100001001000110001100101010
10111101100110101111000101010100
00111010111101010011100000010110
10111010101111111111110011010001
10111101010111010100001110101010
10111101011011000100000001101101
00111011100010100000101000101010
10111101010111100010000010111011
10111011111011101010000010000000
10111101000011000110101101101001
00111100111101001001010100101111
10111011101011010000010101001000
10111011111010001000100111100010
10111101010101101110000001100101
00111101000101101010110110111000
00111101000111101010011011100010
10111100100010001011000001110110
10111101000011111000001001101111
10111101011010100100010001010011
10111100110111011011101001010110
00111101010100111001011101101010
00111101001011011110011110000011
10111011001001110000001001111001
10111101101001111100010000110010
00111101010000011111111101010101
00111101011111100010011111101010
10111101000011110110100110001000
10111011110010010001100111011111
00111100101001010110100110111011
00111101010110110111101100011011
10111101000111010001001110011001
10111100101110101100101100111101
10111100111000010001101111110100
00111011101110010101010001110001
10111100001001011111000010110001
10111010100110001000101011111010
00111100101010000101100000001110
00111100101011010011010000101001
10111101100001111000000010010001
10111011111010111001010100111111
00111011011011001001111100010011
10111100011011110111111011111000
00111100111000100110100110101101
00111101011001010100111100110011
00111011011000111000010111001000
10111010111011001001000100000010
10111100101101000110001101100101
10111101100000100100011001011010
00111011100100110101001000110110
10111100100100100001100001001100
10111101001100101111001010101111
10111011101111111011011001011110
00111011100110011101011110001100
00111101000100000110111110111110
00111101000101001100011000001110
10111101000000001010001110100011
00111100010011010010110011110111
00111100100001111000001111100001
10111100101011100011101100000011
00111100110111001011101110001110
10111100110111110000010110010000
00111011111110101110101100001010
00111100101100001111000100011110
10111101100111101111001111110010
10111100100000000101001100011010
10111101010010000110000101111101
10111100010100111011111001110011
10111101100010011000100111010100
10111101100000100110101111000101
00111100010011100011010001110011
00111101110001100010111111001010
10111101011010111011001000001100
10111100000100000101000001101000
00111101011110010011010000000100
10111100100000100101001001111101
00111100000110001010000111111001
10111010110111010111111110110010
10111101100100100000111010001000
00111100001111110111101101101100
10111100000000101010011010001101
10111101011010000110001100100001
00111100111110100011000101010100
10111101011001000001110001011000
10111100110111110110010011100011
00111100100010101000000011001101
10111101100111100110010111011111
10111010000000111000000001101011
00111101010101001001000101101000
10111100110001011111001010110000
10111100110111110000100000011001
00111100011000000000000100100111
00111101010000101010011011100010
10111011101011111001010101100111
10111101000010110011010101101011
10111011000111011001110010001001
10111100111011100110000110010110
00111100000110010110001010110101
00111100100100100111010010110110
00111101001100110101100010111001
10111100110011101100110000111001
10111101000001001010010110000101
00111101010000011111000101000101
10111011000110000001001101110000
00111100100111101100111001010100
10111101000001100111001000110000
10111100101100000000010101110100
10111011111010101110100110010100
10111101001100011001111001110111
10111011111010101111010100011101
00111011111110000000110111001010
00111011101010001001000110010010
00111100111111001011011111101101
10111010110010001111111010100111
00111101000000001001111001110111
00111100100111001011010111100100
10111100100100010101100101111000
00111011010101010000010110110000
00111100100111011100001101011111
00111100100011100000100101100110
10111101010000000101001110110010
10111001101101110100100110011100
10111100011110011110000001000111
00111100111001100111110000100111
00111100010111111011011011101001
00111100011110001001111100011111
10111100101011100001010001110111
10111100111110110111000111001001
10111101010001101110010100000010
00111100111110111010111010110011
00111101010101010100010111101111
10111101001000101010100011011111
00110110100001101011011101001010
10111100001001000111001000000010
10111100101011111101010110101110
10111100000010000000110100111001
00111101000011110111010111101010
10111100100111001000100101011011
00111110001101100001010011000101
10111101010101101011111110110010
00111100001100010001101101010100
00111011100101110001101001100011
00111101011000101010101010101100
00111101000110011001000101111101
10111100100010100011100000100111
00111101000010010010101101110100
10111010100111111011001101111100
10111100000010010001110001001101
00111011100011010001001111101000
00111101000010011000001011110000
10111101010010100001110011100101
00111101000000101101001000110100
00111101000111000011100100111100
10111100001110100100110100101000
10111100110100010011100110011010
00111100010010101010011010011011
00111101001011010101011011101010
00111101010000001110010011001101
10111101101100100000000100100011
10111101100010001101001111111110
00111100000001111111000001111111
00111100110011011011010101110100
00111101011010000101010011111100
10111101011101000111001110000001
10111100010011100010011100101101
10111011100100000000111011010101
00111100100001011001110100001110
10111101011011010100101111010101
00111101011101011000100010111010
00111101010011111011110001001100
00111011010100010000000100101110
10111100110001110011010001101101
10111100111000110011010011110001
00111011001110100000111110101110
00111100001101100010111100111101
10111100100011000011010010000010
10111100100111010000010001010110
00111100110100100111101010000010
10111101001000101010010011100000
10111101111011100110001100001111
00111100010001110111101111110010
00111101100001111010011111010010
10111101001000100100100100011011
10111100011000010110110010111111
00111100001010111011111111101110
10111100110011010001100101100111
10111101011101101110001110000010
00111100011010111101011011011010
00111101000011111011010111100011
00111101001010011101111110101100
00111100100000001110001011000100
10111100000011111011101011010010
10111001111011010111111000000110
10111101001001001101000101111010
10111101100101111010010001101001
00111100100100001100001101001110
00111011101010111010110001111100
10111100101000011011001110011100
10111100110110011001010011010011
00111011010000110111111111010001
00111101000011101010010000100101
10111100000100010110110101111000
00111100110001111111011110011010
00111100110111001010000100100100
00111100000001111110010010110000
10111101001010000100010111100101
10111101000101001100011100101111
00111101001000111100110110000101
10111101011011011110001010100101
10111101101111101100010000110100
00111101001110001010111000111111
00111101000000111100110110111111
10111110000001000110111011111001
10111101001001111000100101111001
10111101100000011110010011011110
00111101001111011101010111010111
00111101000101110100101011011100
10111101011011011000101000011011
10111100111000111101001100011101
10111101001010010010010110111010
00111011011011010011001100010010
00111100011101001000000111011010
00111101011010110001100001100110
00111011101110100001110000111001
10111100010110111010000110000000
00111101010101111100111101100111
00111100101011101100110001100111
00111100111100111111010100111001
10111101011011010101100000100011
00111100111000110011011111111110
10111100010101111001101110110110
00111101000001010010100110010000
00111100001111111000000000110000
00111101001011111011000001001010
10111010101101100001110001010010
00111101000010000110111010010110
00111101001101100000000100011110
00111100110110100010011110101011
00111100111011100101100110101110
10111100111101100110011110101001
00111010011010110100110101111110
00111011011000010101101110111101
00111100010010000011011100110101
10111011000100111011100101101001
10111100101101111000110011111100
10111011010100101100000100100010
10111100011000010110100010111001
10111011110101000001100101101000
00111101000110000110001000000110
10111100001010100010001011111010
10111100101101110110100011000000
10111011111000110100111001000100
00111100101100101011101111001110
00111101010011110011001111110101
00111011111000011000000110000100
00111100010011000101101101000010
10111100010011000010000011011011
00111100000000101010110011110111
00111100001000101001000001100100
10111011010101000111001110000100
00111100110010101000101100010011
10111100111001001110111010111101
10111100100110100001000101100111
00111100111001101101101000011011
00111100101001001110011101100010
00111100110011000001011101100100
00111100101100111000101001101010
00111001001010101000001001110111
00111100101100101011010111011001
00111100101001101000110101111010
00111101100010110010110001000100
10111011101101010010101000100101
10111101101010101111111011101101
10111101001010111100100010000100
10111011110010111010000000000001
10111101000001111101000101111001
10111100111110101010111111100100
00111100111000101110111000010011
10111100110010011000011000110111
10111100110111101111111000101110
00111011110100111011001100001001
10111100110100111010011010010001
10111011110001011101110110000111
10111101001001101010011110111110
10111011010110011101000111100011
00111101001110011111011001111111
10111100110010100010111011010100
00111100101111000010111010010001
00111100101001001100000110011010
00111011101001000100100111011101
10111100010010101010010000111110
00111100111010000011110110101110
10111101001011011010110100100111
10111101001110101110010100101000
10111101000001011010000110100011
00111101010001111000011000001111
10111100101001000100001101011110
10111101010101110111010110110011
00111100111011010011101100001010
10111100111000000011011101001000
00111101100010010010111100101101
10111100101011101111110000101100
10111101101100001111000011111111
10111101100010001000010011101000
10111101010001111010011001000010
10111100001101001101111011111000
10111100110000110010100011101010
00111100000010011001011110011100
00111100110110001100110000111100
00111011111111110001110111011001
10111100101110000111101101001100
10111100101111101001010000000111
00111100110011010100010001000101
00111001001111100101100011001011
10111100000011010100010001101010
00111101000011100101010100011111
10111100100001111111010111101000
00111101001100110100010011110001
00111011011110100111010010010001
10111101000001000001011100000011
10111011101001001100000001001010
10111011110001100111011110111110
00111100100100010010001111101010
00111101100011110011111001111110
10111100010101111001111001010000
00111100111101001100101111100010
00111011110011010110000110010010
10111100010011111110000111100100
00111100101111111011001011000010
10111100001010111010100011001001
10111100100000101111110110110001
00111010011100101110001111100110
10111010100011000001101101111110
00111100111000111111110111010011
10111101001000010000011001011011
10111100100101101010110010111010
10111100111011101010011100100000
00111101011001110111011000010110
10111101100000101000111101011000
00111100101100111110101111110001
10111101000111010110001000111010
10111101001000011110001101001101
00111101000001011000001010100000
00111101100011110000101100110010
10111100101110001100001101011000
10111100100011001100110110000100
10111101000010100100101111010010
00111100101010010110100111110001
10111100011000110010011000011110
10111011100001110100110110101101
00111101000011000110100101000011
10111100101011111010001101100010
10111100000101000101010101000010
00111101000100000110011101011111
10111101001100101010101011000110
10111100000000000000001110010101
10111100110010110010110011101110
10111101010101001010010010101101
00111101011101000111111100001110
00111100101101101110110110110001
00111010110101001111000111111000
00111101000011001110110100000100
10111011011000010001101101001110
00111100000011100010010101101010
00111101010010110110001111000111
00111011011100111100110001110000
10111100111100101100011100001110
10111011101111100100111110011010
10111100100001111100010111101100
10111101010100101011001011110000
10111100000101010000110000001001
00111100000101010001011001010001
10111101011100111110000001100011
10111100001001100101101101100010
10111101100111010011100011111110
10111101010101000111010100110010
00111011111000111100011101110000
10111011111101111001110001010110
10111101000010000110111111111111
00111100100101100011001011101001
10111100001001100101101110010010
00111100011100110101000000001111
10111101011111010000100111000010
10111100100111000101000001011001
00111100011011000110111101011011
00111100100001000111011101110000
10111100000110010111101111110001
10111100001111001111101001000101
10111101001010000000001010010010
10111011110010010110111011100110
10111011101110111100110000010010
10111101010110001100100001111100
10111100111000010110001011010010
00111011011111001100000101110001
10111100111001011000011010000010
10111011101000001010100000001010
00111101011010110011011011100101
10111101000001110011001100110110
00111101101001101100110010011001
00111100001001101111001010111000
10111101010100101110111111000100
00111100101111011011100010001111
10111101011010001100100001101011
00111100100001000011011100000100
10111100000100110111101010010101
00111100010001011101000000000111
00111100111111010111001011110011
10111011011001110100001110001101
00111101010100000111011100011011
00111101011101101111000110010001
10111100101001111001110010100100
00111101000001111101000100110111
00111101001010001000101100111011
00111011110011110111111101101111
00111101010010010110100110101001
00111011110101001111110001001110
10111101100100010101010110101111
00111100100110101001100100000011
00111101010100101010110010000000
00111100101001000001101011110101
10111101001010010110011100110011
00111100110111111100111100111110
10111100110100101001111011001000
10111101100001111100010010110101
00111100111111000111000010001110
10111100010101011100001011110010
00111101000100101011101000100100
00111101111101000110000110010111
00111101000100101100011000101111
10111100100011111010111010000011
10111101010001100110101000010010
00111100001011001101111010011010
10111100111111000001100100001111
10111100111110100111010100011010
10111100111111101010011011011000
10111100101001010110101001101011
10111011011010000001110101001001
10111101001001111101100000000001
00111100010101110010111010001001
00111100100101111100010101011011
10111100010101101101010000101110
10111101100011010100111001111100
10111101000111000001111101110001
10111100001001101111011111011101
00111100111110000100111010001101
10111100010111010001100000001010
00111101000100001111000011111011
00111101000101010011100101111111
00111011111001011001100111111101
00111101001110010111010100010011
10111100110000011001000000011100
10111101001011101111001010011000
10111100100110111010010101111100
00111100100110111010101001011000
10111100000001111111000001000010
00111010110100011001111001101010
10111100000100111110101111010001
10111101101000010000100001100011
10111100101010100111101010001111
00111101000011011011111001010011
10111101000000111000011001001011
00111011000110100111001100011111
10111100011101111111010010000101
10111101001010001000001010101011
00111100111001010100011111011011
00111100111111011001101011111101
10111100001010011110100011110100
00111100010111101100101101111001
00111011101011101001000010000000
10111100011110000111010001000011
00111100100101110100011010110110
00111100001001001111111111100010
10111101001101100110000100010110
10111010111001111011110110011011
00111100100010111001001011101111
10111101000110100010100011100101
00111101000110101011110100010010
10111100000100110011101001100111
10111100100101000010101110110111
10111010110000010110011101010010
10111101011110001101101111111101
00111100100111110001100111110001
10111100101110101110110110100010
00111010010000100111110100110101
00111010001000110001000100010011
10111100001011001111001100110001
00111101001100101001010011011001
10111101001110100110000110001011
00111100100001110101011101111110
10111100111101100010010101011111
10111100111111101000100111111010
00111011100001100101000010110011
00111011111111100001111100010110
10111011101001110100010101111010
00111100011100101111110001011101
00111100101100011101100111111110
00111101011110100011000111001000
00111100101010000100010101100111
00111101000111001101000000110011
10111101000110111011011010100110
10111100111011011000010101111100
10111010100010010010111100011001
10111101001000101100101111011100
10111101001101000001001110100111
00111100110000101101011001001100
10111100100110110000101001101100
00111100000001001100111111101110
10111011100011111010001001110111
10111100100010000010011001011101
10111101010011000011001110010000
00111100100110101110110010101000
10111100111111000000010011101011
00111100110111011100101101110010
00111101001111010100011000010110
10111011100010111100110011110010
00111101001011100101000111110110
10111100110001011010110110110111
10111100110101101101110010000111
00111011101100111000110011100100
10111101011110001010000101101101
00111101010011011111011000111100
10111100101100111111100101111011
10111101010011110111000010110111
00111011001011001101000101000000
10111100110110000110000111011001
10111101000011100011001010111110
10111101000101011100100110101101
10111101011111100100110010011000
00111100010011000110111111010000
00111100110011000111000110001000
10111101001110101100111111111001
10111100110100111001010110000000
10111011100100010001111010100000
10111100011000110110110111011000
10111100001111010101101011011101
10111101010000010000111001111000
00111011110001011010001101001100
00111101001101000100000001000101
00111101001010011001101011100000
10111010011000000111000010001000
00111011110011110011011100100101
10111011011010101000110111111010
10111101100101101000100011111101
00111100001111000011101001001110
10111101110100001001011000000010
10111101110101101001001000001010
10111101010001100101001000101011
10111100111011100011011001011011
10111100101001000111000101001101
10111011101111101101000001001000
00111100110000000100010100011101
10111100101011000110011100001011
00111101001001000001101000001001
00111100111101010001110010101000
00111101000111100011111010000100
00111100100111010101011111111011
10111101100000011101001011110010
00111100011100100011001111001111
00111010000101110111111000100111
10111101001100001110010111000010
10111101101011100110010000011101
00111101001001100101100000011011
10111101000010100100101110111111
10111101010111010001110110110010
10111100111100000011001001101000
10111101010010010111100010010100
00111100000111110110000100010111
00111101001110011100001011101011
00111100000110111000010010011001
10111100110001000000000010101101
00111101010100000101111010111110
00111100010110010010100101001100
10111100001001000111011010111101
00111100110001110000100110110010
00111011000010110001010011010101
00111011110000000101100010001111
10111100100001111110001010011001
10111010110101010111001101100100
10111010110010100110100011110110
00111100001111001001110011000101
10111011101110011001001011110001
10111101000110111000111001011001
10111100101100010100000011111000
10111101011111011110111001101001
10111101110101110100011101101111
10111011100001010000101101101011
10111101101001001110101001110110
10111100000001010110000010010000
10111011100000001100111001100101
10111101101011000010100011110001
10111101010111101000001100111011
00111100111100011101110111010000
00111100010010010101100001110100
00111100101000011000011001001010
00111101001000011101001001101011
10111100110011011000011000000011
10111100100101000010011110110100
10111100101100111111000111100111
00111101010010001110100101011010
00111100100001101011111101011101
10111100111111001000011100101101
10111100111000101101000001011001
00111100111110100110110001001110
00111010101010001001011101110001
10111100110011011101010010101111
10111100000000001111111100101111
10111101000011001011110101010001
00111100111101111011001001101111
10111100111100010100001001111011
00111101000110001101111000000000
10111101000110001100111011001110
10111101001001001001111110001011
10111100000011110010100111001000
00111011111111010011110000110110
10111100101001000001000110001101
00111100010001010011010001011111
10111100110101111110100101011011
10111100000001001111000000000000
10111100110101101111110110011111
00111101100001011001100010010110
00111100101101111101110010011010
00111100101101101000011001100100
00111011101110111011100010100100
00111101010111001011001101111110
10111100100110110000000100011110
00111100101000111011100001011100
10111101001111010001011010011100
10111101100011000011110101001011
00111101011111111111000100100001
00111100110011111110110110000000
00111101010010101111000001101110
00111101000110000000100100000101
00111101010000111111001001000010
00111101001010101000000110100111
10111010001001010111101100111101
00111101000010110001000100011011
00111000101101110101000100100000
10111100110101010010001000101100
10111101001110000101010001000110
10111100100000010110000001100010
10111101000111111111110010110111
10111100100110000101110011101010
00111101001011010011101000110110
00111100101111100011010101101101
00111101011100101010001000110010
00111011110010000100001110011000
00111101000110101001000111100000
00111100001011110111100011010010
10111101000101111100000111010100
10111101100001110110001111001111
00111100001101111111011000011110
00111100001011111100101100111101
10111101100000111011011011101000
00111010100010100001001101110010
10111101010100101010011000011110
10111100001111010000100011111011
00111101001110001111000101001111
10111100001011100010101101011010
10111101001100000001010001001001
00111100100011110011101000000100
10111011000101111010111011001011
00111100010111111010001001000100
00111101001111111110001010001110
00111101010101110000110101011111
10111100011111000011111010110000
10111100101110001011000101100011
00111010110111001100000100011110
10111100010111110010010111011010
10111100101100010000000111110011
10111101100100001010110110001111
10111011111010111001011101000100
00111100111100111010111001000100
10111011101011100110101010010111
00111100111001011011110001010000
10111100110111100000011111000001
10111100011010000011110111010000
10111100101100100011110001010101
00111101000111100101001010110110
10111010100001011100100010101011
00111100000001110010100010110011
00111101000011010010010000101100
10111100101000101100101011011111
10111101100011010000011101010110
10111100111000000010000101110111
10111010011000110110000011000001
10111100111110100110010011100110
10111100101110110010100010101111
10111100100010111101111101110100
00111101010001011000000110011011
10111011110111000000101011100111
10111101101000100110101011000010
00111011110010100010010101001000
10111011100100010101100111000000
10111100011001111110111101111110
10111101100011001101111010100110
10111100110111000000000110010111
10111100110111001011001000101010
10111100100010110111001001100111
00111100101010011000100000001101
10111101110001111100100100111010
00111101010000010100111101110011
00111011111010111000001001111000
10111100111110011000001101101011
10111010110100101010000011000011
10111101000110100000100111101011
00111101000101110101101011011100
00111101100000101001111101111000
00111100000111101010111111101110
10111101001110001101110111101010
00111100011000010101001100000000
00111101000000000000101010011101
00111100110110110110101111001100
10111100101100010100000011011100
10111100000111111101011101101111
00111100011100000000110100001110
00111101001110100011100010000111
10111101011110011111101111000101
