00111101001100010010011110001101
10111100001111000111110001000111
10111100100111100001101100100111
00111100100010010000001011011000
10111101001101011000101111000100
00111100111101100110101111100101
10111101100010010000000111001000
00111100001011111111010000101000
00111101011110001010000110110101
10111100111011011010011000010001
10111100000101011100000111011100
10111101011111100101111000001101
00111100000110000000011011010101
10111100111101011001100100001110
10111101000101111101001000111111
10111101100110001100111100111111
10111011000001011111100010110010
10111100111001111101000001011101
00111100110010101101001000101110
10111101001000011101000100100010
10111101011111101100101111111101
00111101100001100010000111011010
00111101100000100000110110010110
10111101001000011111101111110111
00111010110101001111010101010001
00111101000111110011101110101011
10111100000110111111100011011001
00111011011100110010111000101010
00111100010001110101101000101001
10111010010011011011100011110000
00111100111001110000100010001110
10111100011010101001100010001001
10111100000110010111110011001111
10111101001110011111000110100101
00111100010110001000000011010100
10111100100111010110000001011000
10111101100001000000100011110010
00111100110100011101110101100010
00111101000000011100010000011100
10111100010101100111101101011011
00111101000111100101000001100110
10111100111011000101100111101100
00111100100010000011101101100010
10111010011010101001111111011000
00111100011011110011010101000110
00111101110001100111111101010011
10111100000011010011011110101000
10111001001100100101000000010100
10111100010001111111011100000101
00111011100101100110100001001010
00111101001101100101001001000010
10111100010010101100000000011111
10111100000001010000110010101110
10111101010100001000110011011000
00111101010111001101110010001111
00111101010000101000110111010010
00111101010000101111010111101111
00111010100100100110110001011100
00111010000100100101100001111110
10111101000110100001111011101010
10111100101101110000011110000111
10111010010110111011011100011010
00111101001101011000011000111001
10111100000011010100101001011101
00111100111011101001111110101101
00111100010111100000000010111011
00111011110111010110010001100000
10111010001010110110010011011011
10111101101001110101110101101101
10111101010110111010101011101011
10111101000101000110110001111101
00111100000101100000010100110101
00111100111011001101101000100011
00111100010000111000010001100011
00111101000000001111011101010010
00111101100101110001011101001111
00111101101101000111101100101011
10111100101000011010000010110011
00111101100000000010011000001100
10111101010001110011000000000000
10111101000111000100010011111111
00111101100001011101110110100001
00111101000100011010011101010000
10111100100000000011011001101101
00111100101100111000010011000010
10111100111001101100010110111111
10111101100010101000000110011010
10111100100010110110110101110010
10111101000111001000101100101011
10111101000110111111010100000111
00111011100110001110110111110011
10111001000111001010000111011011
10111101000100101010001011111100
10111011110001111111010001101110
10111100111011001000010111001101
00111100100011001000001111001010
10111100100000111100110101001001
10111011100100111111011001010100
10111100010101000111101111000100
00111101000001010111100101111110
00111101000100101100011100001101
00111101001111100110110110101100
00111100101000011010111001100111
00111101110110110101110011101111
10111011001111001000100101111011
00111100001010100001010010010010
00111101000000001100100001100001
10111101101100100001100100100111
00111100100000111100001000111011
00111100110100010000111001101010
10111100101110100001111001110100
00111101100101010001001101100110
00111101001011110011110110111001
00111100100000011011100001110111
00111101101001110101000110011100
10111100010000110111101010100110
10111100000010011010100100111111
00111101010011111100000111001001
00111101000011001011110000011111
00111100101111100110000000101000
10111100100100010100011010100100
00111100000000101000000011001111
00111011101011011101011011001001
10111100110011110100011110001101
00111100100000110100110100111000
10111101000011011101010110011110
10111100111111101000110001111100
10111011010011100000001100101000
00111101001101001000001000001011
00111100011011100001001110101101
00111011100101100000001011011110
10111101001100001001100011010111
00111011000010110100011010101101
10111101000001111101101110011001
10111101100100111000010100010001
10111100111111001111100110000111
00111100000110100011000011100001
00111100100000001111101100011101
00111101010111011111110100011111
00111100001110100110100110110111
10111100111000101001011010100010
00111011010101000110000100111011
00111100101010110011110000101100
00111101000101001101101101010011
00111101011111001010111001001011
10111011011111111100011100001010
00111100011100001101001010110011
00111100000010101011001011111000
10111101011000110011000010010001
00111101001010110010011010010011
00111100010111101100100101101011
00111101100010001101011000010001
00111011110110000101101001110011
10111101001101101111110110110111
00111100111100111001111101000110
10111101001001110010111100110001
10111101001100000000110001010110
00111100001111100111010010100110
10111010011111010111110110001011
10111011101100111101000010101110
10111100101010011010101101000001
00111101101101001101001000101110
10111101011010010110001001001000
10111101001001100001001011011100
10111101000000110010000010101010
10111100101110100110011110001001
00111100111001111000001101011111
10111100010111110011111011001011
10111011010101010100101010001011
10111100100000000010011101011110
10111011010110001100001101000010
10111101001110110000011101110101
10111101001111101110100110011100
00111101101010010111011101110100
00111101001110100111011001011001
00111100101010010100010011000010
10111101110011100000001000000000
00111101010010110001001100001100
10111100110111010000110101110111
10111101001101011011110111110000
10111001111010100110100101001000
10111101100100100000010011000100
10111101011011010101001110100111
10111100110001000101111000001011
10111101100111010011111011100100
00111101100011010100111110010100
10111101101010100111000101011011
10111100100111101001100100010011
00111101000000011111011010111000
10111101100111110111011110001111
00111101010101111000101000001110
00111101001111111101111110000100
10111101100100100110100110100110
10111101011101010011011010011001
10111011101101101011110101111111
10111100100111010101100100110011
00111011001001110000100000011010
10111100111010110100100100101110
00111100100110001101011100110011
10111001110010100101001111000110
10111100110101100100011110110100
00111100011001000100101010000010
10111100111101101010110111001101
00111100111000101100000001000111
10111101000010100111100010111110
00111100010001011101000011111001
00111010100000111110100110011101
10111101001110010001001101101110
10111100110101100100010000101011
10111100000110100000011110011101
10111100100101000001110011100001
00111100111000100100010011011010
00111100100101100100111011101100
10111100111100000011000010001001
00111100111110010001110011000110
10111101100101001100100001001110
10111011111100110111110110100100
10111101000100011110010011000000
10111100110001101010111001011100
10111101000111101100010100011110
10111101001000110100011011011001
00111101001000011101111010010101
00111101010100001110100001110001
10111100010111110001111010110011
00111100110101001110011000101101
10111101100011111001001010110111
10111101100000100111100010110110
00111011110100100000010110000010
10111101110100100000011000111011
00111100100110001101110001011010
10111100011011011011110101101111
10111100101100011011001100101100
10111011110011001101011101010001
00111100110010111110110011010010
10111100101101011110100010111111
10111100101001100101110100000101
00111101100010000110000101001000
10111101100110001001111010110001
00111101001101011111010100000000
00111101000010100001100100010110
00111101000111100111011110100110
10111011000110000101011110110000
10111100110000100001000001011001
10111101011010000000011011001000
00111100000100101001100011110100
00111101100010000100000111010111
00111011110000101100100101000110
10111101100100001001100111111001
10111100110000011110000010010100
10111100001000001101000100111100
00111101000000011010011010110101
00111011101000011001010110001010
10111101000010100111001100011011
10111100100100010010101101111011
00111100111011010011000010000010
10111101001111100110001111101001
10111101001001001101010100111100
00111100101111101101111100100011
00111101011001100000101111011110
10111101011100011001001000011010
10111100001011000110010101010110
00111101001001111001111111010111
00111100100111101100111111111010
10111100100000010010110100111101
10111100010100101110111000011011
00111101001100110011001010001010
10111101000000111011101101101111
00111011100111100111100000000010
00111100100011110000010111101011
10111100100111011110111001110100
10111101100000000110110101110110
00111101001101111100111111110000
00111011011111001011100101011100
10111101010010001010010010010110
00111100001011001011111010111001
00111100100101110011111001111101
00111101100101100101101100011101
10111011111101100000000111101101
10111011100111100010100000001000
10111100101011001001100011010011
10111100010110001111110000000100
10111101000000001110100010001110
10111101101101110101111000100010
00111010100001101000000100000010
00111100110101100110110011000010
10111100110000001111100111001100
00111100110010001011001010010110
00111101000011110100110001100111
10111100011111111011000111011111
10111011011110000100010100000111
10111100101001101000011010111001
10111101101000010100111101010101
10111101001101011011101001111111
10111100111111000001100100101011
10111101110100010111011001100010
00111100011100011001000110000010
00111011101010000111111110111110
00111101001110010010000001011111
00111101000111011100100110010111
00111101000100101101101100011000
00111101000100000011101011100100
00111101000010010110010011110111
10111100010100101110100111101111
10111100100000111111010101011110
10111100000000101010100011111100
00111100110111010111010011011111
00111100010101111101100000011001
10111101010010110010001000101101
10111011101101100101100011011010
00111100110110101000010110010011
00111101010110100110010010110010
10111100110011101011110011000110
10111011111100000000101001111110
00111100111111100111010001101010
10111100001011100110011111111111
10111101011000011011010101001011
10111100111101011100000100010011
00111100101010010100010100001000
10111101101001111100010111011011
10111101001001101000110110110010
00111101001101100100001000011011
00111100101001100100000010001000
10111100100101101011000111000101
10111101010010011111110011101001
00111100101010100111000000010001
00111100100011011010011110010010
00111101001001111001100100011110
10111101000001100000010110011010
00111010001101000100111000010011
10111101100001101111111011011111
10111011100111101001111010111111
10111100110111011001100100010001
10111101001011011010100001100011
00111101011010110111101110001000
00111101011100000010000101001111
00111100001001111111011001111000
10111101100101111100010010101110
10111011100101011110100110001001
10111100101101000001100010011110
00111101010001011000011100100100
00111100100001011100011001111110
10111101001101001100010010000100
00111100110001001010001110111110
10111100101010110011011111001110
10111011010010111110101000110011
00111011110100010101110001010101
00111100001010101101010110011110
00111101001110000000101011001110
00111100101010110110100111010101
00111100111100111111010011011110
10111101000110101110100000111000
10111101001001101111000101101001
10111100011011011111111111111111
00111101010000011101001110010110
10111101011101101110011010010010
00111100101100111100110101101001
10111100110010101111010110010100
00111101010011001010110001111111
10111101100100010001001011111101
00111011001010010010100111000111
00111100010110001001001000010111
00111100110000101011010000101101
00111101000100100100011011110101
00111101001011110011100110110101
00111100000110001111000110100111
10111101101101010101010100101010
10111011011011100000111100011101
10111100101000010111001111001010
10111101110000011011010100110000
00111101001100111001100110101011
00111100111100000101100101000110
10111101001100101000110010111001
10111100111111001000011010100110
00111011111010111110110010011110
10111011101001101001101010101011
10111011100101000111010011011101
10111101000111000011111100011011
00111101010000110011000001101111
00111100101111010100100001011110
10111101000110011101101110010000
00111011111111011101010011001001
00111101000010101110101101110101
00111101100001000010111110110001
10111101000110011101010110111100
00111100001100000111101101100001
10111100010110010010011111011000
10111101001111000101111011100001
10111100001010100000101000100100
00111011000000000010110101010101
10111101010110010101100100011110
10111010000111011100010011000000
10111100010100100111001100001111
00111100100000100000010100011101
10111100011000011111101101010000
00111100010100011001010111111111
00111100011100000101001101111011
00111100111111011010010111001011
00111100110011110110101001010110
00111101100110111100111000100110
10111011101011010010111101000000
10111101000000011100101101101111
10111101100001110001001010100000
10111100001001011111110001011100
10111101000100010010110001110010
10111100000110011001100110100000
10111010111011000101001011101000
00111011010100001110000011001011
00111100101110100011011001110111
10111100101001101011000110010001
10111000000001011110001111101110
10111100001010101011000011001010
00111101010010100011010011011110
00111011010110110011110010101101
00111100101100100011101110011000
10111100101010011100011001111000
00111101000110010000001101001110
00111100111010111000011110010100
10111010100110011011001001100000
00111100011111010000001111111100
10111100001000110010111000101001
00111101001001110011100010011001
00111100100011100101000011011001
10111100101110011001011000001100
00111100101100011100011111001001
10111100000000101011111111100110
10111100011111100010010110010010
00111101101010000111101110100010
00111100101001010011100100100101
00111100001110010100001111111100
00111101100000101100010101010110
10111011001100110111101100000000
10111011101011010100010010101011
10111101010101011000100000100001
00111100110100010100000111100101
10111100101111000100011000000111
00111100100110111110011000100000
00111101000111000000011101010101
10111100001011110101101111000001
10111100101001100010011010110101
10111101000001100001100010111001
10111101010011000101011011110110
10111101100101001011001011111011
10111100101011111110111111101000
10111100110001011000110101000000
10111100100000101001100111100001
10111101001010010111000000101010
00111100101100000101100110110111
10111011101001110110101111000110
00111100110100000010100111000010
00111100000101100001110101000000
10111100001000101100110010101111
00111101010100110010101100110001
00111101001111101111001110001011
10111100010001001101000000101101
00111011010000100010111101100001
10111100100000111101000000000101
00111100100100101001101110110000
00111101000111011110010111101101
10111101001101001111001001100011
00111100001001001011111100100100
10111100100010100010111110110010
00111100001111000011111100100101
00111100000101001001011110101000
00111011111111011001100110011101
00111101000100111001110100100011
00111101000010000100000100001011
10111101010101010111100101001110
00111101001111010001001101110011
00111100101100100011110111001111
10111100010111000011111110010010
10111101000000000110100110100011
10111101001110111000111010011100
00111010111100110101110110000001
00111101001100010001110111111001
00111001000111110101101110010101
00111100001000011111010101001001
10111101000000101000000110101110
00111100110011110010011101010001
10111011100101001100110011011111
00111010001110001011111001001101
10111101100100000111011110110000
00111011001000000010111111001110
00111100100011010111100010001100
10111100111001000010011111011001
00111101000011110010010101101011
00111100101101001001110001010111
10111101011001011101110111110100
10111100101100101010110110110000
10111100011000001100011001010001
10111011111111110100100011011111
10111100100011100100001001100001
10111100001000000000101101111110
10111100000110011010101010101101
00111011001000111100000010100101
10111100101000100011111000000011
00111101000110000001110101110001
00111100111111111010000011110001
00111100100111110001111100010001
00111101011100010000111100111100
00111101101011111001001101110000
10111101100000100000001001001001
00111101101001000010101000101010
10111011010011011101111111111010
10111100001011000100010110111011
00111101010101110001000010101000
10111101001001001011100110101101
00111101000011001011001001111110
10111100101101001001101110101001
00111011111111111100111110111111
00111011100110110111001111101100
00111100101111001100101001100000
10111011011011110101110100101101
10111101000100011000100001110110
00111100100000111010110101100010
10111101010110101010010111000110
00111011101011100111101000001101
00111101001110111110011010110010
00111100101100010000110101100111
10111010110100111000011110110010
00111101001011001110111001010001
00111101000100100100111000100010
10111001110000110111000011100111
00111011000100010110011101111010
10111101000100011101110101111111
00111100111100011010011111111100
10111101100000111010100101100000
10111100110100001111001000111110
10111100111100011000000010001111
00111100101100011011101111110111
10111100100100001100001111010101
10111101001101111010101010001101
00111101001001010010100111111100
00111100100000001010000110111011
00111101001101001001110001101110
10111101001011001101101110101110
00111001101010110110111010001111
10111100001111010101010100111011
00111100011011101100100000100010
00111100111110100000100110111110
10111101000111100010010111110010
00111101001010101111011111110011
10111101000010001101011011100111
00111011010000010101001011001111
10111101100000000101101001100000
10111101100001101011001111101100
00111100100101111101010011011011
00111100001101110000001100000100
10111101000111000110101100001010
00111011111000000111110110001001
10111110000100010110010101000101
10111100100001010110011010001001
10111101010110111011000011010101
00111011000110010010010001001111
10111101011001100000011001110100
10111101000111100001010101110011
00111100000001110011100101100010
00111011111110001010001110000100
00111100110010000010111011100110
10111101010010110000100010111110
00111100101001010000011001010110
00111010101001010001110010100001
00111011101001111111101010001010
00111100001100110100110000000110
10111101000101101000101000000100
00111101000110110111010100000001
10111100010110010110111111111011
00111101000100010111100011100000
00111101010000000101101110000011
10111100101001110100011101011000
10111100100101111110101100001101
10111011100001110100001010011010
10111100111110000111001000111010
10111011101101001101011000011010
00111100100111110000001101110010
10111101000110100101010111000011
00111101010111010011100010010110
00111100000110110101000001011100
00111101010101001010001010010101
10111101010110010001001100001000
00111101011010000110011101001011
00111100001001101101101010111010
10111100101110111000001100001011
00111101001110011011000001001110
10111101100001111001110010100010
10111100110110010011111110111001
00111100111010100110101001000100
10111101000011100110101110011110
10111101000110100101110010001100
10111100001011101011101011000110
00111011100100100001000000111010
00111101011001011110010011110100
10111001011001101001111000001000
00111101000010010000100111011010
10111101010100111110111001100111
00111101100001100000100011100100
10111100100010111000110010100010
10111100011110011110111001100101
10111101010100110001000101011001
10111100111101001000001101001000
10111101001001111000101011100111
10111100100011001000011010001001
00111101001111110000100110011111
00111101100000100011010111011000
00111101100011001001001100011111
00111101100001000100100111001101
00111101100011110111101010010001
00111101011001101010100010101011
00111010001001101101011101011110
10111100110110100100111101111101
00111101010110000011001110110101
10111101100110110110011000100000
10111011110010010011011001100001
10111101011101111010111100000111
10111011111110011011000000101100
00111101010100101000111111001001
10111100011010110111110100111111
00111101010001001111100000111000
00111101000100000111110011100000
10111100101010001010010011101100
10111011111011100110100001100010
10111101110011010011010001111000
10111011101011001000000011011100
10111011010000010111100001001000
00111101100100001100011111010010
00111101001000001010001101011101
00111011101001110110110010001001
10111010011011001101011110010101
00111100001000010101001011000111
10111100101110111011010001100100
10111011011001111101011101000111
00111101010100101101001100111011
00111101000101100010001111100110
00111101001100100110011110111000
10111101010000011001000101111100
10111100001110000101101010110110
10111011010001010110011010100100
10111101010000111110110001101110
10111100010010011100111100101100
10111101001000011011101000101011
00111101000010111110010000110011
10111100011101110010011010010110
10111011000110010101001000000101
10111101100110100011000100010011
00111100100100110100100101011011
10111101110001010110111110101011
10111100000001100111001011001111
00111101010100100101110011000000
10111101000110101010010101110001
10111100010110110011101001100011
00111100001101010001101110001011
00111101101000110110001110001100
00111101000110110111011010001110
00111101011111100111011001000110
10111100101001001100010111000000
00111101011100100110010110110110
00111101000111011001010110000000
00111010011001001110100100110000
00111011111100001111011010001011
10111101000001000100010000110100
00111011101010010001001011110011
00111011111101011110110000011101
00111100001000111011011000000100
10111011101011101110011001111001
00111101000100001100001001011111
10111101100010011101001000011000
00111100110001101011010110111011
00111100000101000010100010100001
00111011100101110110011001001010
10111101001010101001101101000010
00111100001110011100101011001010
00111101001011001000011000001100
00111101010000101110001011000100
00111100100110010001101101001101
10111100011110111010010111100000
00111100000011001111111001000011
10111100000011111101001011011111
10111100010000000010101110101000
00111100110001101101111101000001
00111101001011100011000000000101
10111011100111101010011000101010
10111101010001110111010100011110
00111101010010011001011011001011
00111101001100011101011110010011
10111101010101011000010110110000
00111101001011101101100001100011
00111101001000011100110010000110
00111100001111011010010011101000
00111101100111101010011110100100
00111100111010010000101010001011
00111010010000010010100111111101
00111100101001000110011001010100
10111100000011000010001011100100
10111101011000110010101001010000
10111100111101101110100011010000
10111101011000111100111110001010
00111100111000010000111011001001
10111101010000100110010111011101
00111100100110111110101000011111
00111101010010001101011100101001
00111011111110110110101011101001
10111100100000101011000110110101
00111011111111111101010100010100
00111100011010000110010001010010
00111101000100101101001011010011
00111100011101000000010000101101
00111101010001111001000000101001
00111100111111010010000100011100
10111101010000101101011000001001
10111100111100111110101010000011
10111010111001110111000101000010
00111100001000001010000111011001
00111100110001010010000101011010
00111101000010110000101101111010
00111100011001110011111011101101
10111011101001110111001001000110
00111100100010001101111101000101
10111011100101010101101110010101
10111101000001111001101001000001
10111101000100100111111110100100
00111100110110101100111111111100
00111100101111010000010011001110
10111101011111011101101011001010
00111100101100010010111010001100
10111101000001010001001110100110
00111011001010110000011101100111
10111101010010101001101010001010
10111100111000101000000110111100
10111101011111000010011101110111
00111100110010011111011010110111
00111101001001110101101101000111
00111100110100010111111100000011
10111101000000101101111110110101
10111011101100000100111111100110
00111100000100111101011110000100
10111100001100011000010101111010
00111101010011111100001010010111
10111100111101000100001010100010
10111100000101111111000111111111
10111100111001011000101101101111
10111100100000110110010111111001
10111101000110011010101001001001
00111100110101010001001100110101
10111101000111111110010111111010
00111100111111111001010001000001
00111101001010000010111000001101
00111101000111110000010010011111
10111100110110010011010000110111
00111100101011001111101100011110
10111010110100001100111000110000
10111101001100111101111101101101
00111101000010111011101010110110
00111010100101100010000111110000
00111100110011110101100100101101
00111100110011000011101110011110
10111100111101000100111001011101
00111100101011000100001110111000
10111100000000000010011011100011
10111100110011010001000110110000
10111101010001110110011100010001
00111101000001011001111111100110
10111011001100001001100010111100
00111100000110111111111010000011
10111100110110101110010011100001
10111101000101011101111001010110
00111100111001011101101011001101
00111101100100101011110001011101
10111100110111010000111101110010
00111100001010100000110101000010
10111100100001100110000111000011
10111011100110101100001110110100
10111101100001111000001100001010
00111100110011111010100001110010
10111100100010111110110110010110
10111101000101111011010010001010
00111100111111101001110110010101
00111011101100011001011010101000
00111101001010110001101010001001
00111101010111101010111011001100
10111100001001000101100000110101
00111101000010001111010111010001
00111101011010000111001000001011
00111101000001110011010010101010
10111100101010001111010010101001
10111101010110000111101010110110
00111100100010001110011010110110
10111011100111000010110011111101
00111011111101110010000000110110
10111101011101011000001110110010
00111100101101110001000110010100
10111101001111000001001100101010
10111100110011000010011100001101
10111101001010100100100110010101
10111100011101110100100101101011
10111101010111111111010101010110
10111100110001011011011000100111
10111100100001111100110001101000
10111100000100001000000100000010
00111100001011100001110110101001
00111011100110100011101011010001
00111100101011101100111010001001
10111100101100110111111010100110
00111011000111001001100111010100
10111101100000011001101010001101
10111101010011101001111011010010
10111101100110101000001110111110
10111100011000110000101000101100
10111100101100100001011111110110
00111100010011101001010000111111
10111101100010000000001011110001
10111100111011111000110001001001
10111100101010000111011010100101
10111100100100001011100010110110
10111001101110001111001100000100
10111100110101010001001111111000
00111100100111110110111011101110
00111100100000100100100010100101
00111011011001110101100111100011
00111101100101100111001011011101
10111101000001111101101011001110
10111100001000111010001001100110
00111101001101101111101100000101
00111100110101111011110100000010
00111100001110101100011010101000
00111101001100010010001101000001
10111000101100000101111101100000
00111100011000010010011001011101
00111101001100001001101011000110
00111100110101011010101111000011
10111100001001001110110011101011
10111100100011011000010000101101
10111011110110010110111001001111
10111100100110000111001100100011
00111100101111000011011010011100
10111101100011010101111101110101
00111101000001111000110010001100
10111101010110000111000010100110
10111100100101111000101010110100
00111010000000100011010001000010
10111100110101001010000110101001
10111100001101100110111000000110
10111101000111101000001010101100
00111100001000000010001011000000
00111101011011111010110101111110
00111100010011000011010100010110
00111100110110100110101111000000
10111101000010010001011011001101
00111101100101010100010011111100
00111101001000100010011100001111
00111101100011011111011111111100
00111101011101010100110110101000
10111100010001101111110111101000
10111101001110011100000001110000
10111101101001100100011111110100
00111100000101100011010111001111
10111100000101011000011001000011
00111101010010000000010000100111
00111101000111001011010101000100
00111100000110111110110110101111
00111010101100010010011110000101
00111100001110011010100111100111
10111100100001110011010100010110
10111011110001111101110101101101
10111100000011111100010011010010
00111100001000100011010100100010
10111100001101100100111101111010
10111100101110010010101010101001
00111011010100110001000000010100
00111010001011100110101110101111
00111011110000110011001111010010
10111101101111011100100011011100
00111101000011101111101000011111
00111001111100000011110111110101
10111100111001001111101110100010
00111101100000001110011100100110
00111101100111001100011111010011
00111100010000001000111101000100
00111101000110001101000011111000
00111100101010101000010010010110
00111100111100011000010101110110
00111101010001100010110110111111
00111101001010100111000110100010
00111100011101100111001011000011
00111110001011011000101101100011
00111100010011110010011000010000
10111100010000111110001100010110
10111100011101001110010110010011
10111101001010011000001011101001
10111100101111110010100111101010
10111101100100100001001000000101
00111100100001100111110101011001
00111101000010110101111111100010
10111100110011011000110010111010
10111101101000001011100000100011
10111101010101110011011001011101
00111100001010000011000101100101
10111101010100111111100111000011
10111100001101001010100001011111
10111011111000110011001101100011
00111101000100111111100001010101
00111101000011011101111110001011
10111100111101100001010010101010
00111100010001000010000000000100
10111101011100001101101110100111
00111100000101110101100000111110
00111100111111111110100001111010
00111101001010000101010010000100
10111101001101100110011001001110
00111101000100111111010111000011
00111100000000101101100100001100
00111101011111110010000100001001
00111110000011011100010101110111
10111100100100111011000100010101
10111101100011001101110100011111
10111101001011001000011101000000
00111011000110011000100110110111
10111100110000000000101000110110
00111100101110000101010011101100
00111100101001001000111100101101
00111100010101001110100100010110
10111101010010011100111101001010
00111101010110011101110011100110
10111100110010110100111101110000
10111101000000110010110001101111
00111100111101100110110010100011
10111100110010100101110111100010
00111100110110000001101001010010
10111100100010101110100011001111
00111100011111111010001111010011
00111101110110111001011001001011
00111101100000001011010111110110
10111100010101101001011011000110
00111101010111001101110101110011
10111100101001100111011110101001
00111100000100000010000100111001
10111100110011101000110100000100
10111101111111111101001111111100
10111100111111110000110000100001
00111100101000111011111101000110
00111101001001011001111001010001
00111100111100000001000111111101
10111100101110110111000010100100
10111100100100110101101000111000
10111100101101001100101110010010
10111100010000010010010101111110
00111101011011100000110010111101
00111100011000110110000101110011
00111101000011100011100111011101
00111101010010110000100110101010
10111101010110000111011111101100
00111101000011101101111100000110
00111100100110101110010101101001
00111010000001111001111010010101
00111100000100000010111000111101
00111100001110110010001110010100
00111101011011000111100010011011
10111100110101110001100001100001
00111101001100101100010000010100
00111100111010100001001001101100
10111100100010110001111001011110
10111100110101010000000101101001
00111011101000010000001110110100
00111100111010101001101000010111
00111100000011010001110101110111
00111101011000011111101100100000
00111101001000010010101010000110
10111100110101000011100111011100
00111011101100111001100011000101
10111100101011111110000101011101
10111011101111111110111001001111
00111010010000011001000000011010
10111100000011000010100001100101
00111101010110110001001110100100
00111100110011101110110100010011
00111100111011110111101100101111
10111101001000001001011001101010
00111100100100010110001000010111
00111101010100111000011011100111
10111100001001111001001001000110
00111100000011010110100000001000
10111100111010100111111001100110
10111101000001100011010100100100
10111011100101011010100011100011
00111101001011001100111000111001
00111100111101001110001001011011
10111101000011010011010101000111
00111101100100101001001110110011
00111100001000110000100011110000
10111100110101011100000111000101
10111101101011100010111011000100
10111100110100001000010100110100
10111100100110011000000111001111
00111100000010000001100011000010
00111100110001011100111110101101
00111101000100110101011000001001
10111100101100100111110100101011
10111011101011111000001101000111
00111100010010101100111110000010
00111100001001000001001000000110
10111100101000010001110101000111
10111101011001001000001111011100
10111100101111111001001010000010
00111101011111001011010110000010
10111101110100001110110000001010
10111100011001011110001010000110
00111101011100101001111000000001
10111101100001100111011101111101
00111100111101001111100011101001
10111100110100111101101110110100
00111100110110110000011100101101
10111101010100100011101011111111
10111011100011100001011110100101
00111101010100010011111110100000
00111100111101010101000010001110
00111101000010110110110011011000
00111100010000111001001101000100
00111100110101001110100111111001
10111100110000101000111000111111
10111101001110111110110010110010
00111100010001111101100100010101
00111101011001010011111111000000
00111101000001010011110011010110
00111101011000100000111100010010
10111011011111101101110111110010
00111100100010011011100110011111
00111010101001000101110111110100
10111101010111110110010110101010
10111100110110010111111111000000
10111010010000001100110100010001
00111101000010101110011010111000
00111101001110100101100001001111
10111100111110000110010111101100
10111100110100100000000001010001
10111011011001001111100001000010
10111101000000101011100101110111
10111101010111100111001000000110
10111100000010100111011000001110
10111101011001010110011111000000
10111100011111110010010000110010
10111101100000010001100010010110
00111100101000010011100111001111
10111100101100010010010011011110
10111100011111110001110101001111
00111100101010101110001001010000
00111100010100100100010111010101
10111100100100101101001100001010
00111100000001001010011101110010
10111100010001001001001110010100
10111101101011101000001100101101
10111101100001011111100111110101
00111010000010001100101011100011
10111011100110111111000111101010
00111100100010110101011010111010
00111100100101011101111011011111
10111000100000100011001011010110
10111101000101111011101000110001
10111101011111000110110011100011
10111001101111101100001011001101
00111100100001001101000100010101
10111100100111010100001011101001
00111101000100100000100000111000
00111101100100101010000011110101
10111100100011001101111100011001
00111100001101010000110000100010
00111100110010111000010110111001
10111101010010101110101110110101
10111100001100001011011001100110
10111100100000000101000010100101
10111100001011010011100100000000
10111100010111100011110110001101
10111101001000110110110100001010
00111011001101000010111100010010
00111101011000101110010011100000
10111101000000000011011010000111
00111100011111111111111111010110
00111101000010010000001000101011
00111011100111010111001110111101
00111101100010000011000001110100
00111101011110111100100111101110
00111101000111001000111101011001
10111100110110100100101000000100
10111001110010011010010010001011
10111100100000000010001110001010
10111101001110011101001000100101
10111101000011101110011000111100
00111011110010011000110011111110
10111010000010100111110101010001
00111101010101010101001100001100
10111100011010010001001111000000
00111011010111000010010011100011
10111101100101101110111010010111
10111101001111100100001101000010
10111101000110110010110111110100
10111101010100000111011011011110
00111101000110010111010010001010
10111011100110001101000000011110
10111100110111000001000000111101
00111101001010010111001001011100
00111101010001101001101100110011
00111101000100011111000011001010
10111101001110110000100001101011
10111101010101011001001111010001
10111011101010000000000011000001
00111100111011111100000100001111
00111101011110001110100100101110
00111101100100000100110100001011
00111011101111001000000010001011
00111101010000011010110110011011
10111100000000110011100100110010
00111101010100100111010010111111
10111100000100010011110000000001
00111100111011101001010001011110
00111100011111110001000110111100
10111101001111110110011101111001
00111101100011001101010110001000
10111101010010111000001000010001
00111100000100111101110110100111
10111101001000001000001011100111
10111011001010011101101111111000
00111101001111101010011000000010
00111100101001111101100011010011
10111101010110001100110011001000
00111101001010111100000100010011
10111100101000011001111101101011
00111100100101110111100110110000
10111100110111110110111000100101
00111101101010010111110010000110
10111010001111011000110010100000
10111101000110011011101101111001
10111100001110001111101111000010
10111100110110011000000011110000
10111011111101110010001001001111
00111100101110100100100001010101
10111011010011010011101000000101
00111011011001000010010010110101
10111101010101001000110100010101
10111100100111000101110111000011
00111101011100101000000101110100
10111011111001011001101011110101
00111100101111001011000100010100
00111100100110100011101000001100
00111100100001011001111010001011
10111101010001111110010110110001
00111101100100010010101110000000
00111100111011101100001000011101
10111011111100111011010010110011
00111100100111000110001110101100
00111100011111010010010001110111
10111100101101001111001101001111
00111011010001111101001001011100
10111100100010100111100010111111
00111011110010011001010001100110
00111011010001110111001110011001
10111100101110000100010001001010
00111100111111000111010101100110
10111100110001010101111111001010
00111101010011010000010111111110
10111101010001011101010011001100
10111100101011000111000101100000
00111101010111000100111101010100
10111100101110010111011010100101
10111100011100110100010000000000
00111100010110111001010011000011
10111011011100101110000001101000
10111100100001101111000010101100
10111100001000101010101000010100
00111011010101010000100111010010
10111101100100110001111100001011
00111101011111101010110001100110
10111101001000101010010000111100
00111100100011101101011111011111
00111101100011010111010100011001
10111011110100101101010110101010
10111100010111100001110101001011
00111101000111100000010111101011
10111100100001110001001000011000
00111011101000000100101010100011
00111101001100110000010111111100
10111100100111011011011101101000
10111100001100111011000011110000
00111101001000001110111110000011
00111100101010100110000111011110
00111011000001101100100011000100
00111101111011101101111101010111
10111101100010011000010100001000
10111100001100001011100111110010
00111101001001010101101001011001
10111100100110011010101110011011
10111101001000010111111100000010
10111100111010010011110111110111
00111101000111010001010011000110
10111011001110111101000011111010
10111100101001011010010111010100
00111101000111100100110011110111
10111100111101100000110111100111
00111100001000110000101111011100
00111100000011110110010001110001
00111100101011011111010000011110
10111100101011000010010010011001
00111101011000100001010111110100
00111101001011111110100010100000
10111100101110010001111111111101
10111101001110011001001111111001
00111100010001000101000001111000
00111101100011001000100101100111
10111100110100001100100011000100
10111101000111101111101001000001
00111101001110110111011110111010
10111101001100110110110011110011
00111101100010011110110100000111
00111011101001000000101011100111
10111101000110000100011101100111
00111011000110111010100000001000
10111100000101001110101101010100
10111100111100100100101111010111
00111100010000001100000110101011
10111101000111110110100111000111
10111101000010011000010111101010
10111101100000011110011011011000
00111100101111010111010010000101
10111101010110110010100100001000
00111011101110111101101001011010
00111100100101110001110101100111
00111101001100001011000111000010
10111101100010111001111111111001
10111011101100110001101001001110
10111100100001100001001111110000
00111101011011010111110000110011
10111101101101000111100000001000
00111101001110100000110110111001
00111100100001000110100111010110
10111101100100100101100110111100
10111100111101110101011110100011
10111100000100110011011110100101
00111011000000010011111000110011
00111100100000001100001010111010
10111100001100010110001000111101
10111011110110100111100011110100
00111101100011110101001001010100
00111100111111100010110011000110
00111101101110111101100000100110
00111100011110010100001110111100
00111101001111000111000100110011
10111101011111010010010011001111
10111100111100010001101101010100
10111011001100110000011100100111
10111100011001000101001010100100
10111101000100001000001010110110
10111101100001000010010010000110
00111011100111101001111101110110
10111100011101101101010111100000
10111101100111111001101001010000
00111101001010010000011010100011
10111100100010010011001100001011
10111100011111011110011101101100
00111100000111101101011101110010
00111011100110100100010110000011
10111101011001011010110000101000
00111101100010110011000010011111
00111100001101011101110110100110
10111101100101000100110010100111
00111100111010110011010011010000
10111101101000110110010111100110
10111100111010111011010111011101
00111100100111000100100100010100
00111100100100010100011001101010
10111100101100101100110000001001
10111100100110010111011100100101
00111101001110100011010101011101
10111101000000011001010111110100
10111101011100001110101111110001
10111100100000101001111110011110
00111101010101001100011000100111
10111100010100001101111010110011
10111011111100110011011111101111
10111101000101110111011000010011
10111100101010110011000100001000
10111100010011110000101000011001
00111100010110010011001011101010
10111011010000010110110000111100
10111010010001001001001110100001
10111100011101011000011111001100
00111011011010000101111000110000
10111100000110001011010100101010
10111101100110100110010111001001
10111101010010011011100011100100
10111100100010001000111010011000
00111100101001101111110010101110
00111101010001110010010000101111
10111100010101011110101010101001
10111100111001001110100110110001
10111011100000110001011111001001
00111100111011110001100001100100
00111101000111011010111111010101
10111010101100001100110010011010
00111101010001100101001110000111
00111101010110100001110100100110
10111101000001101110110101001111
10111100100000001001110111111000
10111011110111101010010000110101
10111101010010010111101011101111
10111100011010011110111100100001
10111100000011000101001010100111
10111100001010001110110111111101
10111101001011010100001011111000
10111101011011011110000010011000
10111101010011010100110101111111
00111101001010001110111100011001
00111101000000110110011010111100
10111101001001011110110001110000
10111100110001010000111110101010
00111011101001010110000111101000
00111011101111101000011011111111
00111100011110111100111010100011
00111101010010011100011001110100
10111101100110101100000000001111
10111011111111000100000111100001
10111011101001100000110100101110
00111100101000000001011000010000
00111100101100000101111110010011
10111101001101101000000000011100
10111101010101011011111111010110
10111101001100100111101101111111
10111100110110110111110000011000
00111100011010110100010001011101
10111100010010111001101010001010
00111100011110010010001011001010
00111011000001010010011111001100
10111011100011011011111100001110
00111100001100001010100001101010
10111101110011100011000101101010
00111011100001111111111101010110
10111100001010101111111001100011
00111101001111001111001001001100
00111100010010011000111110000011
00111100100111111001011101101110
00111101001010001100000101001001
00111100111101001000010000010111
10111100110101010101110110011111
10111100110000100010110011101000
10111011110010000100011111001000
00111100010010010001111011010000
00111101010001010001010101110000
00111011010001110100110011100101
00111010101010101111001101011100
00111100011101011111011001111101
00111101001000100110101010100100
00111101001011100100101111101110
00111101001011010101111011111111
00111101000101110001011011010101
00111011011110110000101011000101
10111101010000000110011000100000
00111100110001100111001101100100
10111100011000101101010011100110
00111100100111010010001100001000
00111100110010011001000010011001
00111100100111100111110101011110
10111101000101010000011100110100
10111100110010010111111010010110
00111011001101111111011110110100
10111100111000010110010001000001
00111101010101111000010100110000
00111010111000010101110111101101
10111100100100001000100000100101
10111101001100100101100100000100
10111001100001110111100111000110
00111101001111000011000111111111
00111101001110010100011011100110
10111101001101010011111000100000
10111101000010100110001110110111
10111100011110010101001100000000
10111011101101110000100111011010
00111100100001101111110100111001
00111011111000010111110111111011
10111011000001110110110011010110
00111101011101111111001000100111
00111100111110111010000010110110
10111100111011000010100101011001
00111011100000010001100000001111
10111101000000100011110011001010
10111101011111111110100111111010
10111011110001001001111100011001
00111100001000011101011110000100
10111101010100001111000010010100
10111010101101000000010011110101
10111010000101101110000001010101
00111100101111100111100000100111
10111100100100110011001101001000
10111100100010110001011110110111
00111101100011011010111010010100
00111011110101110111100001001111
00111100001001011001101101110000
10111101000101110010000001110011
10111100110110110101011100001110
00111100010110110101100000000011
00111100110001111011001010001100
10111101001110001001010000110001
00111100101111111001101101110010
00111100101100010010100100000100
00111100101111101101100010110110
00111101100011111111101100101010
00111100111101110011101110111011
00111100111111000100010010110011
00111100111011001101001000010100
10111101100101010111011110100010
10111101001101111111101000101010
10111011111101111110111001110111
10111100010010001011010101110001
10111100110111110100101000111011
10111100101111110110000110111110
10111101000010101011111011100011
00111011110101011110011011100000
10111100011101100010110100110100
00111011111110011001011011001001
00111100100110111100110100000101
00111101000100010000100101001100
00111101100101100100011100110011
00111101010010100000000001011111
10111011100000100010001011100111
10111100110101001110111101101001
00111101000100001110011000000101
00111011110100001101101111101000
10111101100101011101110011001000
10111100111010110111011110001111
00111101000110110111110111110110
10111101000001101010011000011010
00111100001110000001010000101001
10111101010010011101010111000111
00111001011100111011111000010100
00111101000100100000010100110110
00111100100011110101000101011001
10111100100010010111100011100001
10111101000010101011100011110110
00111101001101001111011011100000
00111101000010111010010011011000
10111101100011100101011000000000
10111011100000010111000011011100
10111101100111000011101010100111
10111101011101010110101001010100
10111011100110000101001001000110
00111100111100101100001101100001
10111100111011001011010010111100
00111101010001101101000010100011
00111100011000101111000010110010
00111100110110010100010011101100
10111100111101110010101100111110
00111101001011010110111100001000
10111010101011111010101011111001
10111100010111010101001010110001
10111100111010010000001000011000
00111011100110010011100001001010
00111100110011000101010110100010
00111010000001010101111001011000
00111010100001011001011110100110
00111101010111000101100111101101
00111100111011010000101010011000
00111100110101101111101101110001
10111101000000001111101000011110
00111101000010100010011010000000
00111101010001010001011011101010
00111100100100011110110110100000
00111100010101101100010100010101
10111101011010110011110111111011
10111101010110101000111111001111
10111101001110111111100101001110
10111101000001001010111101100111
00111101000001000001111100011001
00111101100001010111111001000100
00111101010101010010111011100100
00111100100100000100101110011111
00111100001101100110101000110100
10111100000100101110111100000001
10111101001001001100010011001000
00111101000111011001111011001011
10111011101101010101100010000001
10111101000001101101001000100101
00111100010011001100101101001110
00111101011110001001001110010111
10111101001010010001111110011111
10111100011000101011011001010011
10111100101000100000010111001110
00111100001010010111011100011001
00111101001001100010000111100101
00111011111001001001000111100101
00111101000000000011000101011100
10111011110101110101011011000101
10111100101000111101100100010011
10111100100001111001110011100101
10111011111010000100100001001010
10111101011010100111000110111000
00111100110110101001010000110001
10111100000000101110111101111101
00111100000001100011000101010111
00111011010111101110111101110010
00111101001011110010011110011001
00111101110000100111110101110000
00111101111011011001011110110010
10111101010010011011100111110110
10111100010000101101001101101001
00111100111000000000100011101110
10111101100010010100000100101101
00111100111100000000011010000001
00111101000000100100001110100011
00111101000101100011001110001000
00111100010011110010011101100001
10111101010101000001101001010001
00111100011111010011101101100011
10111100101011100011101101010111
00111101010011011001101000111010
00111100011001001100111000010100
10111011101011111000111001010100
00111101000011010111011101010000
00111101000111101011100100101010
10111100011000100101111010010001
00111101001001011100001101110010
00111101011010000001000001111100
00111100101011011100001011110110
10111011110001001101101001001110
10111101010010001000110101001001
10111100110010001011001011011111
00111011101001011101111100010010
10111010110001101000101010000000
00111100100111000100100111110100
00111100111001001111111111010000
00111101000101100011110101100101
10111100010101101100010001000110
00111101100000101011100101110110
10111100111111000010110001101111
00111100111111000011101110101000
10111101001000110101111000010001
10111100101101001000111110100011
00111100001001011011101101010110
00111101000011010011111101000101
00111101000111111110000010011110
10111100100011011111010001101011
00111100101111011010100011110010
00111101000010110000011001011000
00111001000000010000111100001101
10111010101110000000010110011100
10111100101111101000110010010000
00111101011001000000110100000011
00111100000001100001011100100001
00111101010000110101100100101011
10111100011001100000110111001100
00111011111011101011111010001001
00111101000101000101001000010000
00111100001101100000001101001100
10111101000011101100010011000011
00111101001111101110111001001111
00111101001001101100000001100111
10111100111010000110001010000110
10111100001000001001101111000111
10111101000011011111111110000010
10111100111111000001100000100000
00111100001011101110000111011001
10111101000010101001010010011111
00111101100100011111000011000100
10111100010111101111001011111001
10111101000010011111000101011010
00111101001001000101011100101110
00111101000001111111001010111011
10111100000000001101100010001110
10111101101001101011000101101000
00111100101001010110101000011100
10111101110001111001101010011110
10111100110001100111010011110011
00111101100001110010110000101100
10111101011111011100001001101011
10111101001111000000111000100010
10111100101000010001110011101000
00111100000100010110010100110111
10111101100000110101011100111000
10111101010101001100010101001011
00111101000011111011110101110010
10111101000100011001000000000010
10111101001000000001110101001111
00111101101101110011000100101110
10111100000010100111011011001111
00111101001010001101110001010010
10111101001100000010001010010001
10111101001010100110101011011100
10111100110101111001100100011001
10111011111000000111100011011000
10111100110010011110001001100101
10111101001001001001010001111101
00111101111111101110111010000011
00111101011011000111001110011010
00111100111000110001011100111011
00111101001110001000011101111111
00111011101011001111010011010010
10111101010000000010011111111010
00111100101001110111110101010011
10111100111100101010001100111011
10111101011000110001100000111011
00111101001101010001110000010100
00111100101000100100000000010110
00111101101000100000001001100011
00111101011011010100101110101000
00111101000101100001010010010100
00111100101101101100100111100101
00111101001101011101010100111010
00111101101001001001001001101101
00111100010011001000111001011101
00111100100101100110001000110111
00111100001011101000100010100100
10111100101010110010010011000111
00111100110100010110010000000111
10111101010001000100111100001011
10111011101000010110011011110001
00111100000000110111100010101010
10111100000011101110110100010011
10111010011001001100101000111110
00111101100011111001010111110101
10111100101101100110001001011000
10111100001011101011111100101101
00111100010000100111111101101011
10111100011100100001100000110010
10111101011001000101100011111010
10111100111010011000110000100000
00111011010100100011110101000010
10111100110100001111100110000100
00111101010001111110001100100110
10111101010110111100100100001011
00111100010011111000011101000101
00111101000111010000100000101001
10111101000110001100101001111111
00111100000101010010100001111001
10111100100000011111111100010101
10111101000010111010000011110011
10111101010101100101011011001111
00111011010001000011010100111010
10111100100110000101100100011011
00111101001001001111100110110011
10111101000011000010010000010011
00111101010101100110011001101001
10111100100110111000111101001111
00111100001010000111101101111110
10111101001101110001111010001000
10111100011000110100110000000110
00111101010011011001111110111100
00111100000101100011011000101001
00111101001110000110100110111011
00111101100000111111110110010010
10111101010011110001111110110101
00111100011001100010010111111011
10111100110100111011010111111011
10111100101000011011101111001000
00111100000001100011110011110111
10111110000000111001110010110100
10111101101110011111011011101110
00111100101111001011101001111100
10111100101100101001101100101011
00111101000110010100001001010101
00111100101101001001101001100001
10111101100001101010001011101110
10111100110010011000001010101010
10111101000011110111111100001010
10111100011000100111011011011110
00111100101000100000100000101101
10111100110001011001111100100011
10111100110010100100100000010011
10111101010000010110111110101101
10111101000110000110010011111110
00111100110101010110011010100001
00111101000100101100110001110110
00111100011000110101101000001110
10111100100100010101001001111110
00111101000001101111010000101100
10111101010100111111001110001100
00111100101110010110011010110100
00111100000110101001100001111010
10111100001111001011001001011101
00111100111000001010101101101111
10111101001101110100100001111010
10111101001001010111101000100011
10111100100101111010000011011110
10111011111000011011011010011001
00111011111100111111010110010101
10111101011011111000100101001110
00111100001010011000110000110101
00111100111001001001010011110000
00111100011011010110100010100100
00111100011110000111000001011001
10111100100100101001001100000001
10111010100100110000001101000000
00111100111001100100011111001000
00111100111110000010110101001100
00111011010111010001110111110100
10111101011000111001000001001101
00111101001000010000000111111100
00111011000010100010100000001011
00111101010000110110000011010101
00111100101010110011011011101100
00111100011010000011100010011011
00111100111100011110101111111110
00111101001111001011100000100100
00111101000011101110110001111001
10111100101100011010011001010110
00111100011000010101100100010001
10111011001111100011010001111000
10111101000000000111111011100001
10111101001101110001100001100010
10111100010101111100100011111001
00111101001011010011001011000101
00111100011111010001110001010011
00111101011010110011000000000011
00111101010101001001111010101000
00111011100011010111011101001000
00111100101010010000000100111100
00111011111101110111001111110111
00111100100101111011111100011100
10111101010001101100000110000001
10111101100101101100101001010011
00111100101010001110110100010000
10111100110100010000110001100101
00111101011001000011000010001101
00111101011101000011101001110011
10111100110101000011111000000000
00111100000110001001010100110010
10111011100001001010001101000100
00111101100111011001111001111100
00111101111000000000001110010001
00111100010010011111111100010101
10111101000001000010011000000001
00111100010100110000010000100110
00111101010111100101101001101110
10111100101111111101010000111100
10111011101111100110101001110011
10111100101010100101100000111101
00111101100111100110011011100110
00111100110010001010101101110111
10111010000111001110101001000100
00111100000110111001101000101110
10111100111010111101111000000011
10111101000101100111100010001001
10111100100100000100011010111001
00111100011101100010101000101011
10111100100110101000000101110001
10111101010000100011111000011000
10111100011111001001000001001001
10111010110011101110101000100000
10111100011100000001111100010011
10111101000011011101011000010111
00111100100010010101010010111011
10111101001001101010000011010110
10111100111110011111100111011000
10111100111100111110011101110000
00111001101010100110011110110110
10111011100111101110100000010101
00111100101010100011111111110000
00111101010010111101101011100010
10111100011001101001111100000010
10111100100001101011011000001111
10111011101011101011001100110001
00111101000001001001000101111010
10111100100111100100011000111010
00111100001000100111000011111011
10111101001010000100101110111000
10111101000000111001110111010011
00111011010001010111000110100001
10111100100000110010011110111101
10111101001010010010011100010111
10111011100010100110110001101001
00111101011010000010011000001000
00111100110111111101011100001101
00111101000010110111110011101010
00111101011111000101110101101111
00111101001010011100011101101010
00111101011101010100001010100010
00111101100000111010010000001110
10111101000100011000011100010111
00111100100111101011011011010110
10111100110010011110100010000111
10111101010000101101000100001001
00111101101111010000011110100100
10111101011000010000010100111111
10111101000000011110100010001110
10111101001000010010000100011011
00111100001101100000110111110011
00111101000001010110000111000010
00111100000010101110000001001100
00111101010001001011001010101000
00111011111011010011110010101111
10111100101111101100010101010110
00111011111101110011011000001101
00111101001011110001101110001101
10111100101000110011010101001011
10111100000010011010000011001011
00111011100100011001010101100001
10111100000101111101111010001110
10111100100000101010100011011010
00111101011000100010011100000000
10111101101110010001010001100001
10111101010101111010011000010101
10111101000101001000111101110011
00111100010001111110100011110001
10111100101110100100000010101011
10111101100001011101100010101010
00111101000000101001111010101001
00111100100010110011101110001101
10111101100010011001010101111110
10111101001110000001110011010010
00111001011110000111010111111100
00111100110110101101011110011111
10111100011011011000010110111010
10111101001110011110100011110010
10111101000000100010011010111001
10111101010100101001001101001110
00111100100111100101010010000101
10111100101001101100011010110101
00111101001111100100011100100111
00111101100000111101110111100110
00111101100101011001100000110100
00111001100011110110100101001010
00111011001101011011000000000111
10111100101111000000000010000000
10111101000001001100001000001111
10111100000110001101000110111100
10111100110000101110100001111110
00111100111010100010111101101010
10111100110110001100110001000000
10111100111010011010101000011011
00111100000010110111111000000000
00111101010001000111000010100110
00111100000000001100110110100010
00111100101001100110110011111111
10111011010100010111010000010101
10111101000000010100001000111011
00111101011110010010110100100010
00111100010111000110001011101000
00111100100111110000110101100011
00111101100001101110111010011110
10111101000000101101001100000110
10111100110011001001101001110001
00111101100001111100000011111001
00111100111110111001010001001011
00111100111010011011100110111101
00111101001101110110000101111011
10111100110010100101100000101001
00111101000100111010110111010010
10111100011100000011011010101001
00111101001011000111100011001100
10111101000111011111011011110100
10111100110010111101001101001101
10111101001011010110110100010110
00111011100100111000100001010000
00111101010011000011101100110010
00111100100110110101010010110111
00111101001001000001010111010011
00111100010101001010001011001110
10111101011101110101000001010011
10111101100001101110110000111100
00111101001100111000010110110110
10111101001010110110011101101011
10111101100001101001101110000110
00111101010000001000110010001011
00111101001001100011101110110101
00111100010000010000111001000011
00111100101111011011110101000001
00111101011001001000010000010100
10111101100100000111011010011101
00111101010000101011000101110111
00111010100011010000100000100011
10111101100000011001001101011101
00111011100110111000100100100101
00111011010001111001010010100101
00111100111001001011110011010110
10111100101000000001011101000111
00111101000001001010011010001110
00111100100010010111101110000010
10111101000010101001110010001110
00111011010010100101000011010100
00111011111110101110100011100110
10111100011001100111001011001110
00111100110010100101101010001000
00111100110000011010010110111001
10111101010110100111100000110111
00111100010011000000000111001011
00111100110110001011110001000001
10111100111100100001011011110000
00111100100011010001111010111010
00111100010000100001001000010010
10111101101001011111011110101000
10111101101010110111101101010010
00111101101011110000000110100101
10111101001100100101100101101111
00111101000000110110100100000010
10111101111010111010010100110110
00111101001111101101000110101111
00111101101001100111111100101101
00111101010000000001110100011001
00111100010100010011010111010101
00111101010110000100101000000100
10111100101101111100010101000111
00111010111101010011111001110101
10111100100001011101101001000010
10111100111111100011001001110111
10111101101001001100010101000011
10111101010101110010010101101001
10111100011111111011110010111011
10111100100011010000101011010010
10111011000001001100000010100111
00111010011000110001011101000110
00111011011110111011111100111000
00111011111011111011100011001111
00111100000010110000101111001111
10111011111001110100101001010001
00111101100000100101110010100011
00111100000001001101001101111010
10111100100001111011101011011101
00111101010000111011011000111101
10111011101000001010110101111110
10111100110111111100111000111000
10111010111011101110010101100001
00111101010110001001111100111111
00111100011110111001011000000011
10111100100111111000010000010001
00111101000111001000101001011011
10111100111100000100111010001101
10111101000101100000011010000111
00111011101000100101111100000110
00111011110000110010100100000000
00111101001011100011101001001111
00111100010100010111000101011110
00111100100100001001111001011011
10111101001111010111111110111000
00111011110011000110111101000111
00111011101001011110100110011100
10111100101000001101101010111000
00111101011101111110110010100100
00111100110100001001110000110001
00111101001011000111000111100001
10111101100000001011000100110011
10111100011000011111101001101010
00111101010011101001010100110110
10111100101000001100001101100010
00111100100100101100111100101110
10111101010011010111010100101000
00111101010110001010110011100011
00111100101010100101010011010000
10111101011101000101101001001001
10111101101000110111110101100010
10111101100001011011010001101100
00111100001110111010100101011101
10111101010011010011111011010110
10111101000001110000010001110010
10111100101010100011011011010100
10111101100000011011010010110100
00111100101011010110011101000101
10111101000010011111110010000000
10111101011101101011011101111110
00111100110010100101110001001001
10111011011010011011001010000100
10111100101010000000011001010000
10111101000010110000000001000001
00111011011111110101000010110000
10111101010001001001011101101100
10111100101010010111111001101101
00111101001101000100100110100000
00111100100000100010011111101111
00111100100101101100110000010110
00111100110001100000010011111010
10111100111100011100001011100001
00111100011000111111010111110100
10111100001000001101101111010110
00111100100000101110011011010001
10111101100000000101010011110111
00111101010001101010111010101001
00111100101101101010001101101000
10111101011111101011111001001111
10111100101001000011001100111100
10111100111100011011110011110001
00111100110101011101111111110011
00111101010110101100000110101001
10111100010110001111010001110001
00111101100111101110011110110111
00111100101110100111101011100101
00111011010010001001111001010100
00111100111100110000111011010111
10111101011011100110101101111110
10111011010010101110000111100101
00111011100010001101011100111100
10111011100100110101000101101100
00111101000111010111100011101100
00111011100100111001011010001111
00111100110111101001100001111101
10111100011110001110011101010100
00111101000001000011001110001100
00111100001110011101010101011110
10111100001010100011011011001010
00111101011111010100111001011011
00111101001000101001000111000000
10111011001110000000110010010101
00111101010111011000100101100001
10111100101010101001010000011001
10111101010100110100100001010000
10111100000111110111010001001011
10111101011101000010100110010011
10111101001011001110001110011001
10111101111101110011000101101000
10111101110110010001100101000011
00111100100111000110100000010000
10111100110111100100011111101010
00111101000000011100010100000011
10111101000111000010101011011110
10111011101011000010011100110100
00111101111010100011011101001100
10111100101110110000000000011001
10111101010010100000101100111110
00111101001000100000111110110111
00111101000101111110011000011110
00111101000101001000111110011001
00111100110000111010011010101100
10111011011101100010100000011101
00111100111100001110000001011001
00111011000001111100101110000100
10111101101011110110010011011010
00111101011110010011000110111110
10111011001101000010111100101101
10111100110010010110101101000111
00111101001100000000110000110011
00111101001010101101001010100100
10111011100000001110000100011001
00111101101111011101110011100001
10111101000111100010110101110001
00111011111100011001010001101100
00111101101111110010100101100011
10111100111100000110010000100111
00111100111100100010101010110110
00111100011100100001010000000000
10111101001000000001110001111110
10111101011010010011011001110011
00111100101001010001000011100000
10111101100101011010011001100101
10111100101100001001010111010100
00111101100010110101100010101101
10111100110110110110110000010101
00111011101100111101101111101010
10111100011011111111000100110110
10111101001101111101110010011001
10111101010010001111111110110000
00111011101111101010110011000000
00111100101010010101001011100001
00111100000111010100001110100111
00111100110011111101101111110011
10111100101010111111110100001111
00111101010001000111100101000110
00111101011000111111101011100011
10111100100101001000110010111000
10111101100000100010010111010011
10111011101110101000110001101001
10111101000000011100100110101100
10111011101000110001010110110001
00111101101101110011101011011001
00111101000001001000010111000001
10111100000100011111101110100100
10111100001011010101010101001001
10111011000010100100101010100110
10111100110100100111111111010100
00111100111000110011111100100100
00111100010011011000100001110001
10111100111010011111000000111000
10111101010110001111100011101001
00111101010100000101010010011100
10111100101001000110001100010111
10111100111010000100100001111011
00111100101111100010100011111000
10111011100110001000010101000101
10111100001101011100010111000011
00111101010001000110111110001010
00111100111101101110011110101011
00111100100011111101111001000011
00111010000100001011101000010000
00111100110110000101001001101110
10111100000111100010100010011110
10111101010000101111001110101111
10111100100111010000011001001110
10111101010000011011001001001011
10111101000011010000010110111101
10111101010101101100101101011001
00111101010110101001000010011110
00111101100001011100011101010110
00111011100111010001101011001011
00111101100110001111000010100100
10111100111100101110111110000111
10111100111000111001110000101111
00111100100010001011000001111111
00111100011001111101010000111000
00111011001001001101010100011000
00111101110001010110000101111001
00111101010010010000010011111101
00111100001000001111010011110011
10111101011000100111011001000100
10111011101010011101101101010001
10111100110011001100110011110111
10111101001001001001100111110101
00111011100000011000101110000010
00111100100011000101100111010001
10111100101111000111010001100010
10111101000110000100010110110100
00111100100110001010000110010101
00111101011100111111001001111000
00111100101010001010000101101100
10111101001010011011111111011000
00111100010010000101101111000001
10111011110000111011100111011111
10111100100010101001100100100110
00111101100110101000111011101110
00111100011110111111001110110110
10111101000110111000101011010001
10111100010001111100100010100000
10111010011100110010110000011010
10111101101000100011000100001010
10111101100100011100111110001011
10111101001000101110111110001001
00111101100101000000100001000010
10111101011110111111011011011111
10111100010111000010101010101001
00111011011001011000100110110011
10111101111011000101000000111101
10111101000000011000011011111001
10111100100110100010101110111000
00111011101110111100100110011111
00111011111100111001001011001110
10111011100010100000011110100101
00111100001100101111100111110100
00111100010101001011110001011000
00111100111001000010001110110111
10111101011100001011110010110111
10111101010000011100001100000000
00111011011011110011101011101001
10111101100010010101110101000110
10111011110011110011111100000111
10111100001111000011101001100000
10111101100101110000111111110101
10111100100101000110010010001000
00111101000111110000101001110111
10111101000001100100100101011110
00111101000000011000000100000001
10111101000100001101110101000001
10111011101111000111110000100110
00111010100111111010110100001111
10111011000100011000100001010111
10111101000111010001101110101110
00111101001010000011000011001001
10111100001000110111010111000100
00111100111100100101011011100010
00111101001001010111000010110111
00111100000000101010000010011001
10111101000111110000001001001001
10111100101000010110011111000100
10111101001010111000101001010101
10111100110010010000001110110001
10111100001101000011101010000010
10111101010000000110000001010001
00111101100110111011111011100001
10111100110100000011001000111011
10111011110011110101010010010111
00111101011100010111110010111000
00111011101000000010011001001100
10111101101011101111110110011111
00111100110011110011110101110110
00111101000111100111101001010111
10111011001010100100101100100100
00111101100111110001101010001000
00111100101001001111010111100000
10111100010001111111100111001110
00111101011001011001111101101010
00111100100001101000110001000010
10111100100000111000010000101111
10111101011001110010011000010110
10111100111101000110100100010010
10111101100110100110111001001100
10111101010111101110101010100101
10111101000101000001101001110011
10111101101111011110011010010000
10111100101011011110101011001001
10111100000011010011110011010011
00111101011010001110110001000011
10111011110110111011011010010000
00111100101110100101001111001110
00111100011000110000011100010010
00111101001010001111010001010101
10111101011001111010010000000110
00111010111101111111100010111110
00111100001101100111010101001111
10111011101100000101011110111100
00111011100110101110001101010100
00111101000101000111101110001100
10111010001011111010110001001100
10111100111101000001000110101000
10111100110111100111010101011101
00111101001110100101110000010101
10111100100100011011000110111010
00111100000101111010000101101110
00111100110011010110011101011110
10111011001110111111001100000100
00111011111011010001010110100101
00111101001110110110010111101011
10111010000000111010111011101100
00111100001000010111001111010101
10111101011011000100101100111101
00111101000011010110110001101100
00111101101100101000011111101111
10111100111011111011011001001100
00111100011010001110001100010110
10111101010000100110010001111000
00111010110111100001011000000010
00111100111010001101101110100101
10111100001101011001010101110000
00111100101101100010111000001110
00111101000001010010010110010111
00111100010001101100011010111010
10111100101110111000001010101001
10111101100010001011100011110000
00111101001010011111110101100011
10111011110110011101110110111011
10111101000110010011000111100001
10111101010001001001001100000110
10111100000000110000011110010000
00111011001111111010000010010101
10111101101001001110110000010110
00111101100001010110010110011111
00111101001011111101110001010000
00111011000001010000011011011010
10111011011000111110110100100001
10111100100111111010110001001100
00111100011001001111101001001111
10111101000001000100101110111110
10111101010010100111010001100101
10111100110110011101000001111010
00111101000001110010101101010100
00111100001011111001010100110100
00111100101011001001001100010110
10111101001001101110000000111001
10111011101100011001110000001000
10111100110101000100111101000011
00111011101101001101001100010101
00111100000100001011000110001100
10111101001101110000001001011100
00111101011100000011110111110110
00111100011101011000000110100010
10111101000111110011101001000110
10111100101111011001001000101100
00111100100000100101011010101101
00111100010100011100010100011100
10111011000000111000001100101110
10111100000010011111110001011101
00111100010101010000000101100100
00111011101001100010111011111111
00111100001010101111010101000101
00111100010110110100111111000110
10111011000010010110110000111011
10111100111110011011000001101001
10111101001111000010111010111101
10111100011011000011010111101000
00111101001101000111100010010001
00111100101000100101001100001101
00111011010001010001101001100010
00111100000100010100010011110010
10111101000100101100111001000011
00111100010111111111111110011001
00111100111000111001110101101100
10111100100001011111111111011000
00111101001010011111110110000000
00111100100111101111100100100011
00111100010000000110110001011110
00111100111010001010101100100111
10111011110100000100010100101110
00111100100100100100000001000011
00111000100010001101111000100010
10111101101000011001010000010110
00111100110000111000110110000001
10111011110111001000000101111000
00111100001111000110010100101111
10111100101010110010010101101001
00111101100001011100000100100110
10111101000000111001000110011000
00111100110101101010011001011010
10111101001101110010010010101110
00111100111011100011101100010011
00111011100000001111001111001000
00111001100111011100100101011010
10111100100011000110110110000010
00111100100100010100101000110001
00111101001110000101001011111000
00111100100101001111110111100001
00111100011100100010011010110001
10111101010100100100110001001010
10111100101011101011010101010100
00111100101001110110011110010011
00111010110010011000010110110100
00111100101110000000111000000011
10111100100010111101001110011111
00111101001011010011100001110110
10111100010111110000100011001001
00111100001001011000000101111001
00111100101111010110110111010111
00111011111111111111110011010100
10111100101011011110100010011100
00111011000000110101000010111000
00111101001000000000011011101110
10111101011110111001100111110110
00111101011011100110011001001110
10111100110010101001000001101101
