00111100101111101010101011001011
10111100010110000100010011001011
10111100101001010011001100001000
00111010111010001110101100101110
10111101010000011111100001100000
10111101000111011010110001110111
00111100110100110000111100100110
00111100111011100001100110011001
00111001110111100111000111011100
00111101001011110000011110101111
10111100101111010001000110000111
10111100111101001110100111111100
00111100011101000001101000000010
00111011101000000101000001010101
10111101100011110101010101101011
10111011100000100101010001010101
10111010110000010110010000100101
10111101011001001110011001001001
00111101000001100011111101010111
10111101010111001111010010001111
00111101011110011100010001101111
10111101010011101000111010100110
10111100110100110001011001101110
00111100110011000001101000010000
10111101010100010001011011111011
00111101001010111001001000010110
00111100101100100001010011111110
00111000101101001101101110101100
00111101000010111100100010001100
10111100100011110100101001110011
10111100000010001101110010111000
10111100001101110100100110000100
10111100000101111000110010110000
10111001001000001001011000010000
00111101000001011011111110101100
10111101001000111001100110001101
10111101011100100011110101010100
00111100001101100001101111100111
00111100111110000110111000011111
10111100011011001111011011010110
10111101001111111011100000011100
10111100000001011011110101101001
00111100010010110101011011111100
00111011011101100100000000001001
00111101011010101100011111010010
10111101000110101110000100011111
10111101010011011000110111010110
00111011101010100101101010010011
10111011100100010000110010010000
00111011101111110010111111111011
00111100001110001111101001001000
10111100010000000110100000110011
00111100011110100000011001000001
10111101011010010011001100101110
00111101010101101111000101011001
00111100101100001010010011100100
00111100110111011101101111101100
00111011111000000110000011101011
00111100001111001001011011001000
10111011001111000010110010010101
10111100001010010000100010011010
10111011111110100110001001110011
00111101000001101000110010000100
10111101100011000101000000100111
00111100011010111001101110011110
10111100100110101110100010110110
10111100111111110000001110110011
00111100100100101111111101000100
10111101000111101101110011001011
00111100010001110000110101100011
10111100001001110110000001111011
10111101001101100111110001101010
10111101001011101101010010010101
10111100001001110110100011111100
00111101010000001101010011001011
00111100010000010000000110001100
10111101010011000000001101111000
10111101100001111100011001001010
00111100000011110001001000011110
10111101001111110101110101000100
10111101010001111101010010111101
10111100001101111010000001110101
10111100011010010111111110110110
10111100101011100100000101011010
00111100101000111101011011010110
10111101001001001101001010110010
10111101001101110100011000110011
00111100100110000100100011000111
10111101001110010001000001101110
10111101011011110101000101010001
10111011111101110101000101100111
00111011001010101111110101100111
00111100100111001100110010110110
00111100111011011101000110111100
00111101000010011011011010011001
00111101001010110010000101011011
00111100111001000100011100111101
10111101001101111100001100001010
00111101001111010111010100011110
10111101010110110111111101111111
10111100100010101100010000010111
00111100011110101111101110010000
10111100010100001111001100111100
10111101101000100011010000111000
10111001110100101000100100000010
10111011110110110110011001001010
10111101000001000101011001101111
10111101001110000110110110010000
10111100001110100110100101110001
00111010100100100000000001010000
10111100010010101001001010000010
00111011111001110101010001110011
00111101000010000110100000001111
10111011100010011110100100001110
00111010001110100100111000010001
10111101000111000100111001101111
00111100010101000000101001000100
00111101010000100000000100010101
10111100101100111110000011111010
10111100100110001001111010110101
00111011011011001011100011100001
10111011001001110001001100000100
10111101010010011000011111011001
10111100111101100110100011110000
10111011000111000101111000101101
10111101000000110111010001010111
10111100100111111110101111111111
00111011001101101010000100100010
00111100110110110111110101001000
10111101010010000000010001000100
00111011101100001100101011100111
00111101000111010011010011110111
10111011100111010110001111101100
10111100110100000111000100010000
10111100111010010110010010001111
10111100110100101010000010001101
10111100011100100111001010111100
00111101010100010000100111110001
00111100001011110101001011101110
10111011100010001011101100001011
00111101000011011110000000010010
10111011100101000101000001111110
00111101011000101011110010010001
00111101010101001001011100000011
10111101000001111000101110110110
10111101011001110100000011001101
10111101001000110010101000110111
00111101001110100110101111110101
00111100110001001000100110100111
00111010110000010100000000001011
00111101001000010011011100111011
00111100100001001011011110001011
00111101001100010001100101000001
10111100100111011100010110110101
00111100010111101011100111110011
00111011110001111010110011011011
00111100001101011111011101011001
00111100000010110010100001011001
00111101000111100011111111010110
00111001110001000001101100111110
10111011111111101100100011000110
10111100000001010011001001010000
00111011001101010000111110100100
00111101011000100010010101100011
00111011100010100111010010110111
10111100100100110000011000010001
00111101010101001110110101110111
10111101010010110000001001001001
00111100110001011110001011010000
10111100000011000011001101101000
10111101010110011011100001001100
00111100010001110101010001011010
00111100101111101110100110011001
00111101001011000100001110011111
10111100011110010001001011000100
00111100111000111000011100100010
10111100101000101011001100000010
10111101001000011100101101111010
00111101101011001000010110101000
10111101001100111111011010100000
00111010111110010110110101101001
00111100110100001010001010111011
00111101000011100101011001010000
10111101000101111001100111110010
00111100101001011111000111100010
10111100011000111100111001110111
00111100010010000011011000101101
10111011010101110101010001111010
10111011000011011000100010000011
00111011110011010100101100011010
00111101000110101011001110100010
10111101001110101010111011100010
10111101000111010001011100001111
00111011110010010100001110101111
00111101001111001111110010101100
00111011011011010101000010101000
10111011111100100110100110110011
00111101001000101011110000011111
00111100011110010111001010101111
10111101011111011100100110111000
10111101011111100000011101010001
00111100101011101110101010010111
10111101001100110100100010000100
10111101010101111011100110000010
00111101101000011001000110010100
00111101010000101100101010110000
10111011000110000110110110100110
10111101001101101111111100001101
00111100000100001101110100010110
10111001111011110011100001101111
00111100101011010111100010101011
00111100111011111110000010111001
10111101010000101001110001110110
00111100000010100111100110010111
10111011101100110001010110000010
00111011101011010111111111010010
00111101010110100101110001100110
00111100010100001110001001001011
00111011111101110111010110011011
00111100011110000010000010100001
00111100110010100011001100101100
00111100000001000111011001011101
00111100111100101111010000010100
10111101000001010011000000000101
00111101100000010011010111111110
00111100011110011000000011100100
00111100100010101011001111101111
00111101001011000100110000111111
00111100100000000011010110101100
10111100100001000100011011101010
00111100111111111001010101100100
10111011111000011011100011110110
10111100001110001001110111100000
10111101001110011001100110101110
10111100011010001101010110100111
00111101011001010110001011111111
00111101000011001011110101101111
10111101000111110110100101001110
00111101000001100110001111111110
10111101000000011000110011010111
10111101101000011001110010001101
00111100100010110101111101000001
10111100111001100011111011000011
10111100101000010100101101101000
00111100110100111101110010000000
10111010100000010101010001001111
00111100001111111000000101001110
00111101001110111001000000111000
10111011111001001101011101110011
00111101011101100000101000010001
10111100101110010011100101110010
10111100100110001110101010010001
00111101000111100010110110110000
10111100100110110100100110100111
10111100000001010100001100001010
00111101001100001001111011111010
10111100100110111101101000000011
10111101100010011101011101010100
10111011100010000011001011000011
00111101001100100100010100010111
10111100001110001100001010001110
00111100101000110111001010001010
10111101000110000110111011111100
00111100011101001110011100011000
00111100101110001010001100101000
10111100101001001000111111010110
10111100110101001000010101100111
00111100111111100100010101000000
10111100100010101000110110101011
10111100001101111010000110100101
10111011100101010010010110110010
10111011111000100101101011011011
00111101000110011001011000010100
00111101000101011001110000010111
10111011100100010010110101010100
10111101000011110000011101100010
10111100100010111101101001110110
10111101001100101111000011001101
00111101000000011010001100100111
10111100111100010100011110100110
00111101000011010101001110110101
00111101011001001100101010001000
10111100100110000011100110011001
00111101010111000101101110111000
10111101000110100010101100110111
10111100111000111110111101001110
00111101011010011110011011110100
00111101000100001111100110110101
10111100110110010101000010100001
10111100001010011010001111101100
10111101000001000011001011100011
10111100101111110011100001010011
00111011000100000001110101011101
00111011010010101001101010011110
00111100111110000011011010000001
00111100001110100110110100101011
00111101001010001111100010101011
00111100001100000011110001000100
00111101000100010111011101010010
10111100100110101010010000101101
00111100100101011110011010101011
10111101011010111100101101001101
10111011100001011000110010101100
10111100011001000010011100110011
00111100110111010110100010001001
10111100111100101111101001101101
10111100001101100101111111001001
00111101001111100011000101110100
00111101001010000001110000000111
00111100011110000011000001001110
00111001011000110100000010000100
10111100101001011100001101010011
00111101001111111101010100011011
00111100001001111000101000110110
00111100010011001000000000100011
00111011000010111110101111011011
00111101000101101000000011001110
00111100110111111110101100000100
00111100111011101110001110000011
10111100001000101111000100110110
00111010100001110101101000011110
10111100010011100111011000000110
10111100111000011001100010100000
00111101000010001000110101011100
10111100110101110000101011110100
00111101010011010111000111111010
10111011100110001000101010001100
00111101001000010010010110100001
10111100101110101111001110110000
00111100101011101101010101100100
10111101000010010100100100011001
10111100101111000000010111011000
00111100101010101101011101110101
00111101000101110000000101000010
10111100111100011111011001101011
10111101000000111011101101100101
00111100011001000001100000100010
10111101000100101001000010101111
10111011111111000110000101110100
00111100100110111011000011001000
10111011110110111011010010000111
10111101011111001011011111111010
00111101000101100111111011000110
10111011101001111111101100000000
10111001000100011110110010000101
00111100101100110101100111000101
00111101000100110110001001101111
00111100001110111011111101011110
00111011100010001101011100010111
10111011010001101110000101111010
10111101000000011011000011000101
00111100110110011001010110101110
10111100111000110110011100000111
00111100110110101000101101010110
00111100000101010101100111010000
10111011111000111100101011110100
10111100101010011100000000011001
00111100010001010110011101101011
10111100011010010100011111011010
10111100101101010010010100100100
00111100110110010111001100010110
10111101110000100010100001110010
10111100001100010110100001010011
00111101010011100111100101001100
10111101111100001100001001010011
10111100110010111011100101010011
10111100110010111000010000101000
10111100001110101010100001001011
10111101001101101010010100101111
10111101000010101111000101001000
10111100100011100010101001100110
00111100110001000000111100001011
10111100001110101101011011010110
10111100010011100101011010110001
10111100100111111000111001010001
00111101011001001010010101011010
00111011100100010001110101101111
10111100010111010001110101011111
00111101001001101011001000101111
00111100010110010100011000011100
10111100101000101111011100100111
00111100100111011110010011100101
00111011101010111101000010110011
10111101010111111001110111010110
10111100000100010000001100101110
10111101011100010001011010001110
10111011001011111110010010111010
00111100110111001111111000010111
00111100011111010100010110001011
00111101000111100111011110110001
10111100110001000010011110001011
10111101010010010010101001110000
00111011000111011010101101010100
10111100110101010001010100001010
10111101001101011001111001110011
00111101011011101011111000101000
10111100011111111001000000001001
10111100001010010100011011101011
10111100001011100101101110010101
10111101011011110010010001001111
10111101000000010110011111000000
10111100111111111110110000110100
10111100010110101011011011101100
00111011000010011101010101101110
00111100100011100110001101000111
10111101010011100111110001110001
00111100111101111111011100111011
00111101011111101110000001111100
10111011100100101110001010110110
10111011001100001011100010011100
00111101000110100001100110101010
10111100001000100011110110000000
00111100101110010110010010000101
00111101000000011011111100101100
10111100000000010000100110001011
00111101100011101100101101011000
10111101000110110101011000010101
00111100101000000011000100111101
10111011101011111010101001000110
00111101100010100000111111000111
00111101011000000110001100010001
10111011111010110001100111110100
00111101001111011011010100111100
00111011001100110011101111000101
10111100110001000100000011010111
10111100111000001010011000011110
10111101100100100111100110111110
10111010111011111011111011011011
10111101001001110100111101110111
00111100101110011101000101101110
10111101100101100000000110000100
10111011101111101111101001110110
10111101000001100111011111111000
10111011011001100100001001000111
00111101000000110111001110111111
10111101011011010010011111011010
10111011100000100010100101010111
00111100110101111001011111000011
00111101011100100001011110000110
10111101100101010110001101001001
00111101000110100001001110011010
00111100001011100110101100001011
00111011011000111001100100001100
10111101011001110100011011011110
00111011111111001001111010001110
10111101010111000111010101110101
00111100111100010111100101000101
00111100111011000010000111101001
10111010111111011110011010101100
00111100000011110110100110000000
00111010101010111110011011001110
00111101000101000111110011000000
10111011001100101000000001101100
10111101000111111001111110100101
00111011110111000110001111100011
10111101000011100001110000010110
00111101011010000011010000101110
10111100010001010110001100100111
00111100101110011011000101010101
00111100000101010000011010110001
00111100001111011001000100000010
00111011111001010100001101011111
10111100001000110010111001110100
00111100101111011100111001111011
10111101000010100101100000101001
00111100111100100000100011100000
10111011001010000110110001010001
00111011000011101011101101001101
10111100100110101110000001111001
00111100101011000111001100010100
10111011101010101011100100111011
00111011000111001011000100100100
00111100011000111011101011111111
10111100100110101011000110110011
00111100111000011000000010011011
00111000111101000110111110100111
00111101001000111010010110001011
10111100001110001010001000011001
00111011100101101000000110111111
10111100001010110100010101100100
00111011001101010110011111011101
10111100100010001010010101111011
00111101001111110000101000101010
10111101000110111100111100000111
10111100100111010101011000001111
10111100010010110111001110101101
00111101011011001110000100000010
00111101100001111010110001011110
10111100110010011101110111111110
00111100111101111110010001100111
00111101011110011001010110010001
10111101000101001100100011010000
00111101001011001011100110000111
10111101100100111101001011010000
10111101101010111111001110011001
10111101000011110111100101101001
10111010101000101111100010010011
00111100001000110110101001001110
10111011001000100010000111001011
00111101001101001101001110100101
00111100111100001001000100011000
00111010111101011110011000000110
10111100101111111000101101110101
00111100111000010111110000101001
00111100111000010111000101000100
10111101000101111110000000011010
00111100011101001011100000011101
10111101000110100111001110100010
10111101101001010111100110010001
10111101010010100101101111100111
10111100011011001101001100001001
00111100000001101000000001000111
10111100110001100001001100010011
00111011110111111001010101101100
10111101001001100000010110110001
00111100100010000101111000000111
10111101110111001111111110010110
10111101101100100100000111110011
00111100111100110101110000000000
00111010001000010110101001010011
00111100010100011110011101101000
00111100111111101010000101011111
10111011111011100010001011001000
10111100101110010000100011101100
00111100110011100110101100101001
00111100100011000111100100001110
10111100100101011010101011001001
10111100111101011001000010110100
00111101100001010101001100111010
10111101010011001100110011100110
10111101000001101001110100011100
00111100010110110001001110000010
00111100010000011101101001001101
10111100000010101111101001110000
00111100101101111100111000100100
10111100101011100111101101010001
00111010110110100111000111000011
00111100100011010011011110010010
00111100100110010111111010110010
10111011100100111101101000110111
00111101100001101001010101010111
10111101100101001000101001001111
10111100010011101001000100010101
00110111111001101000101100101001
10111101011000100010000010000111
00111011110000001011000011110101
10111100101110101011000000111011
10111011100001110100110010010100
10111011110011110000100000111010
10111100100111010110110011110001
10111100010100011011001101100111
10111100010010001100101101001001
10111100100011000011110011001010
00111101011100101000110110100101
00111101000111110100010101110110
00111101000011100100110010001101
00111101010001110010110111101110
10111100011001111101100001010011
10111101101000011010111010001010
10111100111101110101000100001001
00111100100100001100000000101011
10111101000011111100010010001001
10111011101001000001100010000110
00111101100000000011011111100100
00111100110001110011111111001001
10111100000111000101001111101110
10111100111110000010001101111111
00111101011011000010000010011011
10111100111100001111001010001110
00111100111110111010111011010011
00111011000101101110101111110101
00111010011100101000101100000101
00111101010001010100011110111000
00111100100111101110111111001110
00111100100000010110111001001000
00111101011100001101011010011000
10111100101001110011100101001001
10111100100000100100011010000000
00111010101010010000000011110000
00111101000000001111110110100010
10111100011011011111101100110000
10111011111000110010011010000101
00111100001011000010000011101000
00111100100001100100110000111011
00111100101001001011000110100100
10111100011100110011011000000010
00111100000100111011001011011010
10111100101011101010110111011000
00111100111010001010100111011001
00111100001011110101111010011001
10111100100101001011000100100011
10111100100111110110001111000011
00111101011000111110001110001111
10111101100010101101101101011000
00111100011000011100010001111011
00111100100101100111000010110010
00111101010010001100001100001110
10111100100001011001111011110100
10111100001011011000101101011010
10111010111111101110110101110111
10111100111000111011010101101000
10111011111101101011000110010000
00111100011011111010000001001011
00111101010111110010000111101001
10111101101011100110000010010100
10111100101011110101100001011110
10111100101111100000100101111001
10111101100001001111000001010110
00111100100011111111110001001101
10111101001111110111100011010111
10111100100000010001001100111111
00111100100000101001101000101100
00111101000011111101111010001100
00111100010001010011011001101101
10111101001100001111100100100101
10111101100110000010011110011011
10111101010010110101001011011001
00111101000100111101110010110000
00111100101010110010100100100010
10111011101101101111001000101010
10111100011000101101111110010010
10111101000000101001001101010110
10111101001010100101011111111110
10111011111110010011111011101100
00111011110011010110111100101111
10111100111111001000000001100100
00111100011000110011101111001000
10111010100111001101000000110011
00111011011001001001101111000000
00111100010111011100011011011010
10111100001011101000000101111001
10111100001111001000001010101100
00111011111011010111000011001111
00111100100001000010111011011100
10111101100000110011010011000001
00111100100011001010010010000111
10111101011011111000100011000111
00111011100101101110011010011000
10111100101101111001101100110101
00111100111111101000111010101000
00111100111011100010110101110111
00111100011000011010110100110010
10111100010010100010100101110101
10111100100110100101000001001101
00111101000101010110101110001100
10111101001000111011100111011010
00111011001000100011100000000000
00111100011111110001101011111011
10111100000100000010000110101101
00111101010001001010011010110111
00111101000000110110100001000011
10111101010100010110011000110011
00111101001011101101001101101001
10111101001011011000001001111001
10111100011110001001011110001110
10111101000110101100010100000100
00111101001111010100111110001000
00111101010010011000010110101000
10111011011101110010101010100101
00111101000110010100111001001000
10111010101001001010101101111001
10111101011011001011000010001111
00111100000110101110110010011110
10111101001001100111101100010111
00111100011111101011011111100101
10111100011011001000100101001000
10111100011010110011100000010011
00111100000101001010010100001110
10111011111101010101011001100101
00111101100011011000000111111010
10111100101001110001110101011010
10111011111111111010110000101111
00111101101000011110110101100100
00111101001101010011101110000000
00111100100010111010110111110000
10111100101101000010100001000011
10111011101011000100011000111001
00111100100101011100101100101011
00111100100111111000011100100110
10111100100111111000001001000010
10111101010111011100011001110011
00111101010111011111000010000100
00111101010011101000101110011100
10111100110001101111110111110111
00111101010110001001011010111110
00111100101011101111110101000001
10111101000001110010100110010100
00111101100000100001001011111100
00111100101010111010010101001100
00111101001101110010000111110101
10111100110010101011011001000000
10111100110111010001100011011010
10111100110110001001111101001100
10111101001101101110010001010110
10111100100100100101001110101110
00111101100010011100110010001010
00111101000001111101100110011001
10111100101010000000110100111101
10111100100110010011011010111111
00111100000100110111101000100001
10111101010111101000111111000010
00111100100111110110010001101000
10111101111011101110011110110111
10111100110110100011111100010001
00111101000110010001001001110010
10111101100100101011000111111101
10111100001011011000100100111011
10111100101110010100000001110111
00111001111110101011010101010110
00111100000100111101110000010011
10111101000000000011100111100011
10111101010101000001000111000101
10111100010101110111101101011010
10111011100110011011011011110111
00110111100011010001110110011110
10111101011000100101111011100101
10111100011000010110110011101110
00111101000001101000110111001110
00111100110001000100101001000000
10111100000011100110001010001010
00111101010100000000011110011111
00111010100101001010111011111101
00111100001010101111010000011110
10111100001000010001101110100100
00111101100101010111001100011000
00111011111101000100100100001100
10111011100010100101000001011101
10111011100001100110000110100100
10111101100001000111111111001110
10111101001110010000110101110110
10111100101000001101000001010001
00111101100101110100010001110011
10111101010110011100001100011001
10111100101101011101000101111010
10111101011110011100011100000110
10111100011100110010100011110110
00111011000001111101101011110100
10111100000101101100111101010110
00111100110110000001011111110001
10111100100101110101010000101010
00111100101001001100010110110111
00111101011010010000111101101111
10111100000000110010111010011001
00111100101101110011100111010110
00111100010100011010110000000101
10111011111110100001110001011011
10111101000111011100101000001111
10111101011100011001010011101010
00111011101010100011111010001010
00111100110000010100001001100011
00111011011100101000100111101110
10111101011100011011001001111011
00111100100010111111000101111110
10111100011110110110101110101001
10111101000010000100110010110100
10111100100001101011011110101110
00111100001111110011000101111011
10111101010001110011111001001110
10111101001011001110001101000010
00111100010110110001100100110110
00111100110100001101011001111111
00111101000111100100100100001000
10111100111011010010000011000011
10111101001100001100011001010111
00111100101100100000001111011110
10111100110010100000110101101011
00111100110010010110011111110011
00111100110011001001100000001110
10111100000011011110111011000100
10111101001011111011110010101001
10111100011001111111000011001111
00111101010011111001101010001011
10111011011111010100100001001001
00111100100010101000101010100010
10111100101110001100000100010111
00111101001010001110111001001001
00111011111111110000110110100101
10111100010100110000011111111000
00111100110101000001001001000011
00111100101101100000100010000001
10111100110110111001010011010001
00111011100001100001111110111110
10111011110001100111001110101001
10111101010010011010011101111101
10111100011011000010110110101011
00111010101110001111011101100011
10111100010001111011010110001001
00111100110100100000110011111100
10111011010000000100111010110000
00111101011000111100111111011010
00111101000111101100001101101001
00111101010011001100111100010001
10111010010011111010100101100011
10111010010110001101101100001100
10111100101100001010111010100110
00111101000011100011001011010110
10111100110011000011001111110101
10111010111001000100110110010000
00111101001001011011010000101111
00111101100010011011001100001011
10111100100001111110111000100010
00111101001010101110101111011100
10111101000111010010111001110011
10111100010111001011111100011001
00111010101001110011101011100110
00111100101001010001101000101111
00111100101000011100110001101011
10111011100000100010011101101000
00111100100011110010001000101111
00111100101100011000001010110011
00111101011010100100101111101000
10111101011111000011010110000110
00111100000100100000011111001010
00111100101101111001101010111011
10111101011100111101110000000100
00111011101101001110100100001010
00111100011001011001000110110000
00111101001011011100101010100000
10111101100001010010011001110000
10111011110101010001011100001001
00111100101111111000111100110000
10111100001000011011100001010001
10111100100110010111000101000011
10111011111100010001111001100010
00111101010010101111110010011001
00111101000110111100011000110111
00111100111001111010000100110100
00111100001010110101000001101100
00111101100001010100000100011011
00111100111010010011010011011010
10111011111000101100100101011010
00111101100111000110000110000100
10111100111100010001100111111010
00111100000000111110110101101000
00111100100001011011100001111110
00111101001110010001100111011010
00111101010011101100111010010011
10111101001110110000111000101001
00111100110001100101111111011111
10111100000101011100000000101011
10111011111010010110001011001001
10111101001100000110110111011001
00111100110011110011101011111100
00111101010010111001100101100101
00111101011100101001110010000100
10111100111001011001000110010100
00111100100010000111011110011000
10111101000100101000001100111111
10111101000100101111111010110111
10111100100110100111010010010011
10111100101010001110010111111100
10111100110101100001000000111100
10111100111111001001001111000101
00111101001010000010000001011101
10111011101100100010011010101011
10111101000110010110101010001000
10111101001000111010001011010010
10111100000000101100011000101000
00111101000001000011000100100000
10111100001101101000011101111110
00111101001010110111011010011101
00111101000110110010100011101011
10111100111001101111011110101010
10111100010001000001000101010110
10111100100101111010010100010110
10111011111010100100111110111001
10111100100010010001110000011101
00111101001111111001111111101010
10111100011001100101011110111110
10111101001010111101010111001101
00111101010010111000011011001001
10111100011010111111100010000000
10111101001110110010111110100101
10111011000110011000111101100001
10111011111001010101001100011111
10111100001110101001000000100101
00111101100001110001000101111111
10111011000111111010101111110110
00111001110000001100110001010100
00111100001111010110110011001010
00111011101110110000000001000010
00111100101011100111111110010011
00111011010111110100101001110110
10111101001111000110001011110000
10111101011001001000100111101011
00111100100110011010110110100111
10111011111100101100110001100001
00111100001101101001100110000110
10111100010010000011001000110110
00111011001101110001100000110000
10111100011000111010110000000010
10111100000010010011100000110011
10111101001010110000101010010100
10111100110110011110111111000111
10111100100111111011100000110011
00111100010110100011001011111100
10111100101101100011100000111100
00111100011000000110100010101101
10111100000000101000101001000111
10111101000011110001001001010111
10111100101000101110101111001011
00111101000001011001100100010011
10111011000101100011111001100110
10111100110010100111011110101111
00111100111101010101000011100000
10111100001110000100001100010110
00111100001101001111011101101011
10111100111011011110101011011100
00111100010011000001011111101000
10111010110011010111000010100000
00111100111011111000111101110011
10111101010011110000001001101000
10111100101110000001011001101110
00111011100101101110010101011111
00111101100000111011000011011001
00111100100101000001000100100101
00111011101111111101000110000000
00111011000000101011000100111101
00111100001001101110011101110000
00111101011110010000011110001110
00111100101010010000100001010111
00111101000010010011111100111011
00111011100110110001111001110110
00111100100001010001010001010000
00111101000001110101010000001001
10111101010001011011101001011100
00111101001001111000100101000010
10111101000001001100011001010011
10111101001010111100011010100101
10111000101011111000110100110010
00111101000111011000101011111101
10111100010101110111110101010100
00111010011011111111100010100010
00111100100111001101000110011111
00111101011011011011000101010000
00111100000000001101111001100100
00111010001001100110110010110011
00111101010011011100110001101001
10111100101110000101010011011010
00111101001110101010010010000101
00111100010001011101011110100000
00111101011110001011000110110100
00111101001000001110101111101101
10111101001111111111000000110011
10111101011001011010100110110010
00111100010101100100111000010111
10111100101011010111000000110100
10111011110001001111100000101111
10111100001111100011011010101100
10111100010011011001001011011000
10111101000010101000000000000100
00111100110101000110101011001101
10111100110000100001110000011010
10111101000101110101001110101111
00111011101000001000101111110101
00111100000010000111100110000010
00111100110001000000010110110011
00111100001001110000111110010010
10111011000011001000001001100111
00111101010111111011010111110100
10111100111001010001101101111100
00111100001011111010110011101010
10111011110111001011100101111011
00111101000110010101011011010010
00111101011011101001101111110011
10111011100110000101011000101101
10111100101001100001101101110010
10111101000110110010001010000110
00111100110101101100011010001100
00111011100001101010101111111110
00111010101001110100111101100110
00111100110001100010101111010110
10111101000011101001101111111010
00111101000110110110110010100011
10111010111010010001100110000111
10111101000000010100011000010001
10111100101010100111110011011110
00111100110010011010001001110011
00111100101001011001100001111111
00111100001010010110001111110101
00111101011010000001011010011010
10111101000011101011101110011100
00111011101111000110101110010100
00111100101001011111110011100001
10111100100111100111011010000010
00111101000111011001010100010000
00111101100000111101111001101010
00111101001100111101111000101101
10111101010101101101100100010101
00111100111010110111000011010011
00111011001001100000111011101110
10111100101011101101110100110101
10111011001111110000111001100101
00111101100100001010001011000110
10111100100100000111001001101000
10111100011100010101100010010001
00111100011101110110010000010011
10111101000001100100000011001100
00111100101001010001011000110010
00111100011111110010001101101000
00111101101110010000011011100101
00111100100010111010010100000001
00111100010011110000100110011100
00111101100011110010101000011101
00111100010101010101100000001010
00111100110011001100010000010111
00111101000110011000111101110001
10111100000010101010010000100010
10111100001001011000000100111101
10111010100001101111011111101001
10111101000011111011110101101101
10111101010101110110011000111001
10111011110111011111110000001101
00111010111011111111110000010111
10111101100010101011100000100011
10111100101100101100101000000100
10111101011000111010110010001111
10111101101010001111111111011110
00111101000000011010110010101011
00111101000100011011001011101110
10111101011111100011101101010111
10111101001010111110011001011010
00111101000100011001010101101110
10111101011110110001110110011001
10111101001111011001111011010110
00111101000111000110011111000001
00111100100110010110111011000110
00111101010101001110111111111111
10111101100000000001011101001101
10111100100001100011010011101100
10111100110111100101001110110010
10111100011110111110111101111001
00111100101001010111001100111011
00111101001101011010111011110011
10111100000101110011000011001110
00111011111101000100000100111110
10111101001001010001101010101000
00111100101100011111100100001101
00111101010011010001000001010001
00111101001101111010110111111100
10111101000110000001001010100101
00111100110000000010011010011011
00111100111101101100001100100110
00111101100111010111111100111111
10111101001011100100110011000000
00111100000011100100100001000101
00111100100100101010000000010001
00111100010110010011100000110111
10111100010010101001010001001100
00111100100000101001001010101101
00111101010101100100001010110101
00111101010010100111010000101100
00111011101101010000110001000111
00111101000001010010010111010101
00111100101001110011010011010100
00111100101000100110010100010101
10111100000110010110101100111011
00111011110010111001000000011101
00111100010111010011011000111101
10111100100010111111111110010100
10111101000110100111101101110011
00111011100010001111001001101010
00111100011100000001001100001100
10111100011101101101000011100001
00111100101100001000000111110101
10111100100001000001011101001111
10111101011001110000001000011100
00111100001010000100000010011100
00111101000111000100000010000010
10111011011000000100110000011000
00111101011011101011001101011000
10111101000110101010100000011110
00111100011101101100101000011110
00111101000100001110110110011011
10111100100011101000111011100001
10111101001001010111000100100001
10111100110010001110000100000011
00111101011000100011000000110111
10111011101110100111011101000001
00111101011000110101010100000100
10111101001011101101100100110101
10111101010101001100001101101010
00111101100001000100001110010011
10111011110011111000110011010011
10111100001111001001011011001101
00111101001101110110000000101101
10111001011100000010001101001100
10111100110000110110110100101111
10111001010000110110101001000010
00111100100101100100001111011011
00111100000100001111000011000010
00111100100001011101110110100101
10111101100111101101101000011000
00111101011010101010001000100011
10111101000111010010110011000010
10111100000011010100011111110110
00111100100010111111001101000001
00111011111110101011010100011101
10111101001110110100111100011110
10111100011010001001011111111111
00111100010001010011000111010001
10111101010110010111011000110010
00111100011111101101011111111010
10111100111111011101011100101001
10111100110011010011111011111000
10111101001001010101001101110011
00111100001101111001101101101000
10111101001110100001100000101100
10111100011010101100100111010010
00111100010100010001100100000010
00111101001011011000111011011011
10111100110011001110011100011001
00111011111010001110110011001011
10111100010001011111100110111000
10111100101111001001100101110000
00111011101110000100101111110001
00111011101010011011111100011110
10111011001100100100011000001111
00111100100111001000111111101010
10110111110111001101000011010111
00111011011010011010110001010110
00111100110101101010100101000101
00111100101110111110001110100001
10111011001110011001111010111101
10111101001111011011110100000010
00111100001011011011101000101111
10111101000001000010010001001010
00111100101101000000110011000101
00111100110011000000111110101011
00111100101001010100111010100011
00111100001110110011000101101010
00111011101110011000110100101100
10111101010111100001110111010100
10111001010000001011001000101111
10111100111001001010001100011100
00111100000011000101100101111001
00111011110001111101111100011110
10111100101011111010000010011001
10111101000001111101100010000010
00111100111110010001010101110011
10111101100011011110110011011001
10111100111010110001011001001101
10111100101101100000011110110010
00111101000001101010001011000001
10111100110100000011011110100011
00111100010111010101011111011010
00111101010101011001110000110110
00111101000011101100011110000011
10111101011010101001011011000100
00111100111110100111100000100001
00111101001111000010000110010111
10111100001011110101000010101100
00111100110000000001111000011111
10111100101101100011000000110011
00111101010101000101101111111000
00111101000010111000101110010010
00111100110110010010110000100000
10111100011010110001010011111110
00111100100001100010010110110000
00111100100101001011100100001100
00111011001100101101100100100110
00111101010000101011011011100011
00111101100010111011110000111111
00111100011110010010001000111101
10111010001010011001111110100001
00111011011001001111111011101011
10111100100000101001111100111011
00111101100000000101011000111100
10111101001101110000001011001011
00111100100000011010110100001011
10111011110001010111111010111000
00111101000000001001010001111001
00111101010101011100101110000111
00111100000001010000001110111001
00111101000100011110000110110001
00111100101101100111101001110110
10111011000001011101000111100111
10111101001000011111111010001111
00111101000100100011010111111001
10111010011001111111110000001011
10111100110110011111100010101110
10111100010111001000010011000101
10111101100011010011110010011101
10111011010010101111011111011111
10111101000110000001010101110000
10111101101101000110101110011010
10111100010110101100100101010000
00111101100000010010111110010100
10111100110110101101001101000011
10111011101011100110000010001000
00111101010001110111000011010000
00111100110010000101111001001100
00111011100010001101101101001000
10111101001100001101111111111000
00111100000110000100000101100101
10111001101001011101101110000100
10111101011100110110000101010111
00111100001110100100110111000001
10111100101011100100110100101011
00111100111100000110111000010101
10111100101001101100011011101010
10111100100101100010110101100000
10111100101111101111101101000101
00111101001101001100001001111011
00111100001100100001010101000100
10111101000100001011000010011111
00111101000101000100101101101100
10111101010111101010110111100100
00111100101000010111110111000000
10111101011111111011000010101010
10111100110011010001111010010000
10111100000001101111011110010111
10111101001111001010110111111000
00111011110011011111111000110100
10111101000101110101110001101011
10111101001011100101000111111101
00111100101000100000010000110011
00111100101010000101010010001001
10111100101000100010000000111000
00111101000110100100110011111001
10111100111001011000001010100011
00111100110000110001100110101011
00111101000010111111000111111010
00111100101001011011010011011100
00111100100011111001001010100101
00111010111010100001101010010101
00111100011101111110000101000010
00111101010010000001110110000101
00111100110111001001000011111001
00111101010100111011001011111001
10111101000011110100101101011101
10111100101101100100111010000111
10111101000111011111011110111101
00111100100100010101110111001010
10111101000101001001001100100001
10111100001110000011001110000111
00111101011111000000011001111000
00111101010111010100110000110101
10111010100010100001101111000101
00111011011011101100101001001001
00111011000001011101010011000110
00111101000110001100011100111111
10111101001100000111111000010010
00111011101010100010001110011101
10111101000100110110100101010111
10111011101001100010010101000001
00111011110111101101111111101001
10111011011110100100000000010011
10111011011011110010111110001000
10111101100101110010000001100110
10111100011001110110010000101110
00111101010000101110000001111100
00111101010111010011110111110011
00111101000001100110010101100000
10111101010000001001000010111011
00111100011000000011011111110001
00111100010011100110010100111000
10111101010110001110100101010110
10111100011101011110010011010101
00111101001101010011010101001111
10111100001001111000100111101111
00111101001100111110111110111011
00111101000001101011110000000010
10110111000111100010110011110000
10111101010011001000100100111101
10111101011110101100011010001010
10111101000000101011100001101100
10111101011100000110001001010110
10111101100100110111100100110110
00111101001000000101111111100111
10111100111101010001001110101101
00111100001010001111111101000000
00111100100001011110110000010010
10111100110101010110010111000111
10111101010101000101001000011010
10111101010011111110010011100011
10111101010001011001101010000100
00111100100011111110101010010101
10111100111111010011111111101000
00111011111100000100010100000001
10111011110100100110100001011011
00111101010001101010001101111100
00111101011001111110010000111110
00111100010111111011000000011111
10111101011010001010101000010011
10111100100000100111010010000011
10111101000111011001000100110011
10111100001110101011101001000101
00111101010101010010001110010001
00111100101101110100001010100010
00111101000110110101100011011110
00111100101001001010110111111011
10111100001010000100100000100010
00111101010011100011111110010010
10111100011000101101000111011100
00111100110011111010100001100001
00111011111001101110010110000100
00111101011000001111100111101100
00111101001011100000100110101011
10111101011111010110110010000110
10111011101010011011001011100001
00111100001000101011010000101011
10111100100001111111000110110100
10111100001101111001010101111011
00111100110100111110000110010001
00111100101010001100000010100000
00111100110100011100111110001000
10111100100101101110000110111110
00111100011010010100000100110111
00111100101110111110101000000110
00111011111110011011100001000110
10111011101110011111000100011100
10111101001110111111100100110000
00111100101110101101101000010101
00111100011111001011101100111011
00111100001010110111010001101100
10111100010111101010101011010001
10111100111000111011111111100000
00111011110011010111010011101010
10111100100001100111010001001101
10111101001111111100001111010111
00111100100001010110101000000000
10111011111110010111000001110101
00111100110100101001101110110101
10111010000101110100010001110010
10111101101101011100000010001001
10111100101011101110010100101100
00111100101100010001110010011110
10111101000110001100000100110000
10111101000000111101100000000000
00111100011001100101010110010010
00111011110011110010011001010101
10111101010101000010101110011111
10111100100001111010001101010100
00111100100100000101100110110111
10111101010100100110000111001001
00111101001111011110011101010010
10111100110011100010100100000000
00111100111110010101100001100001
10111100000110010010001110111001
10111101001000110000011010111111
00111100010011110101111111001000
10111010101000010010101001011110
10111101010011111010011101101100
10111100101010011010001110001110
00111100111100100101101010110000
10111001011111100011011111111100
10111100100001100110011101101000
10111010110101010011011011101010
10111011010011101111011001000011
10111101001011101100111111100010
10111010101000011000000001110000
10111101010100011110111100100011
10111101000000000111100101011001
00111101001101000111010110011000
00111100100101011011011001011111
10111100101110110001000001011000
10111101001100010010111001011000
00111101000001110110000011100110
10111010101011010000111110111100
10111100011101010010101101111101
10111011111101110011000011100100
10111101010111010111111010001101
00111100100001110100000111001011
10111101000100000100111001110000
00111011110101100110110100000110
10111101010111010001110011110111
00111101100000000011101101100010
00111100110110001100101101100100
10111010110101100101111100000010
00111100100011111100111111000001
10111100110011111111000001100011
00111100000110011111000100101111
10111011101011011000100111100000
10111011101110111111101111010000
00111100111110001000001111010001
10111101010111111101001010010101
00111100101110000100100011001111
00111101001110010010011010010001
00111100101111011100111110001111
00111101100011111110000111000000
00111101000110100101000001111100
10111101010111111011001001101010
10111101000101000110111000110100
10111100111010000101101111001111
10111101100110000000010100101001
10111101011011111100011101100000
00111100101000110100011111011100
00111100010011101110110000101000
10111011011101100011110011001010
10111100011000110011101100110110
00111100101110011011100000011101
10111100010111001101000100111100
00111011001110100000010101011100
10111100100011011111100101100110
00111100111010011110110100111011
00111101001001100101001101100100
10111101011001101101101000011101
00111010101110010100001000000101
00111100111100000001001111101000
10111101011101100100111001010010
10111100101010001000010111011111
00111100110000010011010010111110
00111101000000101011110010010101
10111101001111001110000010111011
00111100101101001001000101110110
00111011100111111010110111110110
00111100011101110111001100110111
00111101000110010000100010011001
10111101001100010000100001110100
00111100101110001000011111011001
10111010011110110100100110000111
00111100001100000010111001100101
10111101011000110111110110010010
00111100000100001111100000110111
00111010010110000000010110001101
10111101110100001011100000111011
10111100110110111101010101010000
10111101100111011010000110101011
10111101010110000000110111010000
00111100101101111011110110010110
10111101100010111100110001100101
00111011111000111001001111010011
00111101100100110011001001010000
00111011100110100101100010001101
00111100100100000001010011111110
10111100100010000011011110110010
00111011100010110111110101001000
00111011101010100101000100100000
00111100101100010100110101010001
00111011001001101101110001000110
00111100110110110011010010111000
10111100010100100100100101000001
10111100100000111001011110111010
10111011111011000011101111111100
00111100001100110000110000011011
00111101010100100000110101010101
00111101000010110111000011111010
00111101001111011111110101100111
00111100101001100110000100000100
00111011000010000100110110111001
00111011100011110100101001100101
10111101001000110100011110101101
10111100110001111111110010001110
10111100000101001010111101111000
10111101001001111110010011000100
00111100101111000010011001111101
10111101000000111001110111110000
10111100101101100110000101111111
10111101100000110110101000010000
10111100001101010001001101101011
10111101000000010110010100011110
10111100100010010111010101100000
00111101001101001011110111011010
00111101000101011100010001110011
00111101000000001111101000010100
00111101000100001010011000010111
00111100110111011100011000100011
10111100110110010000010100000010
10111100100011001000101001011000
10111011010000000111100110011010
00111100100000100111101001111111
00111101011010100100111110001001
10111101000111001110000101110100
00111101100001101001110011111011
00111100110100110100010011110110
10111100100101101010101001001010
00111100111011110111000011100000
10111100110100001010010111101001
00111100101110101110000010010110
10111100010011000100011000010110
00111100101110101101001010011001
00111101010011010111111100101101
00111101000101110000011100111011
10111001111111011011000111000100
10111100011101111011101111010111
00111100110101011100010001111100
00111101011001110000010011011101
00111100110011101111000001100110
00111100101001101111000100100111
00111100101011111111000110011101
00111101100100101000110110011001
10111101000101000110000011000101
10111011000111111111001011010011
10111101000000111101101100110001
00111101011110101110000010001000
00111100111101000101010100110111
10111100001100011100010111101100
00111100111110001111100101000000
00111011100001101101100111100000
10111101000010111011000011001010
10111100100011001110001100111011
00111100011010101001000100001011
00111101010011010100111110111110
10111100110001100011000011011101
00111100110001001010011111001000
00111101000010011000110010111001
00111011000010010010011100011010
00111011100000010011010011101111
00111011110101100001111110101001
10111101001100101010010110100101
10111100001000111000111010101000
10111101000000011101111111011111
10111100100010011100010100110110
00111101010010100111011100111010
00111010110101010101000000101100
00111100111000000000010010110000
10111011101000000011101000110110
00111100010111001100110101001100
10111100101010111010110011010110
10111100110101111001111001010111
10111100000111001000000010010110
10111101100000001000111010001101
00111100100010110100000101111100
10111100000100101001000000010001
00111101000110011010100101100001
00111100010110110101011110000000
00111101011000100010001011000001
10111100111110000010101111111100
00111101010001000101101100001011
10111100101011111001111100001001
10111100100101100011000111101110
00111100111110010110011000111110
00111100000111111110001000000100
10111100101000101011010000010101
00111101011101010110010011100101
10111100011110000111100110010100
00111011101110100100101010110111
10111100111001110011101001010011
10111100111101000111010101010110
10111101101010001010000100001011
10111100110011001001001111000000
00111100100101111111010100110101
10111101010110011000100111010111
00111100010011011000110011101111
00111101000101100110011010000011
10111101011101001111010011100101
00111100101000000000110110100000
10111100110010000001001001011000
10111100101000100000111110110110
00111100100000100000110001011000
10111100011101010011101001011101
10111011111011111010100101101011
10111100100111010110101010011100
10111101000000010100110000110001
00111101001011111000000100011100
00111101011011101101011111000101
00111101010101111001010101100010
10111100110100011110110011001111
00111100000010100000000101010110
00111101000000101011000001111001
10111100110101010001001010110010
00111100101011000110010011100011
00111101010010110101100000011011
10111100110111100011010100111100
00111100110010100101110010010001
00111100110111011000111101010000
00111100011000110000111010100101
00111011000100100001110001110111
00111011011011100101110101000001
00111100000001110111101101110100
00111101001001001010100110111111
00111100110110010111010111110011
00111101001000100010100011001100
00111101010010111110011010000001
10111001101011100010001111011011
00111100100110100101111000001110
00111101001001011011110111011011
10111100110100010100110001001010
10111101100000110111010010010000
10111101011110000001101011100011
00111101010100100111111111101111
10111101010000010100111101011001
10111100111010010001001100001011
10111100011110001010001100110000
10111100111101000111100001010010
10111101000101110001001110110001
00111101001111011000110110101000
00111101010000100000110010001010
00111101011110001011110111110011
00111100101100000110010001011110
10111101001101110111010100010101
00111100111110111010010011110110
00111101000001011101111001111101
10111011110000001111011011111011
00111010010000010110110011010100
00111100000000111000101001000000
10111101000101111111010100010010
00111101001010011001110101011010
10111011001100101011011111110010
00111100011011100000010010111001
10111101001001001111111100011011
00111100100110011011000111001010
10111100010110010101110000000101
10111011111101110110001000000111
10111100100101101101011100000011
10111101000011001000100001100100
10111010111110101101011001111110
00111101000001100100110000010001
00111100100101110111111101111111
10111010111010110100100111100100
10111011101101110101100000000111
10111100010011101000001001011011
00111100101110001001110101010000
00111101001000100001111000111110
00111100101111100001000000011011
00111100110100001110101100011111
00111101001010110110011111001010
10111011111011011110011110010111
10111101000010011000111100010110
00111100101111110101011101000100
00111100100000111111110011000111
10111010001000011110011100010000
00111101011111100101101111001101
00111101010000011100011010100011
10111101000100110000011101111001
00111100011110111111110011011110
00111100101010001101000011111110
10111100111010011100100011000111
00111100110100000110001001101001
10111100110000010111001111001011
10111101000110010001101101001010
10111100100010010001000100100001
10111100111011010110100111111010
10111101011011011100010000000100
00111101000001000010110101011111
00111101000110010010111000100110
10111010001000000001011011101010
00111101001101010100110000001100
00111010001101100000001101100010
00111101010011111001011110010010
00111100010001101100011101011000
00111100101110001010011010011010
10111101000100001011110101100101
10111011001110001110110000011110
10111101000110110001010010111001
00111101000101000101100011001101
00111100101110100110011111011001
10111101001100010110010101001111
00111100101111011001001111110001
10111011111000011100010101100011
10111100100001011001001000110100
10111100100000101111101100000001
10111100101001111010010001010100
10111100011100010101011111111110
00111101000011011011100000011010
10111101010001011001111010000101
00111101000111010011100100000110
10111101100000001101010011110001
10111100011100111010111000110010
10111101011101001001011100000101
10111101011110100011101111101001
10111101010011011010010101111100
10111100101111100011001100101011
00111101001111001000100011110111
00111101011111001111110011101101
10111100111000101010111100101011
10111101100000110000100100101010
00111101010101110100011011111001
00111101101000101110010001101110
10111100011111101000001101100000
00111011111100111000000101100000
00111101000100000110100010111110
10111101100101110111011010010110
00111011111111000111011000001111
10111100010011101110011000001100
10111100100010111000001101111101
00111101001010000101101101001100
10111101011010000011101111001001
10111011010010001100011100101010
00111100111100111011101111010110
10111101000111100101010011100100
10111100101110011011000010101001
10111100011111110000111011011100
00111101000001010100101011100011
10111100010000001111011111110110
10111101000101110101000001110011
10111101001110100111000110110011
00111100110010101010110000101101
10111100110001110000110001010111
10111011110010111001110110001110
10111100111111001100101111111110
10111101000111000000010100001111
10111011111111101000010100101111
10111100101111110000100001001100
00111100100010011001000011110110
10111100111011000101111101101110
00111101000100000110111011011101
00111100111010101100101100010000
00111100011001101111111111010111
00111011011110101110001100001100
00111100011011110101011100101101
00111100000011100101010001010110
00111100100111110101110011010000
10111100101011011101111100100101
10111101000011110011011111101100
00111100111001010100001111101010
00111100101110000101100100010101
10111101001010000101000011100110
10111100101011111010011111011010
10111100100010001110001011111000
00111101001111110000000110011111
10111101011001000000100111111010
10111001100010101100100010110111
00111011101100000101011011001011
00111011001100010110010010111101
00111100100001100011001100010101
10111011111100110100101001000010
10111011100100100110011100111001
00111101000110100110111111101101
00111101011000001001110000100001
10111100000100011011101110011000
00111101000000001100001000001001
00111100000100010110100001011000
10111100110001101001001100000111
10111101101001000100100010011110
00111101000011001010110110110111
10111100110110101010100000000111
10111101110001010001011100001000
10111011100010110100000111110011
00111100100110100111011011010011
00111100110001111011111000010011
00111101000011010110100000010111
00111100101001010111101000010010
00111101000111010111000100111100
00111100000011001101010101101110
10111101010101010000001000000011
00111101011111100001110111000101
10111101001101010110110111010000
10111101100001000000100110011011
10111101000010000001110001001010
00111011101100110111001100000000
10111100110000110100000100110111
00111100000010110101010010101110
10111101001111110001111010111110
00111100001011110001001010101110
00111101001000010010000000000110
10111001100101110110001001010101
00111100111101111011110000010110
00111101001011000011000011110011
00111100111011001111010110010101
10111100111000101010001100001001
00111011000011000100100010110100
10111100010100010000100100010110
10111101000011011111001001001100
10111011100101011000111100000011
10111101000010000110111110111011
10111101001100100000100000001001
10111100110000111001111100100110
10111101010011011011000001101111
00111101000011110100111111110000
10111100111101111001110000011111
00111100101001000101111100000100
00111101010111000010100110100100
10111011101110100100001101101011
10111100010101111000001001000001
10111101000001000100111011011001
00111100101100111111000000101000
10111100100110111110101101100010
00111101001001001011111001010110
10111011011101100010001000110010
00111011101001100111000100100111
00111101000011001010001100000000
10111100110010010110010100101100
00111101010011111110110001100101
10111100100000110111100110110110
10111101001100001010011110100011
10111101011001000111101001100110
00111100101010000010011000011000
00111101010011110101000001111101
10111100101000111110001001001101
10111101001110000101001001110010
00111100101000110110111111001100
10111101000010001000100110101001
10111010000100101000011000110110
10111100101001001100010000100001
00111100100101111100111100110011
10111101001011011010110110000100
10111011010110100000101010001001
00111100101000000100110101111001
10111101000010111011001110011111
00111101100010111100010101100000
10111100010101100011000000010111
10111011001111100111100001001010
10111100111111110111110010110001
00111100111100111111100100011011
10111101001101111110111111110101
00111101011001100101001100111010
00111011000010101110110101010001
00111010000100000011001001101011
00111011110111110100001111001010
00111100110100011010011000110010
00111101100000000100000100000111
10111011011001100110100011110110
00111100000010010000101010011101
00111001101100010010010000000011
10111100000101001010110000110000
10111100001001000011011000000110
10111101011000001101000010000000
10111100001001101010010000110110
10111010111000100000000000010101
00111011111110010100001101110001
10111100111000111100011110000101
00111011111001110010011000101010
00111011001001010011001110101110
00111100011111001100001010000101
00111101000010000101100100110110
10111101000100110010111111011011
10111100101100100011111111111010
00111100001110000011011001101110
10111100100011100111110111010110
00111011111010010111000101101001
10111100100100000011111110001111
00111101001110001100010100111100
00111011110001000100001100011000
10111100101000101111001010101010
00111100011101010101110011000010
00111100001101000001011110110110
00111100111100001001000110111011
00111101100101001110010011001100
00111100001010101011010110001111
00111100011011111100100011000101
00111101001111110001111001011100
00111100100010001100000011000101
00111100001000101111111000111110
10111100001111000000101011001011
10111100110110000011111110010010
10111101011111111100110011111100
10111100101100000110010000101110
10111100111000000110000100101011
10111101000101101110101110001100
00111100101111010010101010111110
00111011101010110110100110001110
10111001111110011000101011001010
00111011111001001000100001101000
00111100011000011101100001001010
10111100101001011100010011011111
10111100101100010001101010010110
10111100100001111110110111001000
10111100110000000101011100110010
00111101100011010011111010110101
00111100100001000000110100100100
00111100110111111100001010111000
00111101100000111100001000101110
00111100001010100011000011110101
10111101001111011101110100110001
10111011000111100010110110100001
00111011000110101001100110000001
00111100010100010111111110100101
00111100100000011111001111001101
00111011100110101100011001111110
10111100101011011010001001010011
00111100101011110010100011101110
10111101001101001010000110110110
10111100000000011011101010110000
10111100101100001100111111001000
00111011010100000100010000010010
00111100111001000000100010100010
10111101010100110100000010011101
00111100011101111000111010011010
00111101100010101111101011101010
00111101000101011011111100001011
10111011010111100001001110000011
00111011011011011011100110011100
00111100100111001001010100111001
00111011010001011011010000101110
00111100001000011010101011010101
10111100101111100100000001010001
10111100100011111101000101101011
10111100110010000110010000001000
10111100110010110011001100100010
00111101000111111100100011100111
10111100001100000111010101100000
10111100100100110111001100010010
10111100111001001100110010100110
00111101000010101100110001010001
10111011101001111101011100011101
10111010100001110011001110111100
00111100101010101100111011111011
10111101000110101110010011111101
10111011110101101111000101101011
00111010110000110010000000110110
00111101001000101101111110110000
10111101011001111111010001100001
10111100111011010111111010001111
10111101000010001100001110100000
00111101000010000110000111111111
10111100110011010001011000101111
00111100110001000100010001001111
00111101011011001100011101110010
00111101001001110000101011000000
00111100101001110100000000001101
10111101010101110101011110110001
00111100000111110001110111111001
10111101100000001101010100011101
00111011001110111000100100111101
00111101000101010011111010010110
00111100101000100001100100111101
10111100100101011101110011110011
10111011101100100110010000100101
00111101000010100110100010101011
10111010011111101001010000101111
00111100001110100011011001101111
00111101011100011100000001101001
10111011111001000110101111110000
00111100101100000111001100000101
00111101000110001111110101111000
00111100101101101100100101101010
00111100001011100011101101010000
00111100101010001011100111100010
00111101011001100001001011101011
00111011111100000001100110111110
10111100100100111111010101011000
00111100101010011011111100101100
00111100011001010001101111011000
00111100110110011011110101101000
00111010011100111001110001100111
00111101000000111001011010000010
00111101100111010110111011111111
10111100010011001001100100000100
00111010100011110011010010010010
00111001100011000110011100001111
10111100011010110110010110111101
00111100100011001101110101111101
10111101100101100011111000111111
00111100000111000100001101101000
10111100101111001100000010000011
10111100111111001001000010111010
10111101000001000101000001010100
00111100101001001010110011111011
00111101000001000000100001110110
00111010101010101000100010010101
10111100010000001101000001000101
10111100101010100110100001100011
10111011110000110101011110001100
00111101010000000011111010110110
10111101001100000000001101110100
00111101001000001111011001001001
10111101000011100110110011000100
10111100100101001001111110100111
10111011001101110110100010110011
10111011100000000001101111011110
10111101000110101010101110100101
10111101011111001010001111100101
10111100110011011010101000011101
00111101000000001010101110010110
00111101100110101101000101101110
10111100100001011100101101101100
00111101001111100011000000111010
00111101011011100001010001010000
00111101101010001110010111001001
00111101100101110101001110100001
00111101000111111000100010000010
10111100100001001010011010110111
10111101011111111100000101101011
00111100000000100011000100101011
10111010011100100011111101100000
10111101100100001000000001111110
00111101010110010110000100101100
10111101000000010101000010111001
00111011001111011101111001110111
10111100110110010100011011011001
00111100100000101100000101110110
10111011100010100011001101011000
00111101001000000010100000111000
10111011110011001000110011100010
10111011110101110000111001011001
10111100100110000000001001010000
00111100000000000110001101111001
00111011011110101001001111000001
10111100100010000101111100111001
10111100000100111000001001001101
10111101010111011110011100101010
00111101011011101111100100100001
10111101001010100000011010010100
10111100000010000010000110001100
00111101010000010010110011111110
10111100101000011110001110111100
10111100000100111101010110011000
00111100110001110111000001111101
10111101011001011011100000011110
00111011110001000101000001010010
10111101000011010000111110011110
10111100010000100110100000111111
00111101001000010111100101010010
10111100111100000111111101000100
10111101001000011101110001111010
10111100011110010011010010000101
10111100111010110110101100000110
00111100011110000001001010011101
10111101001101000101111101100101
10111100110000110001011001111010
10111100011111000001111001100011
10111101100010101001001100001010
10111101101010010101100011011000
00111101000000101011110000001001
00111100101101000111101100111000
10111101100000001000011010001010
00111100110011110011000001010110
00111100010010011100011111000001
10111011010111111011011010000101
00111101001100000010110110010110
00111011111110010111110110101101
00111100111111111111010100010111
00111101111010011010100111011010
00111101000001011010101111010100
00111100100000001010100000010111
10111100101011101000110001000110
10111100100010001111000111010010
10111101000001111100111110000101
00111101001101101001011011100101
00111101000010101110000110110000
10111101001001011001101011110100
10111100101010011010100101111010
00111101001001011000110001110100
10111101001111010100100001010010
10111010111010100011010111000101
00111100001111101101110101110011
00111101000100100011010011001110
10111001100001000111001111101001
10111011010000111011111100011101
10111011011000110011000100110111
00111101000010011001011100100101
00111100111100001010101010110001
00111100101100100111000110111010
10111100001011111010111101001110
10111100111011101100010010110000
10111011111010100000000111011100
10111101100000011100001011110001
00111100101010011111111011011111
00111011111111101011001000101101
10111011010110101110101010001011
10111100001101101101001011111011
00111100101101010110011000011001
00111100011011001000100001001110
10111100101101001110100110110010
00111100100100000111110110111011
10111100110101100010011010010100
00111100100110001001100101110010
00111011111101010101101100101100
10111100111011101001110011100111
10111010101100101011100100000110
00111101010001001101011100010110
10111100000110000110100100100000
10111101000000000001100111000111
00111100000000100111011010001011
00111100100010010011010100100100
00111100100011110111101110100110
00111100110111101011010110100000
00111011000011010100001101010100
10111100101111001110101001010001
00111101000010000011110011010001
00111100100011000100011110101000
10111101010100000000101111111011
00111011100101110000101001001001
00111100100111110010011101100011
10111101001000010100000101111001
00111000100100010011110010000111
00111101001001100101101000010001
10111011000101000100001010101100
00111101010110100101101110001010
10111100111110000101110011101111
00111010100000100111111100001000
00111100110100011111000010110000
10111100010111001000101100000100
00111100001111001000110011001011
10111011010001111110110111110101
10111100100110000010100001100001
10111101000010011011001111111001
10111011111100100101111000101011
10111101001010001101010000000101
00111100111111101001011010111001
10111101100000100100011000011010
10111101011001101111101010110010
10111101000001010010110000111110
10111101001101111001101111010010
00111011101000010000101111001011
10111101001010011111111000010001
10111100111110001010000000100011
10111100001111001101010010100011
00111101000001011010011000111000
10111101001111100110101001101101
10111100101001101010111101010100
10111100101111111000100101110111
10111011111001111100001111110001
00111011010101100110100100101010
10111011110001110101100111100011
10111100101100011011001000001010
00111011001011011101001010100111
00111101001110110001100001111001
00111101001110110001011101010000
10111101000011100001101000110111
10111101010001001111010000110011
00111100111110101110110101011100
10111100110100111111101010011111
00111101011001100010110100010101
00111100110001000111000110101111
00111100101111001001100000001000
00111100110101101111111111011000
10111011001011100001111100011100
10111011100110010100101001011101
10111101001110100010110110011011
10111101000000000011111111011001
10111100000111000110100010100000
10111101001010101011111111010100
00111011100100100010000000001110
00111101000101110000010100001000
10111100101011101101111111010000
00111010010100101110100101100010
00111010101011000001100110010101
10111100100011110100000100111000
00111101011011010011001010000101
00111010000010111101010001001101
00111101000100101001001111001100
00111101100001010011111001111111
00111100110110010100001101101011
00111100100010010111010101010000
00111100111111100010101010010101
10111101001011101110111010111001
10111101001010000000011101000001
00111100111001111000011101100011
10111011101010101111101001100011
00111100010010010001000011010101
10111100101111010001011100100100
00111100101101000011111000010010
00111101011110110010010110111111
00111101001000010010010110000001
00111100101001011010011011011011
00111100101111001010100011111100
00111100011011100010101100101111
10111100100011110001010001010111
10111011110010101111010001001000
00111100010001001001101110111011
10111101001100000111110110111111
00111100010110001101101011011101
00111100111011001010011111011001
10111100001001111110010011001110
00111100011010101110111001110000
00111101001000111010110010110001
00111011100011001100110011101010
00111101010000111001111100001000
10111100110100001111111000000101
10111100100001110010000110000110
00111100101011000100001111011111
10111101011011110010000101110101
10111101001100000110101000000111
10111101001011101001000101100111
00111100001000001000100110010111
10111100100011011110101110010110
10111101011011100001111101000010
00111100101001011011001110100010
00111101001101010101010101000000
00111101010001000000110000110001
00111011000010000111000100101010
00111101010011011101001101110000
00111101001110101110011000100101
00111101010100000110100010000110
00111101001111001000000110110011
00111100111011111000010001000111
00111100100010101101010011001110
10111100110010010110010000000110
10111011110001101010001010001010
00111101000111110010110101010011
10111101000010011001101111101100
10111100111101110111000000100110
00111100101011111101111110001110
00111100010111011000000100110010
00111101100111000000100001010011
00111100011110101010000001110000
10111100000000100010101100101111
00111100100010011000111011111111
10111100110100111111010010111010
10111100111000001010011001001111
10111100110001001101111011011110
00111100111001100001001110000000
10111100110001101110010001110100
10111011100000001001101001100010
10111011100000101110011010100100
10111100111110010011011111110101
10111100101110000001100101000001
10111101000111111010101101010010
00111101000001000011001001000010
00111101000011011111101011001100
10111100000100001100111101110000
10111100111101111101011011100010
00111100100001010110001111111011
10111100111101110000001111001001
10111100001101110010110101011010
00111100110101101110011110100110
10111100101100001001110111000111
10111101000011010100000111110100
10111101011010101000110110011110
10111011101110011111001100001001
10111011100011100000100011000011
10111101000011000111000111100011
10111101001101010000011101000010
10111100100100101110101011101100
10111100001010011110110001110101
10111010101011111010101110001111
10111101100000110000000101111011
00111101010101000011100011110010
10111010111010110010110001000000
10111100010110010010100111111101
10111100101101001100111111110011
00111101000100011000011001111101
00111100100011010011011100101000
00111100100010110001011000011000
10111101000011000110001100000111
10111101100000100100101001001011
00111010111000110101000010010010
10111100101001100111111111110111
00111100110100000101100001010101
00111101000000111001110001101010
00111100001011110101011000111011
00111101001100110011100010000110
10111101101001100111100110010011
10111011100100101000100011001110
10111101001110110010011010000100
10111100111111100001111000100110
00111100100000100110111101101111
10111011001000100010001110000001
10111011111011001111010001001010
00111101000111011110100110110001
00111101000010000101111010001000
10111100111111101010010010111111
00111011111010110100011001011100
10111101010111011011100111111111
00111100111000100011000000101010
00111101011101101110111111001011
00111101010111110000110110111011
00111101010010101010000000001101
00111101100000010001011111011000
10111100100111001000011101100011
10111100100001101100001000101010
00111101011101100001000000011010
10111100110000100000010011101110
00111101011011011010011100001111
10111100110011000110110001111101
10111100100110101011100111110101
00111100000000100111001111101101
00111101001001100111011000100001
10111101011001101000001010111010
10111100010000101011000011100110
10111100111111111000001100001000
10111100100010000100101011011000
00111101001110001110010001001001
10111101000010110000100010110110
00111011110110010011010011110111
10111100001111010001101111011110
10111000111010000101101010100101
10111101011011111100100111100100
00111101100000000001011110011101
00111100010011111000101011000011
00111101010101111100011010100010
10111100110001010100000110001101
10111100111011101101001011001010
00111100010100000100001110011011
10111100001001100100110101101101
00111100100000010011000001010000
10111101011001011000010000100010
00111100011101001101100100110000
00111100110011001110001001000000
10111100100000100101100011111100
10111011000000001010011011101010
00111101010100010100100001111001
00111100010101000011100000100111
00111100011110100010010001011010
00111100001100000100001001001011
00111100100010110010000101011000
00111101010011001001110000100011
10111101010001101111010010010001
10111011100011111001111100010110
10111011110101011111100001101001
00111011100110100100000010010101
10111100110010001010100111010101
00111100011110001101010010010011
10111100000111011000101011010001
00111100110101000010011100011110
10111100101000000111110010110000
00111000110001010000011010101000
10111100110000000110111111110001
00111100100101101111010111101101
00111100110011011001000101110110
10111100101000111111001010000111
00111100111000000111101100011101
10111011001110000111110011010110
10111101110010000101011111101111
00111011001011111101000101100101
10111100110000011111111001100100
10111101001001011101111110011100
00111100000110001101111111000111
00111100110100000111111100011101
10111101010111011010110100101001
10111100110001001101100010110110
10111101101001011110111001010100
00111101100100101100001011000110
00111101110100001111000101010011
00111101011111110111001001100011
00111101010001010111111101010011
00111100011110001000000100011100
10111101000001010110011100110110
10111101000011101110011000010110
10111101010000110110110001100100
00111101011001011110011000001001
