10111100000001011100011110011100
10111100101011001101001011010001
10111101011111111101111011000101
10111100100100001110001111101011
10111100101011101100110111101100
10111101001010101100111010101111
00111100001100110011100111110000
10111100100001010001001011010001
10111101100010011000001011111101
00111011101111010100110110010000
10111011110011001101011011011111
10111010111010010110000101101111
00111100000110010001001110110000
00111101000010011000101011100100
00111100011010110110111000011000
00111101000011101111101001011101
10111100110101100101010101110011
10111100001100001011001000010101
10111010110001011100001101100000
10111101000000010000010000010101
10111011100011010100001110111000
00111101001001111010000010000110
00111100101101000100000010011110
00111011101100010001111001101011
00111101000010111000001110110101
10111101010101100110011110110101
10111100101001011100100111011101
10111100010010100101001011100010
00111100001011110101001000110111
00111101001110100101100011000100
10111011000101111001011110101001
10111100100100010111110011010111
00111101000111000001110101101110
00111001100000110111000000001111
10111011110010111000000110100110
10111101000001101100101000110100
10111101000011011000000010100000
10111011100000101011111001111010
10111011111110101011000110110011
00111100111001101110110000110001
00111100110101110000101000010000
00111100010101100111100110111110
00111101000110000001100001110000
10111101011001000100110001101111
00111100011011000010000100100001
10111101001101100010000111110010
10111100101010101000011001111101
10111010010111011101110010110001
10111101010101100000100001101001
10111100001110011111111011110011
00111100101100011010110011110011
00111100000110101110101110011010
00111100100010101001000000011100
00111100110111000101000111011111
00111100100010000101011010101100
10111101100010101101111010111101
10111100101101101101100111110100
00111100101010000010110001000100
10111100100001100100101101010110
00111011101000110110001010010110
10111101010001001101011110001010
00111100100110010100111101000110
00111100001111101011001110101100
10111100100101000001111000011100
00111101000101011100011000011110
10111101010100100011001101111110
00111011110001000101000111101110
10111100001111001100000011100000
10111100100100100011100111000011
10111100001000010011110110100000
10111101011010111100110101010110
10111101100000111011001011100001
00111100000000100011001000101000
00111011100111010111001011001000
10111101100001101110000010000011
10111011100001100110111111101000
10111010010110000010101001001100
10111101000011010110100111001011
10111010000110011000110011111000
10111100111010010010110101011110
10111101000010111010110101010011
10111101001010011011001101110101
00111101000111011100101101101001
10111101011111100111000110101011
10111101100010001011001010110000
00111100111001100100110110101011
00111100111011000100110001001101
10111011000110011101011100000000
10111100101001001101111111011101
00111101001011011100011011001010
10111101000110010100011010000001
10111010000110001100110111111010
10111100111111000100110010100100
10111101011010011001110000000010
10111100010001101010110001000010
00111101000011011010110100110010
10111100001010000110011111001001
00111101100110100010010001001111
00111101011000010011011001110011
00111101001100000101100000010010
00111100001100110101100101101000
00111101100000000110011010110110
10111101010111111010001100101111
00111100010011000010110101011111
00111100111011100101110100010101
10111100001100100101001011100010
10111101011010111001010101101001
10111011110010011111111111100110
00111100011001011000000111001110
00111101001110111101110000100000
00111100110011110010100011111111
00111010010110000101110100111000
00111100000011101001000010101000
00111011000100111010010110101110
10111101011101011111101010001010
10111100110001101001001010110110
00111100111101110011001110000110
00111101100101100111100111001110
00111100101000110100000010101101
10111011101011101110001110011110
00111011111100011111000011011100
00111100101011010001101010100110
00111011111010111001110001100110
10111101100001110000001011100000
00111100101111111011100010001010
10111100001010011000111111010011
10111100110011100110011010100111
10111100001100110011010100011001
00111100000001111010110111010000
10111011001010000010011100110011
00111011010001011011011001000101
10111101000010011111100011111100
00111011000111100010111100110111
10111100101100101101001111100100
10111101000000111100001000111010
00111100100000100010101110000000
10111101000011111110101001110111
00111100110111011100100010000000
10111101000010101001111100011011
10111100101000100110100100101111
10111100100110000111010101101100
10111100100100010111010111110111
10111100110011100011000011110101
00111101101100000111001010101010
10111011010001011001000110000001
10111100100010010111100000001111
10111100000010010001010001010001
00111101001111110000010001111111
10111011101111000100000110010010
00111100111010101000000110101100
10111101000101100111010100100000
00111010101000011111101101111110
10111101001100100011101011010001
10111100110110000101010110110110
10111101011001010000001010011110
00111100001100000111000011000101
10111100101111001000101000010101
10111101000010111000010100000000
10111101000100011100110111101011
00111100001101011100100100000111
10111101010000111010101011101111
00111100110011100001010011111101
10111101001110011110101100101101
10111100011110100111110100110010
10111100011101100010001101000101
10111100001011111111101100000101
10111100101100000001100101011010
10111101100010111100010001101001
10111101000000000011110000110000
10111100111101100000000111110101
10111101010000101011010000110101
10111101000011001001011010001101
10111101010000010111011010100011
10111010011110110010000111111101
10111100100000100100111101110011
00111101001011001000111101010011
10111100011100000101001000010010
10111100100100110101101000111011
10111100100110110001110010011001
10111101000010110000001010011110
00111100100100000001001010010000
10111101000101000111101110100010
00111011001000110101000000111010
00111100110011110110010110010101
10111100110001000101010010111010
10111100011000001010100110010110
00111100011000100100101001000001
10111101010101001111001100000110
10111101010100010001000000010010
10111100101100100000001010101011
10111100010110010010000111110100
00111100001101111001101100001011
10111100101001011111101000101000
10111100100111101101011100011000
00111011110011101110001010110101
10111101100000110011000111011001
00111101000001101110101011001001
10111101010111011101100101110101
00111100010110101100111111110011
00111011110000001110011001111100
00111100101111100010100100100110
10111101001100010101011001100101
00111101000011101001101100000011
00111101000111111111111111011000
10111011111101111000110011001111
10111100101000001001010101000110
00111100110001111110011111101111
10111100111111010011010010001011
10111101010111101100110101000101
10111101010001110000010101101110
10111100100111110000001100011001
10111100111000001001111111101000
00111011110010110101000110001010
10111101000011111101110100111010
00111101010001010111100111101000
10111100101110001001000011110001
00111101000010011000000011001111
10111011000111001010010110011010
00111100001001000010101011100110
00111101000010111001001110100011
00111011110001000011111011101111
10111100110001110000001001010000
10111101010111110110010110011100
10111100011001000111000110100000
00111100100010111001100011110011
10111101011101000111010101111001
00111100100111001011100100101100
00111011111110111110101010000011
00111100011011000110001011101110
10111011100101101101110010001010
10111100100011111010101111100100
10111100100101101100111100010010
00111100101111010100101110010001
00111100110110111101000110111101
00111101000011101001010001010011
10111100000100100100111000110001
00111101000110101010111010011110
10111101000001100100100100101001
00111100011011110110011000011000
10111101001000110011111111000011
00111101010101010001110011110010
10111100010010101010100101010111
00111101011000101101111001101011
00111100001110001000001010100010
10111100100000001111100101101000
10111100001100011011011011010110
00111100100010000101111101001011
00111011010011111111111001100101
10111101010100111110010011000000
00111100111110111000011111000001
10111100000100101000010110001100
10111100110111111101010101011011
00111101110000011010010110000000
00111101100011101100111010001001
00111101000100101001011100010100
10111100101110001111010110100100
00111101001101010010101110100011
00111011101101001100001001111101
10111101000000101000100111111111
10111100100000111000001110101000
00111101100001100111101010110100
00111101001101011100110110010100
00111011011111110010100100111100
00111100100011111110000101011110
10111101011011011001011010010111
00111101010100101100111101110001
10111100001011100110000111000010
10111100010001100011010010100100
00111010111111110000001101100000
10111101001101001000001101000000
10111100111111110100001111010101
10111101001111110000101011011000
10111101010001011011001110011011
00111100010101001000110010101001
10111100101010111001001000001000
10111101001000111000010011111100
00111100100111111011011000001110
00111100010011011010111010000110
10111011100110001101100101111000
00111101011111111011000100101110
00111100101100001011100100011101
00111011101001011100001111000000
00111101000101001001001011101101
10111101001100101010111010001100
10111101001001100111100001100101
10111100100010011110110110100010
10111100000110011100100110101001
00111100001011010100000011011011
00111101101011101111000100000110
00111101110000111100101100000001
10111101101011010110001011010010
10111101010010000110000110000101
00111100011101111001001111110101
00111101000000110110011011101010
00111100000010100011000111011011
10111100100110110111100010001111
00111101011011101011100000101010
00111100100011110111101101101100
00111100011001011110011101101111
10111101100000100100010100010011
10111101100001110001110110011011
10111100011000100111010000000111
10111100111110010001101010001000
10111100010000001101111101000001
00111101011111000101110000010111
10111101001011101010001110100111
10111100100110001101000010111101
10111100011001101100110011111001
10111101001000010011011101100101
00111100111011001111001011000101
00111100111110111101011011110101
10111101100011000101001000000010
10111100111011111101100110101000
00111100110010000101001000010010
10111101100101011000001010111111
00111001100111011010010001001111
10111100110011000111101010110000
00111101010010101000000100101101
10111100010110100111000001010011
00111100100001100100111100010100
00111101000010110010010010110110
10111011001011000101101000100110
00111100101100111011110001001100
10111100111011100101011110010000
00111101000111110001001001110101
00111100000010001100011101010101
00111101001101000001111101111000
00111100111001010000111111111110
10111011001000000101001001101110
10111101000110010111110100001000
00111100111110010110111001000111
10111100110110010100011111010100
10111010110011101101001100111000
00111100100100001101000110100110
00111101001101101001111101011111
10111100101100111000001100101010
10111100100110100010111111010101
00111011000111100101010010111001
10111100111000110011001101100111
00111011011011010101000000001001
10111101000001000101111110110010
00111011001100101000100101010010
10111100111101110000010000011000
10111100010011010110100101111100
00111100000111010000010111111011
10111011011000001000111000010010
10111100010111100000100000110001
10111101011110100100011011101011
00111001100011000111001100110011
00111100100111111111011010100011
10111010000011001111010110001101
00111011101011000111111011110001
10111100001010101101000000011100
10111101011011110101110100101111
00111101001111111111000101101010
00111100100011011111011001110111
00111101000010100001111111111100
00111101000011101100110110100111
10111101010111110111011111110111
10111100010001101010010001010110
10111100010110000110110011000001
00111100110000001100101001001111
00111101000101011100000101011001
00111010101010001101010010001011
10111101000011111011101101001010
10111101000001000001110001101010
00111101000011011100011110010001
10111011001001100101110010001010
00111101011001011100010111100011
10111011100000110110001110100010
10111100011101110010001011001010
00111100100000011001100011111000
10111101000111111100100100100111
10111010101000011011000000111011
10111101100010001001010110110110
10111011001110101111110001100100
10111100110000101001101101000111
00111100111001000110010110011110
10111011100011001111000001010111
00111100001100010010100100110010
10111100110110100010010000000110
00111100001011101000110101001100
10111100010001011001100111111011
10111100001000110001000000101100
00111100111010010100111001011000
10111100001101011111010011011100
10111100011111011000001111110001
00111100100010001001001001111001
00111100001110001011111100011010
00111100110011100111011101001110
10111101000010101111010100100010
10111100000111011111100011100001
00111101001110001100110011110011
10111011010001110011000101110001
10111100101010100110100000111010
00111011110101011100110100111001
00111100101101111111000011111111
10111100001111011001010001011011
10111100100010110110000101101001
10111101100101000101001111100001
10111011100100011111010111100011
00111101001010000001111001011100
10111100110000100101110100010011
10111011100110010001101000110110
00111101010110010011110100011010
00111010100010101000111100010111
10111101001100000010101010000100
00111101011010000000010111010000
10111100000000110010110001000101
10111011111110000110100111010001
10111101010011101000101011011100
00111100011101001011111100101101
10111100000110101101101110100010
10111100011011011100010001010111
00111011011011110001000110011110
10111100010111101010000101101110
00111101000001110111111010101100
00111100101001100110000000101011
10111011110011010100010110100110
00111011110010100101111010010010
10111101010010100101110001101011
10111101011010110011111000100001
00111011010001110001101110110111
00111101001001011100000010001111
10111100110110100000000100111100
10111011011010000101110010000010
00111011011110111011001001111001
10111100110110110000100101011101
00111010011110110110111101110100
10111011001001001000111011111011
10111100101011111010111011000101
10111100101111100101110101001010
00111101000111100010001101101110
10111101000011101000011110010001
00111100111011100001100110011000
00111101010010101011101001000110
10111011100100100001000101101010
10111100000101111001110000110100
00111011110000001000110110010011
00111001001100001011101100001100
10111100010010100110111010000111
10111100001010000111100011011000
00111100011011101011010000010010
10111101011100001010001111100110
10111101000100101011010111011100
10111100110101111010101011011110
10111100100000001001100001100000
10111100010111000001100101111100
00111100110011110010001000000110
00111101011001101011010101000101
10111100100001111101110110101010
00111101010011111110100101000010
10111101000000010111101111101000
00111101011010010110000001111000
10111011110111110001101110100101
00111101001001000111110001101100
00111101000011100101110000111110
10111100110010100011100110001111
10111101000011110100100100101010
10111101000001001001011010001010
10111101100110111111000101101101
00111100110101010101001110011010
00111100111010101000110111110000
10111101000001111000011100001101
10111100101110101001110100010101
00111100111010100010010011011010
10111100100000101110101111101011
00111101001110110001000001001111
10111100110011011001111011111000
10111100001110110010011101000011
10111100101010000000111101111111
10111011101101110110011101000110
00111100000001000000001001100000
10111011010010010100101100101111
00111101000000010000100011110011
00111100000111101010101100011110
00111101011001100011111000010000
10111101010010100101101111001011
00111011011100011000011011000110
10111101010001011010111111100100
10111100000111101101010110011010
10111101001010101101011111101011
10111100101111011110111001001100
00111100100111001001100101110010
10111100110000000001001001100000
10111101001001010010101010100101
00111100101100100001100010110111
00111101001001101100001000000001
10111100001110010011010100110110
10111100111000101101011110001011
10111100000001110110010110101111
10111100100010001011011010001101
10111100110100001000111011000000
10111100101000011000011001110111
10111101000001111001011101001000
10111100110000110111010011110110
10111100101011111111110010101100
10111100110110110010001101110011
00111011110010111011001101101001
00111100011011101100111011010101
10111101000011111110101100110100
10111101010111101001001100000110
10111011001101100011000111110110
10111101101000010100110000010111
10111100011000101110010000001101
10111100100001000100010001110010
10111100001000110110010100110100
00111100100001110000000100010010
10111101000100110111000010000001
10111100101010111000000110011001
00111100001000101000111111000111
00111100000001010000100011011110
00111101000011101100010010000111
10111011110100010111110010001110
00111011000101101011001010001010
00111011100010001110111111000101
10111100100101100000001010010100
10111100101000010011010000011001
10111100110100001110011001111101
00111100110001101100000000101011
10111101000000111011000001001010
10111001100101010001100011001000
10111100111000110101011111011011
00111100010000010100011110111001
00111100000101010011001110111110
10111100101011001111011001111011
10111101000010111011010011100001
00111011001010001101100001000011
10111100011011110111110010000010
10111100000111111010011110010101
10111011110111010110110110100001
10111101010011101111011010000111
10111011111110001001001111000011
10111101000000001101001101001110
10111101001010111110000101101101
00111100111110100111011011000111
10111100101100010100101010011011
10111100110011100110101101011000
00111101010001110101111101101001
00111100000100101100001100101010
10111101001101101100110100000100
10111100011110100100110001100101
10111101011110110101010011100110
10111101000010000111110111010011
10111100110110010000110011011011
00111100011111001001000000111001
10111101000100000111011110111011
10111100100010011111011100111000
00111100001111111101000011010101
00111100000011010111010101000010
00111101001000111100011111110001
10111100100101000111111101110111
00111101001011100010011100111101
10111010101101110101001000100010
00111010011001000000111001110101
00111011111101011011001101100111
10111100110000011111011101101000
00111100001100000110011010100001
00111100100100101110010100000011
00111100000101001101011011010000
10111100000111011111101001010001
10111011011010100001101011010110
00111101010100011101110100101100
10111011001010101011100111001111
00111011100110001001000111000111
00111100000110000111010010111001
10111011111110110010001101110001
00111101000001110001101000011010
00111101011010000101111011111111
00111101000111111010100101111011
10111100111000000111100100011111
00111100100001111111111111010001
00111100110000011100000000110011
00111100100101000000101110000100
00111101001110010101010000001000
00111100101110110101100100101111
00111101001001100110110010010001
10111100101101110010100010011111
00111100110000000100000101011101
00111100000011011000110100010001
00111011001101001101101110111100
00111101000000110110101111111101
10111101010011011011111000011000
10111101001101111110001001001100
10111100100010110110000000010110
10111011011010001010110001000000
00111100010000111010101001000010
10111101100011110100101001000001
00111010000110110101010110111011
00111100100111000010110100000110
00111011011011011000011101001100
10111101000110100000000100011110
00111101001010001010101000000001
00111101010101110101011000001101
10111010000011100001101110010011
10111101010101000101010111001101
10111011100001011011110010001100
00111100100001110111110111111100
10111100101111111101011001011101
10111100001110010110110111111000
00111100100010011010011011010011
00111101101111000010101110010101
00111101000101100010011111110000
10111101100010011110011001100000
00111100110111111010000100000001
00111011100011010010100110000111
00111010110110101010101110011111
10111101000011100000111000001010
10111100110101001011001000100000
00111101000111000100101100001000
10111100101100111101000001110010
00111001010010101101000101001010
00111100110001010000100110011110
00111100011011011010101110010111
10111100100110111111101101010101
00111101000000101000011101111010
00111101000111100110000110010011
00111100001101111111010111000011
10111101011000110100011010110001
10111101010100010110011010110001
10111100100101100001100111010001
00111010111000001110001101000110
10111101011101101101100100110111
10111011110111000101001000111110
10111101001010011001000111011010
00111101000111101010011101001000
10111101001011110100011010001000
10111100000010010100001101110101
10111100101110110110000010100001
10111100100100101001011110001110
10111100101000100001001100111011
00111101010110100001110111000011
10111100111001000101010001000011
10111011100000100011101101011100
10111100001100101011111011110110
00111011000110100111100001001010
00111100100110111011001011011001
10111100011100110111100001110010
00111100110011101001101010110000
10111100110011100100010000011000
10111101001110100011101110110100
10111001011000010100110100111001
00111100010000111110001010011100
10111100111000101011000000011001
10111101000010111111110010101011
00111100100000001001001001011011
00111101010010010110000000010010
00111100101000000100011101100110
10111100001000101001111101101001
10111100111001110100000100000101
10111101010101001010010011011111
10111100101010100111001000100100
10111101000000101100011000111100
00111100111011000111010001010101
10111011100000101101110000010001
10111100110010100111001001101101
00111101100111111111011000000001
00111011010000000000010101110101
00111100001010001101000110010011
00111101010100011011011110110100
00111100001000101110011010100010
00111100001001110100110001011000
10111101000111101001001011011110
00111100100101011001010000001010
10111100011001110101001110000011
10111100101101101101111111011100
10111100111101011101001011000000
00111100110001101100011100101010
00111100010101010110101010010011
10111100011101111110101110101001
10111101100010101101000011100001
00111100111011110110111011100100
00111100100011001101001101001000
00111010100001001111101010111101
10111100101001011011111110010001
10111011000000001011111101010100
00111101011011011011010000010110
10111100101001011100111110111001
00111100110000101000010101111000
10111011111111101001101110101011
10111101011110000011001100110000
00111101000010000101010010100101
10111101001100100100100100100111
10111100001000101100000110101101
10111100010100111101101001011001
00111101010101001110011110011010
00111100011011100110001000110001
10111100100110010001001110101010
10111100100000111111010001011010
10111100001101001110000100011100
10111100001010101011001000000111
00111100011001100110011010000101
10111011110011001111001000011010
10111101100100100010111001011101
10111101001110000001101011111101
10111100110101000101101000001011
00111101000011110101111000100001
00111101000010100110001010111000
10111101000010101011100011010010
10111100001011111010110001110101
10111100111111000010101101101010
10111100111111100111000001101111
10111011011000001001101101001010
10111100111101001010111000001001
10111100100101000100111000011001
00111100111010000000000011000001
10111101000001010000000101011111
00111100111101100111101011000101
10111100010001110000001010000010
10111100110001101100111111110010
10111100101100001100011110110110
10111101001000100000111110101101
00111100011000100010100100101101
10111100110001111011100110010001
10111100111011000011011101001001
00111100111100001100000100100111
00111011011111010001000100110111
10111100000111001111101010010011
10111100010001011001110101111001
10111101000110011111101111110100
00111100110101100001000011011010
10111101001110011111011100000100
00111101001000011000000110111111
00111011001001111011111000000001
10111101101101110010000010110110
00111101100010011010110011010011
00111001110111110111101001010010
00111100010100111011011000010110
00111101011000001011101100001011
10111010101001010101101110010000
10111100110110001100010111000001
10111101000111000100101111001110
10111100111101011111101011001100
00111100111001001010110010000101
10111100100101101010100011110100
10111100101000010010001000100001
10111011100011100111110110000011
00111101010000101001111111000100
10111100101101000010101000111011
00111101000111101010100001011001
00111011110100011011011010101001
10111100101001111110001101111110
10111100111000011101001101111111
10111011111000101000110110100011
00111100110100101111001011101111
10111101001001110101100010001010
10111100011000101010011100111101
00111101000010100110001101011111
10111101000011000110010001010011
00111101010010101100001001011000
00111101000011100111001100001011
10111101010111011000100011011000
00111100010110110101101100101010
10111100011110010100010111111001
00111011100000001001000011110101
00111101100000110000001100100000
10111101001001110001011100110000
10111101011111100001101111011100
10111100101100100011000110001100
10111001110111011100011010000000
00111100111101000101111101101010
00111100111010000100001010110010
10111100101110000010010001010100
00111101000100001000000110101111
10111100100000101000101111001100
10111100111001000001001010000000
00111100011100101111000011011101
10111101001011110011101000011101
00111011100000010011111110001100
10111101010000011011100011111001
00111100000001010100000011001111
10111101001111101111001001101011
10111101010010100100111111111111
10111101010110111101111001001011
00111101001010000011100111101100
10111011000001100101001010001110
00111101001010001110101101101100
10111010111000000001010000000000
10111101001100000101110110010001
00111100010001001000010001001101
10111100110001101110000101011101
10111100000101101010001101000111
00111011010111110110101101110111
00111011110100000011001001000001
10111100011101000010011100100010
00111011111000010001001110101010
10111100110111010000110010001111
10111101000001010000110101101110
10111100101110111010001101110000
00111101011101000011011101110000
10111100111000011010110111011100
00111010001000111001010100110101
10111100110101111001011111100101
10111100101101001001101110010111
00111010101010011000000011110010
00111101000000000010111001000100
10111011111011100011000100000101
10111100011100101000011010100100
10111101100101001011000001000110
10111101011000000001110101001101
00111101000001101011110101010110
10111100010000000100001100101011
00111101011100110010110111111111
00111101000110011101001010101101
00111100010010011101100100111001
00111100100110000001111010101001
10111101000001010110001010011111
10111101100011110111100010100000
10111100110111110000011001100100
10111100001010110000010010110100
10111010100110111011001001000011
00111100110110101011010011111100
10111100100101110111010100111010
10111100110010011111111101010011
10111011001101001110001011111111
00111101100000100110001110100000
00111101001001101010100100001100
00111101100011001000111111111011
10111100110110000110110011101101
00111100010011101011011010110010
10111100001101000110011110001101
10111100010010100101111000001100
00111011100010100101110011111101
10111100011001111110011001001100
10111101000101001011001111010101
10111101000101010011110000001100
00111010110011001101000001000100
00111100001100011001101110000000
10111101100100011010000011101011
10111101000001000101000110111010
00111011001010111110001001001111
10111011101001101011101111010010
10111011100100010000000001001000
00111101000000010110011011001001
00111101001010011111110000111101
10111101000100001010000100110110
10111101010100101101000111110111
00111100011100000010110001001001
10111100100100110110000111010000
00111101001010001011010010001010
00111100100101011000111010100000
10111100010011111010111011011110
10111001000100010110110010100111
10111011101000111010111111011001
00111100111100110110100001000000
00111011110011011001000110101110
10111101001010100101111111010100
00111100010101100000011001000100
00111101001111000000100001100101
10111100000100011010000000100000
10111101001110000110010110011010
10111011000011111001111100011111
00111100100111100001010111000101
10111100000111011110011010011100
00111100011101001110100100100010
00111101110010000011010001001011
10111011111101110011111010010010
00111011011011101010100101101101
00111101010100011111111100001000
00111010100000110000011001111001
00111100011010101101011110010000
00111101000011110100001101011000
10111101100111110110110101111001
10111100100011011001111011110010
00111011000000000100011111011111
10111101001011111100100000101100
00111100101010111000000110111000
10111101001010001010001001110000
10111101010101011110110001111000
00111011101100001010111100111000
10111101001001000111110101010100
10111010100101110001001000011011
10111011100110001000010111011010
00111001110001110011011001000111
10111010001101001101100111110000
10111100101111111101011111100011
10111100111111010100101001011011
00111011001100100110111100111001
10111101000110000001101000000000
10111101000101111111100110011011
00111101001001111100110011010000
10111101000100110101000110011110
10111100110100101001111111101011
10111011100011010011101010010000
00111100100110111100000000101000
10111101000111011100110001011001
10111101011010101000011111000111
00111101000011010110100000001000
10111100101101001011010011100010
10111101011000001010010011100011
00111100111010111110000100100011
00111100111100001110101111100101
10111100010001110000000111011001
00111100011110000101101011101100
10111101100011100101101101111100
00111101001000110011010100100001
10111101100001000011100010001011
10111001110110011101010101011110
10111100110111001010111100111101
00111101001001000110001000010110
10111011100011111011111010000010
00111011101110100100011001101001
10111101001000000000010011011100
10111101001010101000111000010001
10111100011101001100101001001100
00111100110011101100100110011010
00111011001111010100111111111011
10111100011100000010111010111011
10111100110011011011000000101001
00111101101100110110110110000011
00111101100111000110011011100011
00111100011000000100011101111101
00111101100000011011011110010011
10111101000000000001100010101010
00111100011100000001011100100001
00111101010110111111101000001010
10111010001101100101111110101010
00111100011111111000011111010101
10111101000000010001110010101011
00111101000011110011110111110111
00111100101101000000111010110111
10111101000000101000110010011110
10111011111011101010000111000101
00111011110111100101110011100001
00111100001001010010011011101010
00111101011101000011101100001110
10111101100101100101111100011111
00111100011001101111110100001001
00111011110110111111111011111001
00111011010011001000001001011101
00111100110101101101111001011000
10111100100001011001011110011011
10111101000100000001011101100111
00111101011011101011101101001000
00111100110101011010010010000011
10111100101000000111101011110011
10111101100010110000001011111100
10111101001101101001100011100010
00111101001101001101101001100100
10111011010110101001101100110010
10111000111000001100101101100101
10111101000010011010011100110010
10111101010010010101000010011010
10111101100001101010101001101100
00111011110000101011010011100101
10111100101010111010001011000101
00111100111001100100111011111000
10111101010100100000101110110110
00111100101011011000111001000010
10111100000110000101100011111110
10111100001111011010101111101001
10111101000010001111110100010000
10111100000111100110110010010101
00111101001100100000111010101100
10111011101001110011111000000110
00111100100011001101111110110011
10111100100010100111001011101111
10111101010110011110101010110010
10111101011010000101011100011011
00111011101011101010001100100000
10111100011111110101000001110001
10111101010111011101101110000001
10111100010010010000001100100011
10111100111011000011100111110000
10111101100000101011000100100010
10111100001111000000100001100100
10111100110110100101101110100111
10111101000010110111000100011111
10111101000111101110110100111001
00111100110000010001100111111000
00111100000100111000111011101000
00111100100101101100000110011110
00111100111101100110111001100111
10111100101111001000111101011010
00111101000011001011110000101011
10111100101110110010110011100000
00111010110111110100011101000110
10111101011110111000001000001001
00111101000011011111010010101001
00111101010010111111000001000001
00111011000100111001011001101010
10111100010000011110011010110000
10111101010100101001110011000100
10111101000101110101110011011001
10111101001110001100000101001001
00111101011011111100001100110110
10111100110011010101010000100101
10111101010000000011110101000101
00111011010110111010001000010010
00111100101011100000101101101101
00111101010111000010000010001111
00111101001101010011000101011010
00111101010001101001100010000101
00111100001111011001001010101100
00111100111101001111010001111101
00111011100110110000011100001100
00111101010100111011100110101010
00111101001000011001011110111010
00111100100010111111011100001011
00111100101001110011101000101010
10111011100000000101001010101101
10111101011000111101110100011101
10111100100000011110000011101110
10111101000000011110110000010011
00111100101011010011000011001111
10111101001100011011110001000101
00111100100100111111010010010010
10111011101000101001000000010111
00111100111111111110000111111010
10111101100001011110100100101011
10111100011000001101011001100101
00111011101111000111001010010001
10111101010010100010001001100001
00111100111001111000110100111100
10111100000010111010111110011000
00111100100010011100001100101111
00111100011010100000100010110011
00111101001100110001100101100111
10111101010111111001100011010010
00111011100000011000010111010011
10111101100010111001001010000110
00111100100011011010001000000011
00111101100010000100111111000010
10111011101011001001011101101110
00111100010001010000001110110111
00111100110110100011001010101011
00111010111110100000001111000100
10111011110111101100100101100100
00111010101101100111001011101011
10111101100111010010100110100011
00111101001101101001101001001000
00111011011010011000101000001101
00111011110001101001011011100010
10111101001111100101101001000101
10111101100010110010010100100100
10111101001110000101110001100000
00111100110111101011001001000001
00111100101101101010011000110110
00111101001001110000000010101001
00111010110011111011001001100010
00111010101101111000110001001000
10111101000110000010110000000111
10111101001111111010100101010010
00111100110010101010110001100000
00111011111010101001100001010001
00111101001100101100010001100110
10111101011001000010010000101110
10111100011101100010100000011111
00111010100010101000011111010110
00111100100110010110011011001000
00111100000110000101010011110001
10111100010001011011011000100101
10111101000011001111000011110111
00111100110011101101010110001100
00111100101101101100011000110110
10111100101111001110001011110110
00111100101000011010100001001101
10111100010110000000001000011111
10111100110110110110110111000000
10111100100100001110001010010101
10111101000100101001010111001111
10111101001010000000111101000011
00111100110010110101101101011111
00111100100010100001110110111110
00111011101100110011000110011011
10111101000100001110101101101111
00111011111100100100100100000111
10111100011010000000011111100111
00111100100100000010010011000011
00111101001100000101011000101101
10111101000001010100001010100101
10111100111010011011011001010010
10111100100000001110101010111100
00111101001010000011111101111101
00111100111001111011111110101010
00111100011010010001001111001100
00111100110110010001110001101001
00111100100111110100011100010011
10111100101010011111010111111100
00111101011011110001101010011110
10111100110100111100110110001000
00111100010010101010010111011011
00111011110001111011010101011101
00111010100111010001101011100111
10111101011100110100101000111010
10111100011001110011111000010101
00111100110101110001100110011010
00111100100100101110101100111010
10111100110101101000111110101010
10111011110101011110000111101101
10111100111010110111100101100010
00111011010000110001011011101100
00111101001100011110011000011111
00111100010110010100001101111111
00111100111010000110110101010111
10111100001001100100100010101000
10111101100000010011010100001111
00111101001001010010000100111000
00111100101001010111101000010011
10111101000010010000001000011011
10111100011101111001100011001010
10111101010110100111111100011100
00111011100000110010111110010100
10111011100001101000101111010111
00111100101010010111100111001111
10111100000111101010000011010110
00111100101000011111101011010001
00111011101010111110111001000011
10111100111111011011000000100011
00111101011000000111010110011011
10111101000000101101111101000000
00111101010110000101110100111011
10111100101100110010000101110101
00111101010011001100111111001100
10111101100001000101001011100000
10111100110011011011011001001100
10111001000010100000101011001000
10111011001111100100001110000010
10111101001010101111000100001101
00111100111111100110000011000010
00111100001010001010000101010100
10111101000011011011010100000010
00111101011100010010100000001111
00111100100000101011100110100011
00111100100111001010111101011011
00111101100001101011110010010011
00111101000011001010110000101100
00111100110001110001111111111000
00111100111001000001011111011010
10111011101100011011001000100010
10111100110000010011101111010110
10111100101010101101010100101101
00111100001101100001000110011011
10111101011011111101001010100111
10111100000010000001100011000111
00111100010111000010111011110000
10111100111101011101100010100010
10111100010101110000110000111110
10111100110000101000010100101100
10111100110100000011100011000100
00111010110011010001111110110111
10111100110011110100001100110010
10111011110101011100010011000011
10111100000111100111110011101001
10111100110010010001011101011010
00111100001100111000011110000001
00111100101000010111000010000011
10111101000111110111010111101100
10111100100011100010011011010111
10111101000110111111011100001000
00111100101101011001001101110101
10111101000010001000100110101011
10111101010010010011100001011111
00111100001111011101110011110001
10111100110101000101010011010000
00111100101111010001101000011101
00111101010011011001011011101110
10111010111010010010001100100111
00111100101111110110011101001010
00111100110111000001101101000100
00111100110100000011000100100001
00111101000001001111111100010000
00111100010111000011101111010001
10111100010111111110000000011001
10111101001000111000010001011001
00111101010111001000010011111101
10111101001011000010001010111100
00111100000100110000011000101011
10111100101101011001100001011110
10111100010100010001000101111101
00111100101101111000000100000000
00111100111111010111101110110111
10111101011011110010011101001011
10111100100011011101010000010001
10111101000011011010010010001111
00111011010101000000001110111001
10111101010110111010000100101011
10111100011000110011100111111101
10111101000101110100100111100001
10111101010100111001101010000111
00111001111111011010110111101001
10111101011100111011111100111011
10111011010110111011101010010101
00111010100010010010011001100100
10111101010101000001111000111010
10111101000001110100100111111100
00111100001100111110010111100001
10111101000010100110100110100101
10111100011000111011011011100111
00111100111011010000110101011110
10111011111110011111010000010111
00111011110110010000010010101100
10111101001111000000110000001000
10111101000001010000110011101011
10111101100000101101101111011100
10111101010000110110011010001110
00111101000011000001011111110001
00111100001001000010100111011010
10111100101111011111010000101011
10111100101110111000001110011011
00111101010100011001000011101100
00111101000100010100011010110001
10111100110110001011101100101100
00111011001101111000111111000001
00111101000000101100101101001101
00111101011101101110100111111000
00111101001101000011001011101110
10111100110011000010000100000001
00111100110100101010011001000101
00111011110011011011011001000001
00111100010101011110001010101011
10111011101110111001000111110100
00111011110101110101010110011001
00111101010011100100110000011101
00111101000000110000111001000101
00111100010110001111100110001011
10111101010110110010001110111000
10111100110001011101001111111010
10111101010100101110011111011100
00111100101111010101101011101111
00111101000000011011010010101011
10111100100111101000000010000100
00111100100011111101000010100010
10111100000110010000100001110001
10111101011010100100001000100011
00111100001000001010100011110110
10111101000000000011101100010101
10111101010111010001100100101110
10111011100111110011000010101110
10111101110110011011000001011100
10111101101010100001001001000011
00111100101011100111100010100101
10111101010111101101111101001110
10111101001010000101010000111001
10111101001001100000101010001011
00111100011100001111000111000011
00111101010000010000111111000001
00111100010111111010111110101010
10111011000000100010101101001000
10111010011000111101101111000101
00111101011100101110100010000110
10111011100001001011011100101111
10111100101100000001000111110101
00111011000010101001100001101001
10111100110110101101000010011000
00111100001111111100110010001001
10111010110111011010000001100000
00111011110000010101001000011001
10111100110100110001110011011110
00111011110101000101111011010100
00111011101011000011101011001010
10111101000001011010101101001011
00111101100000101000000000010000
10111100101111001011110110011111
10111010100000111111111010101101
00111100011111010111011100101010
10111101100100101000010111100000
00111100110111111010000110011000
00111100101010111001010000101001
00111100101000001100100010011111
10111100101000011100010011001100
10111101011000000101101011100000
00111100110001001011010000010101
00111101000001101011101110011010
00111100100100010011110110001000
10111101000001110100000011101111
10111100101100111010011010000001
10111100000000010011000001011011
00111100111000110011010000011001
10111101001011000011011010010110
00111100000110001110100011001000
10111101011011010011101000100110
10111101000111110000000001101100
10111100111110000010010000111110
00111011100000101000110000010011
00111100100001101110111000101110
00111100111011111101011000000110
10111011100000010111011100000000
10111101010001100110011100100000
10111100101001100101111011011001
10111100110100111010000100111010
00111101000101110010100101100110
10111101011001110100011100001101
00111101010100101010000111011101
00111100010110011111101011100110
10111101000111010000101111000010
10111011110011001110001101100110
00111100110010111101010111100111
00111011011101011011110111111111
10111101001000010111101010110000
10111100110011100001001101010000
00111101001101010010000011000100
00111011011001110000111000010101
10111101000011101110101110110010
10111100111101001100000110111101
10111101001100101001100100010011
10111100001010011011010010000011
00111011110111000000110110101110
10111100100010100011001001000110
10111100000110010110000101100100
00111100100001110001111000111011
10111010100011101110100011001100
10111101011001000111010010001010
00111100101101011111110001111001
10111101000001100111000011000100
10111100010101010111110010111110
10111100000110001110110010001110
10111100111101111001001001001000
00111100010111001101101000001110
10111101000111011110010001100001
10111101011010001100010101011101
10111100111010010000000111101100
10111101011100100100000101000011
10111100100010000001111011100000
10111100000011111110000101000001
10111011000110001100001110001110
10111100101001011111000111101011
00111101001110110011011001010000
10111101001010110011100110001000
10111100101010111011010001110100
10111100100100101101011000011001
00111100110100100110011100011110
10111100101000001111001001011001
00111101100001000000101110001111
10111100100000110111110111111000
10111100100110000111011010101011
00111101001101111000110100100111
00111100100111110110110101111010
10111100110010001011100001010001
10111011100100110100001011010111
00111101001001100100100000111110
10111101000100001001101011000011
10111011010010101010110011110111
00111010000010111001000010011000
00111100110001110010001010101011
10111100101011111111000100000000
10111100101111100101001010100001
10111100110111011110110001001000
10111100111001111010101110111011
10111100110010111000000101110000
10111101001110011010001010010111
00111100100011110010110110111100
00111100000111111101011111000000
10111100111011101011110101111010
10111101000100010100101001111000
10111011100101001010010101111110
10111100001001101001000000010110
00111100101010101111101110000101
10111011011111000111000111011101
10111101000100101100101000100110
00111100111010000101011000011110
10111010111011110111001001111101
10111101000101000000000011100011
10111101000000110000100001111010
00111101001100010001101101000000
00111011100001011000011111000000
00111101000000010101000001111101
00111101011000000100111100000000
10111100010111110111101100100111
10111101001110010011110100001110
00111101010100100011000111111000
10111101011100000010111011000101
00111101010000111111000110110110
10111100111110101110000001111101
00111011000001101010011100001110
00111101010010011001110110000000
10111100101110101101111110110101
00111101000110111101001101100111
00111101010110000011110110011001
00111011101100101001011010010011
00111010011111001011110001000000
00111011101010111110101101001000
10111100111010010110010100010000
10111100110011011100010000110011
10111100000001000110101001011010
10111101000101111000111010101000
00111100000100011010110111111100
10111100001000001100111011110111
10111100111100011100001101011010
00111011110000011011111011010000
10111100110110011010101100100011
10111101001101111110101001110100
00111100001111010110101010101100
10111100011001001110110101010001
00111100100100001111111111101100
10111100100000101001010001100010
10111101111011000011100011101110
00111101000001111100100001100101
00111101110111100111101110111110
00111100101101010010111100100011
00111100111000111001011100001011
00111100010000001111011100110110
10111100101010100000010010101110
00111101010101101000111001000000
10111100001100111011101111000101
10111100100100000000111010011011
10111101001111010111010001111001
10111100010101011100011100000110
10111101011001011000001100110100
10111101000001000000011001010000
10111011010100101010101100110000
10111101000010010010000110010010
10111100111001100000001011111000
10111101100011001010000010110111
00111101000110110101011110011101
10111100101110001101011101011110
10111100101100111001100001111100
10111011000101101001010011101001
00111011100100011111001001010000
00111011010001010000010101100001
10111100110101111010011000101111
00111100101100101000111100111010
00111100101000011011011110000011
10111101010011111100101000100111
10111100100101010111111011111110
10111101010010010010111101110111
10111100000100001000011100010100
00111100010001001111101111010000
10111101011011100110000111010011
10111101101100001110110110000101
00111100111100101111000011100000
00111101100110010110010011100110
10111100011000100101111000001000
10111100100001000101110111000101
10111101011010011010111101010110
10111100110010001111111101010100
10111100110110011111110100100111
10111010110111010001001001110101
10111100100011111000101100011100
10111100001110001011101001000011
00111100000100100001111010110100
00111011100111100011110000010101
10111100001110111001111011111001
10111100111011010110000011100110
10111100000110010011110101000011
10111100010100101110001100010100
10111101000000001010101001100111
00111100000100001110111100111011
10111101010010001001111101100000
00111011011010110010000111110100
00111100101011001001100000101000
10111100000100101010010110010101
00111100111011001001100001000010
00111011101011100101110010001001
00111100101000011100100000100111
10111101000001101111110100111101
00111101010100011010010101000010
00111101000100110001110100100011
10111101011000001111110110001110
00111100110000001010000011100100
00111100110101011111010001111011
00111100011101011010101110100000
00111011000100001111000001101100
00111101000110110101110100110100
00111100101101110010110001000010
00111100100010110100010010111101
00111101000000100110101100000001
10111100000000001110011011010011
00111100001100000010000100001101
00111101001001001101000110001011
00111011000111111101110110110000
00111100110100101101000100111000
10111100100010011011010001001011
10111100110101100001110110001010
10111100011111001000011100111001
00111011001000000101111100010000
10111100101111010011110101010011
00111100100010111111011001011111
10111100111011000000110001101100
10111011010001010110101010010100
00111100010001011011001100100111
00111011101110001000101110101011
10111101011010101010100000001100
10111100101111100001010101110111
10111100101111100111001001100110
10111011000110010001100111101001
10111100100110110001001011110111
00111011001011100110100110001010
10111101000010110101001100000011
00111011010101110100111010001101
10111100011100000101011000100000
00111100110100110011111100010101
00111101010011010001100001001011
10111101000111110101001110000110
10111101011000011111111010100101
00111100111001111100010100101101
00111011110101100001010100010001
10111100101110101010111110001100
10111100000001100110101110010100
10111101011100001010000100010000
10111100011100011111110111100101
10111101000100000011101111110011
10111101001001011011101100001001
00111100011011110100100111111000
00111101011110000001100010110000
10111010111001101001000100100001
00111011110111000000010011011100
10111101010001011000010001011010
00111100010011100011011101001001
00111101000011111000010101101011
10111101000100110011100000110000
00111011111000100101000100111001
10111101000010110000101100111000
00111100101001111100100111110001
10111101001111111100101010011011
00111100011011010000000001111110
10111101011011000110010111011001
10111101000101001100001010101101
00111100010110111000001001011000
10111101100000111010100001011100
10111011111100001101111101000011
00111101001111101000010001100111
10111110000000111001011101110010
00111101010110110011101010011111
10111101001010000010110011011101
10111101101101011011001111111010
10111100100010011011011110000001
00111100110101000011101100010100
10111101010000000001100001101110
10111100011010100110100011010011
00111101001001110111001010110000
10111101000110011100111110100010
00111100111001110011100010011001
00111101000001001100011110010011
00111100001001100011001100001111
00111011100100101000101010101101
00111100110111000100010011111101
00111101010010010010110010011111
00111101101101100100000000111010
00111100100110100001000111000010
10111101000000010110011100100010
10111101011001100001101111000000
10111101011001001000011110001010
00111101011010111110101111101110
10111100011111110000101110011101
00111100110000110001000111010100
10111101001010110011000001011000
10111100100111100010101000111000
10111011101111110010110011100110
10111100000110100010101100011100
10111100111001010010110010100001
10111101000111101101001010101000
10111100100000010010000000001100
00111100101001101001001010011110
00111101001010010110010111111011
00111100100101000010101111100100
10111101001110111111000010100010
10111100000100011100101010001100
00111100101000101101110000111000
10111011011101100100100001100110
00111100110110001100011100010001
00111101000000010010101111101100
00111010110101011011011011110011
00111100011011111001110000100100
10111101000100011000011100100011
00111011110111110101010011010000
00111100100111010101000011001000
00111011011100000100100001110110
00111101001110001000100100110110
00111011110101101011010010011011
10111101001111100111111011000111
10111101000110000101001101101110
10111100110111001100001010101100
00111100100111011010000101010011
10111100001101110101000111111010
00111101001100001001010100010110
00111101001110010101000111101001
00111010100000111101010101111110
10111100101110100010111010010011
00111101100001100001010011000001
00111101110110000001000111101101
00111100110011101111110110001111
00111100100001010010011111111001
00111101110111000110011000000000
00111100101100111011110011010011
00111100000111010010000011011011
10111100100001100011001010100110
10111101001010111111101101000011
10111100011110010101100010000010
00111100001010010000110100111000
00111011000000010101001101101010
00111100111100100000011111100110
00111100110010111010000001101001
00111001100000110101111110101010
10111100100011110101011100110110
00111101001110110010101111001110
00111101010011111001100111101010
10111101001000000101000000001111
00111011111111010110001011101111
00111011110011001001101010110111
10111101010010111100010000000111
10111101011010101010110101111101
00111101001010000111010111010010
00111101010001101100110010010001
10111101010111111011011111111010
00111100110000011000010000110100
00111100111001001100101111111011
10111101001010001111111100111011
10111101000110001100001000011000
10111011101000110101110011010101
10111100100011111010101010110001
10111100011101100000110000111000
10111100110111010001111111000101
00111100110101101110101001110100
00111101101000110100000110100010
00111101010101111111000000000011
00111100100001010000101000110001
00111100101011100000101100101110
00111100100000001001010101001100
00111101001111100101111011001000
00111010110111001010000110100011
10111101011010011110110110100110
10111100001001111010000111011110
00111100110010011100101001010010
10111101100100110011100101010100
00111101001000110100100001010000
00111011101110011010001011011100
10111100100011110011100000011010
00111011011101001010000111010101
10111101100011101011100111111100
10111100110011111010110010010010
10111100101001000011001010110101
10111101100111000011000000001110
10111101000010000000000001100100
10111100011010011001000010101001
10111101100001111111100110001000
10111100010011111110001101110000
10111100111101011110100101010111
10111101000100101111111010100000
10111101011100001001110100011011
00111100111100000011000100010010
10111100110001100010000111100011
00111001101011111110101110011001
10111100011001111110100001000001
10111101100101011110000011111001
00111100001111101100000001000000
10111100101110111110100011110010
10111101100011001101001001101010
10111101000100001011000011101100
00111010101101010001111011000101
10111100110010110000101010100100
10111100100110010010001100011111
00111011101101011000001110111001
00111101001111001001101010111110
10111100101101011000011111100010
10111100000000010110111101101100
10111011000101010110110011011101
00111100001000110011010101011111
10111100111000101010101100110010
00111100000101011110101000001000
00111100111110100011011010111110
00111100000101000010110011111100
10111011100000111101100100101111
00111011111100101101110001011000
00111100010010110111010100100101
00111101000100000010101011011111
10111100110100011011010001001110
00111100010100101111111111010111
00111100111101100111100110111000
00111011011101101110101100011101
10111101001000011100101011000010
10111100101011100011110000000110
10111100000000010000110101000100
00111100000001011111000100001011
00111010000001111111001111101101
00111010111111001001011011111111
10111100110111001011010001110110
10111101000101001101001101001101
10111101010100101001001111011000
00111100001111100001101101101110
10111101100110010111001101000100
10111100100111001001101010111111
00111101001011011011110101010001
10111101100111111001011100010000
10111001100111111100110000110001
10111101000100110011010001100111
10111100110010111110101011001000
10111100011111100110010101101100
10111101000001111111010111100001
10111101010010011001111001010101
00111100100100010100011000010011
10111101001111110101111101100101
00111100100100101100100000111101
10111100011110111010111110011001
10111100110100001010001100000000
10111011010111000011010111101000
10111100010110001111001101011110
10111101000110010101111110100101
10111011110101110101110011100011
10111100010000100101101011000111
10111101001010110101101111010010
10111101010111000011110101000000
10111101001101010001100100010110
00111100111000100111101111101100
00111100110111110110011010111100
10111100110000000010001001101101
10111011101000010111010101001010
00111100101000001101000010101001
10111100010000111101111100001100
10111001100101001010100010111111
00111100101000001011110101101010
00111100111001001100011111101111
10111101000011111010100000110110
00111101101001111100010111001010
10111100110000001000111111110111
10111101010011001011101001110111
00111100001101010001010001101111
10111011011111111011001010000111
10111100111101111101000010111110
00111101010000110100000101001100
00111100111110111010001000110101
00111101000011101000101100001011
10111101000000001100110111110010
10111011111101101110101100011011
00111101011000000111010111110011
00111011010010010001100001010100
10111100101011001000101011000111
00111100101110001010110001011011
10111100011111110100110100010001
00111100111100010010110101011111
00111011100111001000011010000010
10111011011110011010110000011110
00111011000101010011100101000011
00111100101001100111010011110011
10111100011111011010100001001100
10111101011100001000100011100110
00111101100010110100100111111100
00111100000000100001101000011111
00111100101111110010111100000100
00111100111000011111011110110111
10111011100110110011100000000010
00111011110110100100111011111010
10111101000011110111001010100101
00111101011100110100100011001110
00111101000111001011011011110100
00111100011100011011100010110110
10111101100011010011111010111110
10111100110111010110111010101011
00111100101010011111010010010111
00111100101101011011100010100001
10111100111011000101001011111010
10111011111011100111111101011100
00111100111101000001100111101010
00111101011000000111101000010100
10111100110010010110000111010100
00111101011011010110010010000101
00111101000100010110101001100101
00111100100101111011100111010100
00111100001101000011011100100000
00111001111010010001001111111010
00111100101000101101111101011110
10111101010011110010001110011111
10111101001100111010111010000110
10111101000111100101110101001010
10111100101100000000100011101111
00111100100110111100011100010001
10111101010110000000011111101100
10111101100000100100011100010001
00111100111010110001100110010000
10111100101001000111010111110001
10111100001000001011110110110110
00111100010101111101011000100111
00111100001010011100110111011111
10111101000101001101110101010101
10111100011101010011010101011100
00111101100111001110100101110110
00111100111110010011111110000011
00111010011000111010111100100111
10111100000011111101001101010010
00111101000001001000011101111000
00111110000010001011100111001010
00111101000000010111101111110100
00111100110010010111101100001011
10111101011100100101000001001001
00111101010001101011101010110111
10111100111010101000011011100100
00111101010010000111111010010110
10111101001110101000110010001110
10111011011111011101100000100001
10111101000010010110011100100101
00111100111100000011101111100010
10111101011000100011110111101011
10111100011010110101101101100001
00111100000011010101101001011001
10111100001010111100010001111101
10111011001011100000011111000000
10111100101101111101111101011000
10111100011010101001101100000010
10111101010111100010111001101001
00111101000001100011100010110111
00111011110011111010010000101111
10111101000110111111011111011111
00111100000010110000010110001111
10111101100000100000110010001100
10111101010100110010100001110101
10111101110111010111010011111010
10111101100001011111111010000101
10111101100010010010011011101110
10111100110101100100011110110111
10111100001011101010100001100110
10111100010001001111010001101001
00111011001111010111011000000101
00111101001011011101010010101101
10111101000001100111000100000100
00111011111100011101101000010111
00111011110000000001100111111011
10111100100101011010011101111011
10111101000011110110001110000010
10111101001010000111001101111000
10111011100000000001001000111111
10111101010111011110010001011110
10111011000100011010010110001011
10111101000111110000110000111010
10111101011001010001001110010011
10111100100011110100100001000010
00111100110111111010010001111110
00111011000110000000111110010100
00111100111011110110000101111001
10111100011000000110110000000000
00111101001111001010011000110101
10111101011101011001000011111111
00111100010000011101110101110010
10111010000101110001011110000111
10111011100001100100101001001000
00111010100110100101110000100011
10111100101110100001000000000010
00111101000110001010001111001101
10111101000110111001011001111010
00111101000001001000011100110100
00111101000000111101101000010101
10111101000001001111010110100011
00111100110100001100001011111010
10111100100111101001100100000011
00111100110111010011111110100101
10111101001100101011000000111000
10111100100100001110100000111010
10111101010111000010101001011000
10111100111000110010001011001111
10111011101000010011011101110111
00111100111010111000001111001111
00111100010000100110100111010111
10111100100010111001011101101010
00111011111000001100001001110110
00111101001100111001001010101001
10111010001111101010011101001101
10111100001100001100000001110011
10111011111100101011100010101000
00111100110011010011111100010001
00111100000011001100101000100001
10111100010100100001101100100000
00111100001010110000010101101100
00111100010110010000001010010111
10111101010000000111101111100001
00111100101100010101111101101010
00111101001101000011101100000010
10111011100000001110010000111110
00111100111111000110111101111110
00111100100000100110101101011110
10111100101000111010110001010011
00111010100111100111101111000110
00111100100011110011101001111100
10111100110110011000000011100001
10111101000111100001111100100011
00111100001100110100010011000011
00111100110111001010110101100101
00111100011100001011110011111110
10111100110100010110110010110110
10111101100111100011001111001110
00111100101010010110010011000100
00111100110011010010000100001001
00111100001010111010010111111010
10111100010001011101111110111000
10111100100110100000111100000010
10111100101011011000101010101100
10111101001010111000100001010001
10111101000010000000000011101001
10111101000111011000111110001011
10111101001110011000101111100000
10111011100001010010000001111101
00111101000101010001110100011100
10111100111011111000010001010011
10111100001010010100101111100001
10111101100100011000010010011111
10111101000011000001001110110110
00111100010100001101011000011000
10111101000110110011010101110011
10111100001010000101001000010001
10111101000110110000110111010101
10111101010100111010100011101011
00111101011010001011010000111011
10111100111000110101010000101010
00111100111010101001110000100000
00111101100000001001111100111111
10111100101011010101101000110011
00111101010011100110010011111000
10111100101010111010011100011010
00111100000101110101000001100011
00111100100111100011110000110011
00111100011011111011011110011001
00111100100000011111110101001000
10111100000001010010001011011001
00111100111011001000000101011011
10111101100011100001100110101100
00111101001010000100011001001001
10111010000110000001100110101001
00111100111001110100011110110110
10111100110001111101100101111100
10111100110000101111011110011110
10111100000001100110001010001101
00111100011100011101110111100100
10111100110001000001110111111110
10111100000101101000000100110011
00111101000010010011010111000010
10111010110011000010100001011010
00111011010100001111001011101110
10111101001101101100110001010000
00111101000111011111111010001110
10111100000100101010100100011001
10111100100001010110010100010010
10111100111100010001000001010111
00111100001001010101111011001111
10111101001000100001001000101111
10111101000000110010000010110011
10111100011010101101100101011001
10111100101001010010001101000011
00111011110001010111010011100101
10111011111001000101100111001000
10111100010100101101100111010110
00111100101010001011101100011001
00111100100001000100111111100110
10111100001001111101101011000100
00111100111110011011110001000100
00111010110001010001001000010100
00111101001011000100100011011010
00111101000000111010011000000111
00111100110010110001011101010010
00111101010110110100110111000001
00111101000011010001110001111111
00111101000000001001110110001010
10111101011000101000010100001111
00111100000011010101100010001111
10111101001110000111001010000010
10111101000101010001000110111000
10111101001011111011101010000101
00111101011110011011101011001100
00111101011100010000000011011000
00111101011111011010010010110000
00111010010011110101101010110111
10111100100110010011111011110111
00111101000001100001101101010101
00111100110100001100100011000100
10111101000101100001101100001101
00111101000011101100110011100101
10111100000001100001001111111001
10111011000010001100000111101000
10111100011100001110010101001110
00111011101110010110101010000010
00111100000010110010100111000010
00111101000111101011101100100100
10111101001101111000011110101111
10111101000111110111000011111101
00111101000110010101010111000000
10111100101100110011000000101011
00111101000101100100110000111101
10111011110100010011001001010010
10111100101111110100101001001001
00111100101011110110000111010000
00111011101101110000001110100010
10111011110010100101110001000110
10111101001110101000000001110111
10111101010001100100111010111101
10111100101011011010000111001000
10111101001100001001010001010000
00111101000001110010100100100001
00111011111001001000010000001010
00111011011011000111111101010001
00111100101101101100110101101111
00111101010110111100101101110110
10111011110001001001110000011000
00111011100111111111110110110001
00111101100011100001010011001111
10111101000100001010010010000001
00111100010110100110110101010000
10111101011010000001011001111011
00111101000000010110010110001111
10111100111000100000011101100100
10111011101011110000110110100011
00111101000111101100011111100100
00111101010011000110011111100010
10111100111111000101111100111101
00111100001101011101110100101010
10111101001011001101011101100000
10111101001001100011100101010000
10111100001100010111011010111001
10111101010011110100001111111110
00111100101011100101100101010100
00111100001110001111100001001011
00111100010010011100110000010010
10111101000001110110100010111110
00111101010000101011100001111010
00111100000000111110110011101001
00111100001001111111010010010000
10111101011001000101101011011000
00111100100110011111010000010000
10111101010100010011010010100011
10111100101010101100010000001100
10111011100000010010000001110110
10111100110001000011011100101110
10111100111100011110100101100010
00111101000010111011000000000111
10111101011101111101110000111101
10111101010101101101011001110101
00111101001101011110101011010101
10111011111001100101100111101100
00111101000111101100010010111110
00111100010100111011100111000101
00111100110110010111010100110001
00111101011010110000111100110001
00111101000101001111110100100000
00111100101111010101010010110110
00111101010011000110011111001010
00111100001111111110010101110010
10111101011010000000001010110010
00111101001010011100010011101110
00111100101111100111101000010001
00111100100100010100000001101101
10111101010100000001101100010111
10111011010111111001101011010011
00111100101101110110111100001011
10111100001100111001111100000001
10111101000000101111100111110001
10111101011001011101001010101100
10111100110011000111100011000101
10111011010001011001100101000000
00111101000110011001001000000110
10111100011110111000110000101011
10111100110110001101101111111000
10111011110110101101000000001101
00111100111100011100111101100110
10111100000001010011111001010000
00111100110011111011010110011000
10111100001001000011011111010011
00111010111100111111100110000001
00111100111000111101100001100110
10111011001111100011101101010010
00111100111000010011011110101011
00111100101101100111111011100000
10111101001100010011101110111001
10111100110010101111110101011011
00111100110110001001111001001011
00111011011111001001011100111011
10111100001101110011111001111000
00111101001111110111010011011001
10111100001001101001110011111101
10111101001100110000111111111000
10111101100000010011010001101100
10111101010011110110010100010010
10111011110010101001100001011010
10111101100011011010011001101111
10111101010010101000101000111101
10111101100001011101011101001110
10111100101001110100101001001111
10111101000011101110101110010001
10111010101001001111111010110001
10111011111001011101101001111110
10111011010011000100100000101111
10111011111001100110101001001001
10111011110101100001001110011010
10111011101011000000001101011000
00111100100011000001100101001000
10111101000000110011011111010000
00111100101010101111100100000100
00111101100001011100101000001101
10111101000011000110000101001010
10111100001000100111011101100000
10111100110110001110001111001101
10111101010110100011010001000011
10111100010111000110011100110010
00111100001001001111110000101001
10111100000101101001001101100010
00111011100000101110011111111000
10111101001011100100000000011000
10111101000000100011011001000110
00111100101100011010001011100000
00111100101011000000010001010001
10111100110000000110100111101000
00111100001010111111101110100011
10111100100000101111010100101100
00111101100110010110100010111101
00111101011000000111010101010101
00111011110101011010100001101000
00111100100111000000110010010100
00111100101100100001001010011000
00111100001101010000011100011010
00111101000010001000010001111100
00111101010110101010011110111011
00111101011011010100100111011110
10111101100010100111001111100000
10111101000100101110100100001001
00111011011011100000101100000011
10111100010011001100011110000100
00111100111110010001101011000101
10111101011110111010010110001000
10111100101101110100101000011010
10111011111010110001010111000010
10111100101111110001110000000101
10111000110100010001100111011100
00111100101000111011100100110011
10111010111100011000011011100111
00111101001000001100110000010010
10111011011110000001000100010001
00111101000100101011110010001110
00111100000111101111000100011111
10111101100100110001101111000100
10111011001000100101011101000011
10111011001010110001001110010101
10111101010110101101100101100110
10111011100111101110100000111101
10111100110001000001001101000011
00111101001000111011110000010001
10111100111110001111001110101011
10111100101101100011000111010010
10111011110001100111100001010010
10111101000001000101001001000100
10111100010011010111011010011110
10111100101101111001000101100000
10111100010110000000011000010101
00111101010000111101010110100000
10111011001110111100101101010100
10111101000111010100001001010110
10111101100011100010100010101010
00111100000001011110111111001000
10111100101001111110011100100000
00111010010100010011011000010000
00111101011001101111110111001100
00111100000110111110010111110011
00111100101010011101110100011001
10111011100101011000110101100001
00111011100011110111101100101110
10111100101001010001001010101000
00111101000001100000001110111010
00111101000111110001000000111111
10111101110100101010000101001011
10111101101111000011010011111010
10111101001111111011011111111010
10111101101110111110100000000000
10111100111111010001011100101010
10111101000100101110011101111000
00111011110100110110010101010000
10111101100010000110001101010001
10111100011111001101001000100010
00111101010100001011010101010100
10111100111100010001011101111001
10111101000010111101010110010011
10111101010100111101010100001101
10111100100000001001011100001110
10111101000001110100001001010010
00111011011100111110101001111001
10111100111111111001101111010110
10111101010100110010101010110100
10111101000010000010010110111001
00111100101000101110111011110011
10111101000001101100001001000110
00111101010100101101110111101101
10111011000101100000100010001000
00111001110100110100111101111011
00111100100100100000011001011101
00111011110111111101110000000000
10111100101000010011100100100000
00111100011010101111100100110111
10111011111001011101101000011100
00111100100010111010001111011011
10111101100010101011000101111001
10111101001100110011111111110110
00111100101011010110110101001001
10111101010011011111110111010010
00111100100111001010011101101010
00111100011110010001100101101101
00111100011001000101100000110101
10111100011100101011011101001001
10111100101111000111000011100111
00111011011111011111110011000101
00111100011111010101111100001111
00111100010000000010000111111100
00111101010100111000101000010011
10111101000111001101110001111011
10111011011101110001100000000111
10111101001001100100011100010011
10111100010001001110001011100100
00111100110101101010101001101010
10111101000000010000001011000011
10111101000101010010011001000110
00111011001011011101110100101101
10111101001100110011110000010101
00111101010001011011010100000010
10111101010110001010011111001000
10111101010001111010110101100000
00111101010000101000111010111010
10111010011000000000010001001011
10111101000010010010001011111100
10111101000100011100000000011011
00111101101101010100010101011111
00111101111000010010010101011000
00111100111100010110011111111100
00111101000000101110101010001101
00111100100101101111010000011011
10111100111111101101010010010010
10111100101010010001100111101100
10111011010101111110011110001011
10111100110010010000011010000110
00111101001000100000101011111110
00111100011000010001011100100001
10111101100001001010101100111010
10111100101111101110100101010111
10111100010010111100101101110110
00111101000001000100010100010111
10111011111010110000000001110000
00111010101100001101000100001110
10111101000110000011111010001111
10111101001010011010110000010111
00111100101000110110110110011010
10111101011010101100010011011110
10111100011000010111010110111010
00111100111010110100000010100001
10111100111001101010011010110001
00111100010110001011001110000110
10111011011001100010100100100111
10111011101100111000110011010010
00111100100110101100100000010100
10111100011101000100110011011001
10111101010000100101100111110111
00111100111010000111011111100100
10111010001000100111100010111001
10111101001000001101001101010100
10111101001001101011000101011011
00111100111101000110010110010100
10111100001100111000010110100000
10111011111100111000100100101100
10111101001011000010111011000110
10111011001011001101010000100110
10111100000110011001000101000001
00111101001000100010100011011110
00111101001111001100111111000100
00111101001010000101000011111010
10111011010000110111111101110000
00111100110100100101001010011010
10111101100010010000010001111010
10111101000010001000111011000101
00111100011100111101011111101111
10111101011111111110100011101011
00111100000011110011101111110011
10111011010010011110110000010000
10111100000111001011000111011111
10111100111101111100100111111001
10111011101010110011010111000100
10111101100101010001100011000000
10111100001001110111101110011101
10111101000100000010111010111000
00111100111000101011100100100001
10111100110000010011101010101110
10111101001010100010010001001000
10111100100001010111001101100001
10111101011010011010111101101001
10111101101000010001110011000111
00111011101101101110010111111111
10111100110111100000100101010000
00111100111011000000111001111111
10111101001101101011110111110110
10111100011111111111100101110100
00111100111100001011100010101111
10111100111011001011010011100110
10111100110000010110010011100001
10111100110011100000100011110101
00111101001101010100010000111001
00111100001011111000010100100110
00111101011010111011111011010001
10111100101010011110110010011111
10111101000000011011100110010001
00111100111000100010101011100100
00111101001110000001101011100100
00111011101011101110011010110101
10111100010001011000001001110010
10111100101001001110001010011010
00111100010101100001011110000100
00111100111111001110101101010111
10111100001000010111001011110010
00111101010111110000100011100110
00111100111110101100110011101001
10111100001111111101000010000101
10111101100010000101000010110100
10111101000010011100101010011010
10111101000010101001011111010101
00111100101100011101000110111100
10111011100000100111100111001111
10111100100000110100101000110001
10111100110010111101110110110110
10111100111100001001000110011100
00111010010110101001110100011100
10111100011100000100011101010010
00111101001010110110111111110010
00111100001100010110010011100100
10111011011010111010111110011111
00111100011010000100111011101111
00111100101001101110110101000110
