10111011110111111111000000111010
00111100001111110010101111011000
00111011110110001111011110001011
10111100001101111001110101011100
10111100111111000111011000101000
10111100101011100001011100100001
00111100001111100111000110110111
00111101010100011010011110010101
10111101000000111000000101010101
00111100110011010100010011101111
00111011001100101111111000010001
10111101001000110011100111010010
10111101000000001101011000100111
00111100101101011100100111110111
10111101001101100001000001101100
10111100100000110010001010110010
00111100110111000010001111011011
00111100000101111001010101100101
10111101001110000101011011101101
10111101101000001110001111011101
00111011011011100001010100000100
00111101010000101100010110010100
10111100010000001101100101000100
10111101001110011100110110100100
10111101100100000010001101100111
10111100110000011000101001001000
00111100101010110110010011111100
00111101011011101101111110110011
10111100010100011110001010101101
10111101001011111000110010111010
10111101001011011100000101110001
00111100110011011100110011100000
00111101000110001111101101110101
00111100111101000111100101011001
00111011110100100000111101110100
10111100000011111111100101010101
00111101010101010000110011111101
00111100111100101000011000111010
10111100011110010101100000000010
00111101001010010101110110100000
00111100010011001100011010111001
00111100100011100001110100001100
10111101010111000001100110101010
10111101010110001111100101111001
00111101000100010100101111010011
00111100110000010110111101001010
10111101010100011010010011010101
10111100010101010011000001000100
10111100101111001100011111100011
10111100001111111010010111001011
10111101000111011100101110001100
10111101100001010000000111110111
10111100101111111101011000110001
10111010000001000110100110011110
10111100111110110101000101000100
10111101010000001010001101001101
00111011010010010010001101000000
10111011101010001111101100011000
00111100011001011001001001100001
00111011110111100110010001001100
10111101001010000011001110010100
00111100010100001001100111110111
10111011100110011100000000101101
10111100100101001011110110111110
10111100110111000110010010000010
00111101000101000001000001011110
10111011000001110111111000010111
00111100101111010100100111010011
00111100000010010111001000001101
00111011011001110011010000101110
10111100111001000000010000000100
10111101101101111001101101000100
00111100110010110101001001110101
10111100101000101100000011001011
10111101110101011101010011100110
00111100001110010100000011011010
10111100101001110110010010000100
00111101000100000110001001100000
10111100100010100101101100001010
10111101000101010100011101101100
00111011111111011001110110101101
10111101000010010001101111000111
00111101000100101011001010110011
10111100100100101010101100011111
10111101000100011001001111011111
00111100100101000000111100111011
10111101011001001010111101000100
10111101110010010011011001100010
10111100011101100111010101010111
10111011110011001011110111100111
10111011110111001001001100100101
10111101010010110001111111000100
10111101000011110110100001101100
10111101001011000111000110011101
10111010011010110011101110101000
10111011111011010101101011101111
10111100001110111001010010001100
10111101000001100110111011110000
10111101000011011101001010101000
00111101000100111111001110101000
00111100100000100000000001100110
10111101011011001111101001010011
10111101000101010010101011000000
10111011110011101111111100010010
10111100110010000110001100110100
00111101010011111111010010001101
00111101000101110001101111111001
10111101100011011111001100100100
10111100000101011100001010001100
10111100011010000010100101110000
10111100111101110011111010101001
00111101001100010100000010011111
10111101011001000000111111001110
00111100011000101100100010100010
10111100000010010101111111000000
10111100101101011111111001010011
10111101000011101000100001011101
10111101011110000100111011110011
10111101001001000100100111111100
10111011001011011100010111110111
00111011100111101010101011110000
00111100110010011100010011110100
00111101000010000010101110011101
10111101011100011101010101010010
00111011000101100100111100110110
10111101001000011111100110111010
00111101000100000000101011111001
00111100101000011111000101001011
00111011111010001100111110001000
00111100000010001001001111110100
00111011111010110000110011111011
10111010110110011010101000010001
10111101011100011000001100010100
10111100110001101101101101100110
00111101000110100000111110110100
10111100100110110001101011111110
00111101100111101010001011101101
00111110000010110000100111001001
00111101000100100011110001000100
10111100111010111010101010111010
00111101001110011111100011000001
10111101010101000111010111001100
00111011001010011010110011001110
10111100111000011010010101001101
00111100100100011011000101101010
00111101001010010000110100110111
00111100110001101100111110100000
10111011101001111011000111101110
00111100100111010001100101111110
00111100111000011110100000101011
10111101000100001110100000100110
10111011010110100001001110111100
10111011010011000000001011111001
10111101001011001001111010100111
00111101001010011101100000011100
10111100010001010101000110010100
00111101010000110101100000001001
00111100001111000110000101001101
10111101000010100110000001011111
10111101100000001010101001000101
10111100100111101011000110100101
10111100001000110000101011010001
10111100100011100010111011000001
10111100001001111010011010001001
00111100110010010111011111101011
00111101000010000011110000101110
00111101010111100001111010011100
00111011001011000001000111100010
00111100101101010111110111000110
10111100101011100010010101010010
10111100011101111100101010110100
00111011101110011000100010011100
10111101010001110101000101110001
10111100001100010101000010010010
10111101010101101000100000111001
00111101000000010010100101000001
00111011110101110010100111100010
00111101100000010111101011110100
00111101001110101100101111010000
00111101000101010001110011011001
00111100100111100111011101101101
00111101010101000110111011001111
00111100101110010000110011110011
00111011010111110110010100011100
10111011110100001000101000110111
10111100110110110110000100100010
00111100011011100110011000010000
00111100110100100001100001000111
10111101000101111111101101001100
00111011100010000010100110101101
00111100011001001110011101000101
10111100110000110101101101000110
10111100100101100010011001110101
00111011100000111011100111001000
10111100111111001111000000011111
00111101000010001111100110000100
10111101101001011001101010001110
00111101100101010100110110100011
10111100111101111100110110101100
00111101000100011110010000000011
00111101001001100101000111000011
00111101000111000010010010111001
00111101000111001011001001010110
00111101100001100010100010111111
00111001111001101101110011011100
00111101000011101010101001100111
10111100110100001001100111101000
10111101011110110101100101010101
00111011010100111110110011010111
10111101100000000110001111011011
10111011101110010101011000000101
10111100100110111101110001010011
10111101000000010101011010000100
00111010100101001010011110011000
00111101000011011001111100011101
00111100110000100111110100101010
10111100001000010011110010100100
00111101010100011111000111101000
00111011100111000111111000011001
10111100110111111001010000010010
00111100011100101010010100111101
10111011101010011100110111100111
00111100010000010100001001001101
10111010100000100101010011000010
10111101011101110000100110100101
10111100010010100100000010101111
10111100001111101010100011000001
00111101010000111011010111000011
10111100010111100110110110111011
10111101000110001010001110101111
00111100101010110000010010000110
10111101001011111001100101100001
10111100111010000011011001000000
00111100100011001111001000011001
00111101001110011100011001011011
10111100011110101011101001011010
10111100011011010001010011000111
00111100101001001101100101111000
10111101010000101010110011011100
10111100000000100100101001000010
10111100011100011000100100000100
10111100111111011000001101101011
10111101001101100111011110101100
10111101011001011001001011001011
00111100100100101110101111000000
10111100111001010011111010001100
00111100101101111100000101000111
00111100110001101001000010000100
00111100110100110110110011010010
00111101111110010001011000101001
10111100101101010111010100111000
10111101100110011010010000110110
00111100101111000110100001001111
00111101001101101111011100110011
00111101001100101010011100000000
10111100100101011000000100111110
00111101000100101100010111111111
00111100100011000000001100010101
10111101101001111010000110101000
10111101101110010110111100000111
00111101001101110100110100000011
10111101011011001011011110010110
10111101001010010100110111010001
10111100111011100101000011011001
00111100011000000111100110100110
00111100010011110101111000011010
00111100001101001110111110100000
00111011010110111101010010011101
10111100111111101010000001001000
10111101001000010111000110001101
10111100111000000000100101100110
00111100100101110101111000000000
10111100110011000101010010100110
00111101000111111011001010001101
00111100101001010011101111111010
10111100001000011011100011010110
00111100100001000010100001101100
00111100100100000111011100111001
00111100100001101111010000110011
10111011100111101001000101110101
00111100110001111100000011111101
00111101100110000010100000000000
00111100110011110101101100001110
10111101010000111000111011010100
10111101100101011011011111000001
10111100101010111010110101110001
10111101011000011100111000110101
10111101001011101011110111000111
10111100100001111000010000001000
10111011001001101100110010001000
00111100000010000110001111100100
00111100010100111001010100111111
10111100010110101000011000101011
10111011000001001010010111010111
00111101101001000100001110000010
00111010111011010101011011100011
10111101011100010010000010101010
10111100110101010011111110011111
00111100110100010000010101000100
00111100000010101010100111000011
10111101000001001101011111100100
10111101001110001001011000011010
00111010101000000110000110011001
10111100001110001111001001101110
10111100001100100010101001101000
00111101001001111100001011010100
00111100110000100011101100010110
10111010000011001001000000011011
10111100010110011000001100110011
10111101000101011011110100110100
00111100101110010111111000001111
10111100101111111101010000100111
10111101011000110001111111101100
00111101001101111000100110001011
10111101010001001000001001100010
00111100110111011100101101000001
10111100110001101101010010001011
10111011100111101100000111011101
10111101001010001000100111010101
00111100000010000001100111000000
00111100110011011110000000101101
00111100011011001011011111010100
10111100001010010100000010101001
00111101000101011000000111101001
10111100100101110111010101110110
10111101100100000000101100101010
00111010101110111111110110100011
10111100111010111101111110000010
10111100011011111110011011100010
10111010111000111000010100001110
00111100110001000111001110110111
00111100010110001001000000001110
00111101000011000001111001001100
10111100000101100100010011111010
10111011010011101011100100011110
10111011101010100101010001110101
10111011111110001001011110101001
10111011010000010111011110000001
10111101011001000111001000010110
10111101001001000011100011111111
00111101000000000101000011011100
00111100111001000010101111111101
10111010110000100100110010110001
10111100111001011010001001110001
10111100000111000000011000000010
10111011111101001011100111000101
00111011010011010101001110101011
00111100100000000000101101001010
00111101011110010001101000111011
10111101010011001100110111110110
10111100100000001000100111110011
00111100110000010100011111111101
10111101001111000000110001101010
10111011010101100000010000011110
10111011011101100001100100110011
00111100101101110110110011100000
00111100001100011110001111100011
10111100010000000011100101100001
10111100111000110000100001110010
10111100100101101101110110001101
10111100000011010111000010100100
00111100001001100011001001100010
10111101011011111000001110001110
10111010111010101000010100001010
00111100010100011111101110110110
10111100100011100010000111110101
00111100100111111010001101001111
10111101000000011100011011101000
10111100001111100100001000011000
10111011101000110011001111100011
00111101010010010111001111100011
10111101000010000000101110100010
10111100100100000010011001011011
10111101101101011010000001100101
10111101011010100100010110110001
10111100001100000010000100110011
10111011101000000011011100100100
10111100110001011000101100101111
00111100111010110001010101101001
00111010111011111000101101010101
10111101001011010111111111100010
00111101010011101001110110000000
10111100101111111010100100001010
10111100000000101101011101100110
00111101010101111011000010011001
10111101101100011010100101111101
10111101111011000011000100001000
00111101001100101010110110100100
00111101011011000100101010100001
00111100100010111001111110111000
10111101001011111100100110101101
10111101001000111100100101110111
00111100101100001000100111011100
00111100011110011111101101110000
10111100101011100100111100111111
00111100100010100111101001011101
10111101010100110101101110010101
10111011110010011010010010110010
10111100001010111111101111101110
10111100101000011001000100111011
00111100010001011000000111110100
00111100001110100101000100001100
00111101100101100010110110111010
00111100110010011011110011011101
10111101011001011111111111111100
00111101011001110001111000001110
00111100010100110001100100101000
10111100111010000000110010011100
10111101001100001001111000110011
10111101010010010011011011001101
10111101001000101101110111101101
10111101000110001010010101101011
00111101000101100010001000010001
00111100101000100100101011101001
00111011100110101000001111001101
10111100100011100011000010001000
10111100110110111110110000110010
00111101000101010100110000101111
10111101001001000100110010110010
10111011100001010100001111011010
00111011111100111000000111100001
00111100111010101001011011001100
00111100100100010110101111110011
00111011100000010111111101011101
10111101000011111110010010010011
10111100001100111111010011000111
10111011111101001011110110011100
00111100100110011100010110011111
10111100000101111101000111001010
10111101000011000000001100101110
10111011100000110001011111010010
00111100110000001111100000011100
10111101000010001111100001110101
10111011101010001101110000000011
10111101000110011000011001111010
00111100001000001101000001110010
10111101001001000000001111100011
10111011001110011001101001111100
00111100010010110000010011111101
10111101000101100110010001100110
10111011101010011001111000101111
10111100111111001011111101101111
10111101010011011111110101101100
00111100010101100110110111101101
10111100111111110110111100010111
00111011101101011000010001111001
00111101100000000000101100001101
00111100101111001100100111100110
00111100001011011110001010010001
00111101110110001111010110010011
10111101001100001000000001011000
10111101001011101100100000111010
00111101001000010100101001011000
10111100101100011011001000100000
10111011010110110000001000000001
10111100100000010000100011110011
00111100000001110111100010111110
10111101010010001110100101011110
00111100001111111101110000001111
10111101011010011001011000011000
00111101001100010100100100110110
10111100000101101111110110000100
10111101000011011110010101010001
00111100111111000111011001101011
10111100111000010110001011000110
00111101110100011111000110100101
00111101100101001101110000010001
10111101110001011010011111101100
10111101100001111101101100101001
00111101011100110001010110100000
10111101010100100001011101010111
10111101000101100110011100010010
10111100111111111111100111011101
00111100111101011100010001010011
10111100100110100011010101110111
10111100000010110110100001110110
10111011001111101101000011101000
10111101000001110100110011010001
00111100111000001100001110101001
10111101001001101011010000101000
10111100100000101111011101111100
00111011110000110000011000111101
10111011101100110100111001111100
00111101000111110101111000001111
10111011000011100011100100000100
10111100011011001111100000101011
10111101000010001011110010000000
00111100110011001101101101011000
00111011101110010110010100011001
10111100001111010001010100100011
10111100000000110111000011000010
00111101001001110100000001001000
00111101001111111101100100111001
00111011101011110001000001000001
00111100110011100100101001011110
00111101000000011010100101101001
00111100100110110011000100100010
10111100010111011111000001100110
10111100101001010011101111111111
10111011101000110111001001101110
00111101010000100100001111010110
00111100110001101110111010000010
00111100001010100010100100000001
10111101100110101001111110011100
10111011110010001000110101101111
00111011100101011111110101100101
00111100100100000100010000011010
10111101000010001101000101001101
00111100010001010110001111101011
00111101011100101100010000110011
00111101001000111010110010001111
00111100110001010001101111000111
10111011000111000001101100000110
10111101001110010001010011001010
00111011111111001111100010001110
00111101000110110010111000000001
10111101001000001101001100100101
00111101011101000101010111101101
00111100100101110100011011000101
10111101010010011011100001010011
10111100101101000011010011010010
10111100101010000000101110000000
00111100100000101010011101111001
00111100100111110111110101000000
10111101000001101100001100001001
00111100110111001111110010100000
00111101001101110010010011101000
10111100101001100111001110011100
10111011101110001110000110100101
10111101001011110101010001001100
10111100111101100010010010111100
00111101000100010011001101000000
10111100000010000001011001101000
10111011000110111010011111110000
00111101010001110110011101000011
00111100000111001011110011110001
10111100011011100000001011011111
00111101000000100111111101100001
10111101100000110111100000100011
10111101011011101110101001001010
10111101010001011001010111101000
10111100100000001001110001011111
00111100000010111110011010010011
00111101010000000000011010101101
00111100110110101001011100010001
10111101001101101011011000101010
00111001100111110101001110010010
00111100001010101101111100000001
00111100000000111110110111111101
00111100110100101000101001011111
10111101001110000110001100100100
10111100101101100010001010111111
10111100000010010101001001101111
00111100101001100011110011110110
00111100010001100100110000101100
00111100101100111110110100111010
10111010100101110100010110110011
10111011001011011011000000001011
00111100000100111011111011011110
10111011111001010010111001000011
10111101001101110101111001101100
10111100110110011000110000011001
00111100111010100000100101100010
10111100100110100010011010010101
10111100110110100011000111111111
10111100101000011110000000000010
00111011110010010101000111001111
00111011110010001010010011001011
10111101000110111001011100010101
00111011011010101011111011011100
10111011111010000001010000000101
00111101000101100010110010011011
00111010011011000010000111101101
00111011000001111110110011011100
00111100110010111001001101101101
00111101001100100110110011010110
00111100110101011000110011000011
10111101010101101111100101101011
10111100000101111011101011011000
10111100101100011111110111101000
00111011100001101100010001111000
10111011100011000010010100110101
00111101011101011100010101011111
10111011111000111110101010011001
10111100100110001010100000000010
10111100011111110100010011111110
10111011110100100110111110011111
00111100110110001111000111101111
10111101100001111111010010110001
00111100010010101100000110000010
10111100100100110011001111001010
10111101110001001100110000010101
10111010011111011100001101111010
10111010011001000010111001011100
00111101011010011111110011110011
10111100000100001101111101010100
10111101100101000111000101101011
00111011011011101101111011000111
00111101000010101111000001000010
00111100111000001100001001101011
00111101011110001011101101010011
00111100110001110101101101100100
10111101010000110110101011010111
10111100101110001111110010101100
00111100010010101011101101001011
00111101000011000000101001000110
10111101000100001100111010001001
00111101010110001111000100100111
10111100010000110010110000100110
00111100011110000110110001000010
00111100110111111111001011001111
00111010101000110010011100010110
10111100000001111111100000010001
10111101011001100010011010101001
10111100010111110110100110010100
10111011110011000110011000011000
00111011101010010010001111001100
00111101001010110010011101000010
00111101001010010110000110101001
00111101001111000010001101010010
10111100101011010001001001010111
10111101000000001000111111110001
10111101010111110001110010101001
10111100010110110011010101001011
00111100000101000111011001101011
10111100110010100001000110110100
10111011100010011111010011000010
00111101010101011000000110001110
10111100111111010011100100111000
10111101001101111101010011011001
00111100100010011000000100100111
10111101000011000001101101111010
10111100101011000101111110110000
10111101000011010100000000100001
10111100110111000010011110000100
00111100100011011111010001110100
10111101010110110001100110010110
10111100110010111011110010001010
10111101001000000111101100110010
00111010000110011000000101010001
10111011001011100100101011101100
00111100000100011001010111111110
10111100001101001000011001100111
10111101010100011001011101010110
10111101010100100011001111000000
10111001110101000000101101000011
00111101000011010001100101000110
00111101000011000110101001101000
00111100001111111001011001001101
10111100101001111011101011000001
10111100011110010000111110111111
10111000101110101011000100011110
10111101101001000011101111000010
10111011100100010101001000110011
00111101100101011001110110111100
10111100100101011101110010110100
00111011101110101011111111100000
00111100100010100110001000101110
10111100100100110110100001111100
10111011101110011011110110000000
10111100101001110110001100110110
10111101000000001110100001011000
00111001001000110010011101111001
10111011010011000100010111110000
10111101011111101100111011111001
00111010100100010111100100011111
00111101001000100110110010001100
00111100100011000000110100110111
10111100100100011111010001110000
10111101011110110100110110111101
10111101010000101000011111001100
00111100011011100111101001101011
00111101010001111001010011000100
00111101010101100100011010011011
10111101000100111010010100111000
00111101010000111010111111100010
10111011010011110101101110010111
00111101000001010110011001101100
00111100100001001111100110001000
00111011101110011110011100010011
10111101000110001111010001100010
10111100101011110010011000100101
00111100010111010101000001011000
10111100100100010101100110101111
00111101000001110001111010010110
00111101001110110101011100001010
00111100101011100011110100000001
00111100111100101111001110010110
00111101010010000110111010001011
00111100001101100000100001001011
10111100111001110000000101010001
10111100101001011111100011011000
10111011100101010111000100010110
10111101011011001110001110101101
10111100111100101011111001011110
00111101010111101111011111001000
10111100001011010000010000111010
10111101000111100101111101111101
10111101000010110101010011010001
00111101000011000101010110100011
10111100101000000100111001100100
10111100011100100011011000110011
00111100100100111110000000001110
00111100010001010111100100010001
10111101100100110001011100011100
00111101010101000110001000001001
00111101001001000101001011110001
10111100110000011101101111111101
10111011110000001011001101011111
10111100000101100011001100001110
00111011001011010010110100101001
00111101010011100000000110011010
00111011110011001011100011110000
00111100000110000111001001010101
10111101001000000000100010001100
10111100001010001010100111101110
00111100010111001001101100001010
10111101101000001011100100001010
00111101001110000001110110010001
10111101000110101111011011001101
10111100000000110110001000100011
10111100111000011010000110001111
10111100100110111110101010001111
00111101101001101010011011110010
00111100101110000000110011111110
10111101010001010100110001100000
00111100100100010010110111010110
00111100010000011010110010100110
10111100111100100111001001101001
10111100100010010000110110111111
10111101011010101000010011100010
10111101000011001011101001000011
10111101100011011011111000010100
00111011111010001011011011010001
10111100110011011110001111001000
00111100011001010111011111100011
00111100110111011110100111111101
00111100110100001101100001011001
10111101011001101011011001111000
10111101000101010101111111100111
00111101000011110100001000111110
10111101010100001001011111100101
00111100110011111010000000100001
10111101100000111001110110011011
10111011100011001101111101100100
10111011010111001101101110101010
10111101000001100010001101010100
00111100111001000010010001000100
10111100000000000110110011000111
10111101001111011011101011111010
00111101100000000110110011101000
10111011110001100001010110100111
00111101001001111100101000101111
00111011101001001001100010111110
10111101100011010101000010000110
10111100110110000001111110011000
10111101100011011001110010011000
00111100010110001110100101011010
00111011100100100011000000100011
10111101011100110011011100000000
10111100101011110001011101010011
10111100110001010111010101000000
10111100111000011111000000100001
10111100100010101101000101101110
10111100001010000100001111100011
10111100100010101101000100101000
10111101000001000010100000000001
10111001001101010110100001010010
00111100001010101111110000000010
00111101000110011100010100100111
00111100100111001101111011011001
00111100100111001011000010000110
00111010001000000111000011001011
10111011011011011100011000111100
10111100111100010100111101101110
10111100110111101110000111111010
10111101100000101010001011001100
10111101001011100110100001001000
10111101000111110001000000011111
10111100111010000100011011110110
10111101100001111000010110000010
10111101001101000111100000011110
00111100110100001111101111100001
10111011111011000011100011000110
10111100000010111111001010011010
10111101001010101001110000110101
00111100010000110000011011011001
00111011000100101011111110110011
00111100000010101111100001010010
10111101100101001011111100001000
10111011110011111110110000011111
10111011010111101010001110010010
00111101010111011100111111111011
00111101000010101001100010011000
00111100111111110101110010001001
00111100101001000000110010000000
00111100110100001100011101000110
00111100110111111000011100011010
00111101000011100011001000011111
10111100111111111111000010011101
10111100101001010101000011001001
00111100111110000011001111000000
10111100111001100110011001110000
00111100100111111000001010110001
00111100001101010100110000000011
10111011010000110100011001111101
00111101010110001101110110111010
00111101000111110000111001011001
10111101001111101001010101001010
00111101000010111010010110001010
10111101011001000000110010101101
00111101100000001000011000011000
00111101011010010001110011001101
00111100111100111101000110011000
10111011101011100100101001110111
00111100001011101101100101010101
00111101101001100101001010001000
10111100101011100000001000111010
10111101100101100001000011110100
10111011010010110100000011011100
10111101010100100111101101101100
00111101011010010011110001000100
10111011100111110100111101110000
10111101000100111111100100101100
00111100110110100010011100010110
00111101010000010101001110111001
00111101001011000110010101110100
10111011110001000110101001010111
10111100100010010011000111011111
00111011011100011011101111100000
00111011111010110110101011001000
00111100100011011111010110101011
10111101001000100100111111111010
10111011011101111101111010010111
00111101110001100001101110011110
10111101000011110100101110111000
10111101000111111001010001101100
10111001000100101101000111111010
00111100011101110111100111011001
00111100111011011001111110011001
00111101001011011100001000110001
00111101011101101011010101010111
00111100100011001011010011111000
00111101001001001000100110001011
10111100101011100101101101101011
10111011111001010101101110000010
00111101000000101111011011000110
00111101000110001001011111000100
00111101001110110001101001011000
10111011101010101110000101010101
00111100111011101101000100100110
00111100111011110001001100010010
00111100110010000001001010100010
10111100111101011001011111001000
10111011011100101111000000000111
10111101001011010000010000111010
00111011101100000010011010110011
00111100010111110000010000001001
10111101011010101010101111111111
10111101100101011000001101000101
00111101001010011000001011101001
10111101110000000111010001010001
10111100111111010001001101100011
00111101010100111101100101111110
10111100111001111111010011010001
10111101000010010110110100101111
10111011100000011100001011010010
10111100000100000011110100100001
00111100111000110101110011000001
00111100100010101101010011101111
10111101000010001010100111001111
10111100100001010001111010011001
10111101001011010100111000010100
00111100011101000111111001110010
00111100000110101001011110000000
10111100000111011010101010110111
10111101000110110000100101111000
00111100111001110001111111100111
10111011001010011001111010110110
10111101010101111101000001000011
10111101100100100101111101000111
10111010111010010011001001011001
10111101001011100100111110011010
10111101000001010111000000100001
00111100110000110000011100101100
00111101000000001000111100101001
00111100000010111110011100010101
10111100000110000110100010100100
10111100110000001011111000111100
10111100000101100101001010000111
10111101000010111000010111111001
10111100111011101000000100000010
00111011111101010111100100001011
00111101001110001010110011101101
00111100000010101101110101100110
10111100110100101010111111000111
00111011110001111100111011011101
00111101011111100010000011001000
10111100010110100111011000101100
10111101010001011000110101001111
00111100100001101011110100110101
10111101010001100001100010100001
00111011111110101010110100111000
10111101010001001000000110100110
10111100100001010011101011011101
10111101000000001011111101100110
00111101000001011011000000000011
10111100111100000000111110111011
00111100100011000011001000110000
10111101001101101010010001001010
10111100110101011001001000010111
10111101001100101000001111101110
00111100001101110100100001000110
10111100100101011110001011100101
00111101001100001101110001001111
10111101100001001000011101110110
00111100101101011000101101100010
10111101001100010011100011010100
00111100100001000101010000011001
00111101010000111001110111001001
00111100101100000100001111001100
10111011100101110011011100110010
10111101011000110010111000101111
00111101000011100100110011110000
00111101010001110101000110100000
10111100100100100001010000101111
10111100001111110000110001101110
10111101000111110001001110110001
00111100011101100000101111101010
10111101110010111111100101011110
00111100101110011001000010000011
10111100100100101000010100110110
10111101011001001110101100001000
00111101000011010010011111000001
10111100100110010000000010010100
10111101100110011111101111001111
00111101100001011011110000101111
10111011110110100101000010111110
10111100010010110111011111110010
10111100001010000000000001101101
00111100100001110111110001101110
00111100100101101001001111100111
00111101000110111000010001101000
10111100010010100100000100101010
10111100010000111001101110101000
00111101001111111001111011000000
10111011101011000100010000110011
10111011000100010100000101010100
00111101000011110110010101010001
00111100111001010100110001011110
10111010001110100101000101110100
10111101000010110010111101111000
00111100111111111110011110100100
00111101011100110111000110001000
10111100000000011101100011010010
10111101100011000111001001000111
10111100111110101010010100110101
10111101000010111110001011010101
00111101001100011111100001100010
10111101010011000111011101011101
10111101100011000101100111000100
10111100111010001111001100110010
10111101001010011101010100001111
00111100011111110010010001010010
10111100011101001001110111111011
10111100001010001110110010001101
10111100010111011000000100100111
10111100110000001111001001111110
00111011000001100011111011011000
10111101001110010111101111011111
00111101010101101101010111001110
10111101001000010110100000110010
10111101101000001101100011010011
00111100111001010011100010111111
00111101001010110011000000111010
00111101110100011101010100110101
00111100110001110011111101110010
10111101011011011111000000110101
00111100100100011111000001111110
00111100100010110100001010000001
10111100110111010011011011111100
00111011111001110111011010110100
00111101001100000100111100001110
10111101010100010010111000111101
10111101001010001100110110011000
10111100001000000000001011010111
10111101010000011000111010110010
00111100011101101111110100111010
10111100011000011010001111110010
00111100000000101011100100101001
10111011110100010100010011000010
10111101010100001101111000101000
10111101111111111101011010001101
00111100110100000011110000000010
10111101001010011000000001111110
00111100110100110010011110000011
00111101000110001111111011111111
00111101001000110101110111010100
10111100110001011011010101110011
10111101011100101110101111110110
10111101000000101010001100100000
00111100011110011100110110000101
10111100011100110100000000100001
10111100100000101011001100001011
00111100110000000010111111000111
00111100100100000101110010111111
10111101000011011011110101111100
10111100001011100010110011001011
10111100000000100110101001100101
10111101010000011101010101110010
00111010010100011000011000000100
10111100011011010111110101100000
10111101100111110001011111111000
10111101001010110000100000100100
00111101000011001110100010101010
10111100101011011000101001001000
00111100001011011010110010001101
10111100000010000010100101000000
10111011000000111101101100000110
10111100100100110001110100001110
10111101011100111111000000010001
00111100011110100010001011111111
00111101000000001100100100011001
10111101000011100011001100011010
00111101001011001000100001110111
10111101010110101010101000111111
00111101000101000100101110111001
10111011101010011000111100101101
10111101000100111001001011101110
00111011101011011001110111100101
10111100101101100100111110101000
10111100110111010000111011011010
10111100001110101111110011101101
10111100101110110001110000000000
10111100100000000101111010101111
10111100001101010001010110010111
10111101001001101111011011110011
00111100000110000000110001001001
10111101100000101001010101001111
10111101011101000000111010010111
00111011111000001001100100111111
00111101001000000111100110011010
00111011100101100011100001001000
00111100111110001100010000110011
00111100001110000100011101000101
10111100011001111100000100110110
10111100101100010011001000111000
00111100001111001110100011000110
10111101001001011010000011100110
10111101011100000101010001111110
00111100101111111010010110011011
00111011110101011001111101100001
10111011100100011100001110111100
00111010101000110010101011101101
00111001101110011100101101011000
00111101000001111110000100011101
00111101010000011010110110111100
10111100010111101110101010000011
10111101010001001100010110100010
10111100111101000000100001010001
10111100110001001100001010101100
00111100010001000011101100110101
10111101011111010111010010111000
10111011001010000101100010011011
10111100010010100001111110100011
10111100110001111001011100000111
00111101000110100010111011000100
00111011000111000001011000010100
10111100000110001101101000100011
10111100111101010111001011101101
10111101011000010100001010011101
10111101100001010111101001001000
10111101000111100111110100101101
10111101010010011000001111100100
10111100010100100110100110011100
10111100101101010011001101100110
10111101000001111101001010010100
00111100001001111101110001011110
10111100101000011010100100100101
00111100101101011111100110111100
00111100100000100011101011100001
10111011010001110011110110011010
10111011111100000000010000101110
10111100011100010000011010001100
10111101010000101001100100100001
00111001110010110001001101100101
10111100110011111001001111101001
10111101000000010000001101011010
10111010011010000100011001101000
10111101100001101100101000101110
10111010111011100000100010110110
10111100110011111000110011101000
10111101001001111101010011101111
10111101000110010111100101001010
00111100000110111110100110010100
10111101010011110100110110101111
00111101000100110111010001001010
10111100001011011111110011000100
10111101000111010010111111001000
10111101001111111101010111010010
10111011100010101100111000000000
10111010100100010100010101101011
10111100000111011110001010111001
10111100011110111101001111001000
00111100100110101100011111010110
10111101100100100011011011100101
10111100000000010111110101011101
00111101110010111111101010000010
00111100101101001110010011010000
00111101000000110001111111111000
10111101001010100000100111100001
00111101001000101000110111111100
10111010000001101010100011010000
10111101000111100100001011101110
10111101010111100000101100011111
00111101010000110111110011100101
10111100110001010111111110111111
10111101011010011001100110000101
10111100000110111010111100010100
10111100001111010110001010010011
00111011010011011100110111010001
10111100111100111010111100010000
00111010111100011011011101101101
10111101110010110001101100011110
10111101111001100000010011001101
00111101011010100101111110011100
00111011100011110000111010001100
10111101101101011010100110111100
00111100001111000110111111101011
10111011110011000110110111100001
00111011110110100010110110101110
00111100001000110100101100011101
10111101011001111011011001010110
10111101001101100011000110000111
00111101011110110100011011001101
10111100001110010000011001000011
10111100111101010111101010100000
00111110000010101100111110111000
00111100101111101010001000000000
00111101000010011110111101010001
10111011110101110011001110101101
00111101110111000100100011000101
00111101000010001010001010010010
10111100100010001010000001001000
10111101000001111110100010100000
10111100111101100110100001110101
10111101011111111011111111000111
00111100011000111000111101000000
10111100110110110101111100000000
10111100111101010010001000000010
10111101000101101111010010001010
10111011010011011011011110001110
10111101000000001010001011111111
10111011110101110010110011010000
00111100010010000001011111001001
10111101001100010011001101100011
10111100000101110100110100100011
00111100101010000110111111000011
00111100100000010101010110100011
10111100101100110011111111011111
10111100101000010010001100110111
00111100010111010001110101010001
00111100111001000011001111011010
10111100111101000110011001001010
00111100110001101101001100011100
10111100100110101001010101010011
10111100110111000100000111111011
10111100100001111010100010001111
00111101000010010110111101101000
00111101011001101110000111000110
00111011111101000010000100100011
10111101000011110001101110111010
00111101001100110000000101010100
10111101101100011111011011111001
00111010101000100111000011101011
10111100001001110000000000111110
10111101111101000001000100100101
10111101111000110011110101101101
00111100011010111110100111011000
10111101000011101011101001110010
00111100100011000000110011001110
00111011100001111011000110001000
10111010011100010111011001001100
10111101000010001111010010011000
00111010011110100011010100010101
00111101011011010111010110011101
00111100100100100000100001100110
10111101010101011101010111001111
00111100100100000011101001100101
10111100100100100100110000001100
00111100100000110101110000001001
10111100001101101011011101001111
00111101010001100011001000001100
10111011101111100011011111110101
00111101100111101100110001111011
10111100100000111101001111111110
10111100000010101101010111101010
10111100111000110001000111100000
10111100111000010001100001111110
00111101000101100000101101101000
00111101100001000001101110101100
10111011011001010001011111111001
00111100001110000001110100011010
00111101001100100110011110010001
10111101001000110001011110000000
10111100110000011101111000011001
10111101001010011000001001100011
00111100111111110100101001010100
00111101001101000111110111001001
00111100111011111000100011110000
00111101100011011011100110100000
00111101001000001001100010011010
00111101011011010010100110000010
00111101100100010010001000010011
00111100100110010111001010001100
00111100101011111100001011101010
10111101100101001001111111100110
10111011001110101000000010000000
10111101000000010100000011001010
10111101010001001101100110010000
00111100110110100011110010111011
00111100111000011110100011100110
10111011100100010111000001000110
10111100101011111010011000000000
00111100010011100000001010101101
00111100100101100001001100101001
10111100001100101111000010110001
00111100011110000110010011110011
00111100111101011110101110100000
00111100110001000000111110001000
10111101000101111100111010100001
00111100100101011101100111010010
00111101000000111111101110011111
10111101010001101111111001000111
00111100100000110011010001001001
10111100100010011011000100111111
00111100000100000111111110000111
10111011111101100001101110111110
00111101010011100000001000001100
00111101001000110110101010010010
00111011010011101110111010010101
10111101001001000011100000010100
00111101010101001111011101101100
00111100010110101001100100110000
10111101010010011000000010101001
10111100100011001001111001110001
10111101011000110110110010001100
10111101010010010100101101001101
10111101001110010111010110000000
00111101000010111010011011001100
00111101001100011000110111010101
10111011001101110010110010101011
10111011110001111101010011101110
10111010000011111010010110101000
00111101010001100011010000011011
10111100100011000100110101001011
00111100101111110111110101110111
00111101010100111001010000001111
10111100011111101000011100011000
10111100000110100101011111110010
00111101001011010011110010001001
10111100111011100101011011101000
00111101001101000001110110000110
10111011101000101010011001101000
10111101010011001100100100000100
10111100000001111001100110011001
10111101100011001100100111001110
10111101111101001110110110111000
00111100110010001010110011010110
00111101001000001101011100110110
00111101000001101111100111100000
00111100001111001010011110100110
10111101010000011011011001101110
10111101000000110111101000101101
10111011101101111101110100101101
10111101100000110000001010101100
10111011110101101100010111101010
10111011101010110111001010010001
10111100100100100011111001100110
00111100110100101001010000111100
00111101010011011100111000110001
10111100101011001011010011100011
10111011010001101101111010000001
10111101011100111111111101100110
10111101110100100100111101100110
10111101001101000000010111110110
00111101000111101000001000111110
10111101100001110001110100111000
10111101010101100100101001110000
10111011100000001100011101100010
00111011110000000000011000000100
00111100110111110101001111001011
10111010001001010101001101110011
10111011101001011000001110011000
00111100010011011110001010110001
00111100110001100000110010010101
10111101000101111101010110101110
00111011111100111101110001111001
00111100111111110111110110011100
10111100101111000110101110111110
10111101010100010010111100101110
10111100011000000000100000001010
00111011001100001010110011101001
10111011100011110001110110011101
00111100110110010110010001111011
00111011011011100001011000110100
00111100011111101001000000010110
00111101001010110011110000110111
10111011000000100010111011111000
00111101000101000110111011011111
10111100111110100001111111110010
10111101010011001010001011100010
10111011110010101010000111100001
00111011100011000001101101011101
10111100110111010010010010000101
10111101010100000111001110010111
10111101001101111000000111100111
00111101001010000100100001100110
10111101000001110110000111000000
10111100000100010001011101101011
10111101010010011000010101101110
00111100000000011011110001010010
00111011111101100000110101100011
00111100010001111010010011110001
10111101010011010101010001100011
10111101001100101110010001111101
10111100101101000000111110101111
10111100110111101010001100101110
10111100010111100010111111001100
00111101001111001111101001001101
00111100101100001111001100100100
10111100010100011011011101101100
00111100111110101010001010000101
00111100111111011101110000011000
00111101001011110001001100111001
00111100000100001011010110100001
00111101001110011110010101110110
10111101011010001100100001101010
00111101000110100000100001001100
10111101011000100010010101110101
10111100100010000011001001100100
10111011110001011100011001100011
10111100010100101000101001101001
10111100011001011010010010101100
10111101000001101000101011001100
00111101000101001110100101000101
10111100101001110000110011100111
10111101101001110101110101010101
00111100101111110110001001101001
10111101011110100001011000101010
00111101001111011101000001110111
10111100110101010001001001000000
10111101000100101111010001011011
00111100111001010101100101100011
10111100111101110111001011101101
10111100110001110000000111000000
10111100010110100010010010100011
00111101000011111100100010111111
10111100001011110111001010101100
00111100000111011011010011100100
00111100110011001010010010011011
00111101011010010100111110110011
00111100110011010010001110011011
00111011011100010100001110010011
00111001100011001011000111100001
00111101001001010001101001011101
10111100010000000000110110110010
10111101001110111111100000000111
10111101000010001000110110011100
10111100110000101110011100100100
00111100100011001011011110010100
10111011010111001100010110111110
00111100111110001000110001111010
00111100111000010010111011111000
00111101011000000100100011011000
10111100100101110010001111101011
00111100011110001011010111001011
10111101001101100100111110011110
10111011001101010000011010110101
00111101111111101101111111000000
00111100001011001101111010110101
00111011111011100110100000001010
10111100010110010101001011100111
10111101011110001111011001000011
10111100111110001101001011000011
00111011110100100100000000110000
10111101100100100011111010011101
10111100010010011100001000111110
00111101000011111101111111101010
10111100011010011011110010010001
10111101010100110000010100101101
10111100011110100000011110011011
10111101011111011100100110100011
10111100110001110011100011101111
00111101001010111101010010010111
00111101010010011010101101000101
00111100101000011111101110111000
00111011101001111010010011000001
10111101011101110110010000001111
10111101001100100000011011011011
10111101011011000101001101111011
00111101001011110000001101011000
10111100100000000001100101111010
00111101010100000111101110000100
00111101000010000111011110010000
10111100100000101110011111000001
00111100100000101010111110011000
00111100101001011100110100000000
00111101010100101010110000110101
00111100010001101011110101101000
10111100101111110011001100100001
00111100000010000110101111010110
10111101000100010010010111000000
00111101000101001111010000100011
00111100011000111000111001011010
00111100111001001010010110000111
10111100101000110011100100010101
00111101001101011100101100110000
00111100011001101011010001001100
10111101100001000011011011100001
10111011000010101111100111110110
10111101001000101001000010011011
00111100011000110000100101010100
00111100001000100100111001110011
10111101100100011010011110100000
00111101001010111101101011111011
00111100101111000010011000110110
10111101001011000000010010101110
00111101110100111011011001000110
10111100000000001100111011000010
10111100111111101100000111011010
00111101101010100101101111110111
00111100111000001010111001111010
00111100011101011010110010010011
00111100100001000101101011010101
10111100100011000000111010010010
00111011000100010010110001011010
10111011110011111100010111000100
00111101000010100000000111011000
10111100100001101100100011100000
10111100011001011010110000110011
00111101000100111001101101111101
10111100111110011100000000101010
10111100111000000111111101001111
10111100111101110110100100111010
10111101001000100000001110110000
00111100111100011001100011110110
10111011110100010010101100010011
00111100110001001101001111100101
10111100111111011001101111011111
00111000110000011100000111011001
10111001011101111001011111010101
00111100011000100111101101010011
10111011100011101010001010011101
10111101011011010100100011000101
10111010100011010101011110101010
00111101000101011100101010000000
10111101000101011010111101010100
10111100011000111001100001011001
00111100100101011100001001101100
10111101010011101101111100000111
00111101000000010011010110110011
10111011111100000000001101000010
00111011011011101110100011101101
00111101101010110010100100110100
10111100101111110100110001110100
00111100000010000110010101001100
00111100101010011010111100101100
10111100100100010101100100110101
10111100011101011100000000111011
00111011101110111011011000000000
10111100100001010100100111000001
10111100110110110010111111001101
00111101001111101101001001011011
00111011011010001000010001010011
00111100001100111010111100101000
00111011101110101011001001000100
00111100000000010011010100010110
00111100111110010000010000110001
10111100110001100110100011010010
10111011010110001010001011001100
00111101111001100001010011110101
00111100100110100000100111111011
10111100000000010011111100111011
10111010000010110011000111001010
00111011100100001010010110011000
00111101000000111000001011001100
00111010101101010101001010001111
00111100011110111110111011100100
10111101001100011000110111010001
10111011010001000000011110100110
10111100111010010100101000111000
00111100100110110011010101000010
00111101000001010000110111000111
00111101000000111100101011001000
00111010111010011010101010111010
10111101001100101001001001011100
10111100011000100000001111110000
00111100010111100100100100110010
10111010110001000010110101100000
00111100100011110010011010100010
00111100000100000011110010111111
10111100010110010101000110101001
00111100010010110011111111110100
10111100101001000101100010110001
10111101011111101100100000011001
00111101000101001000000111111100
00111101000101010100001110011100
10111101000011100010101100001011
00111101111010000110110001100100
10111101001101001110101111010001
10111100010101101111011110010100
00111101111111101011011110011000
00111101101000000000110011001101
00111101010000101010111101010010
10111101110100000111110001100010
00111100100010110001010011011010
10111101000100010101010011001110
10111101010011001010011000001110
10111100000010001010100110010001
10111100011111011000110110101011
00111100100001010001000011110000
10111101100010101111100111001000
10111110000101101011101110101000
00111100000111011100101111001010
10111100110011011101101110100110
00111101101000011011001001010010
00111101000110111001010101011101
10111011101011010111101111100000
10111101001100100011011010000011
00111100001101010100101010011011
10111100110110010000110100010111
10111100110010000101010111100011
00111101010010000010001001010110
00111011100111110010111000111101
00111100111001000010011001100001
10111100101000010110101111110010
10111101001001010101011110000000
10111101001100110111011010111010
00111101001000011100110110101110
10111010101010010010101001001011
10111101010000001011010101101111
00111100101101111100001000101101
00111101001110011011110000111011
00111100100000001110111001011000
10111101000001100111010001111101
00111101010101001111110000101100
00111101101010011011111010110000
10111101011101000010001011011101
00111100011011011011011001111001
10111011110111100000100010110000
00111101000011100001101010101001
10111100111100101100011001011000
00111011000011110000100111101111
00111100111000010100111110111011
10111100110101111100101110000101
00111101010011111000100010110001
10111011011001111100111100101110
10111011110001100011010010101110
00111100111001011010000100100101
10111011111100010101011001010010
10111100111000010100110001111100
10111100101000101010100000000011
10111101100110110101101011111100
00111100110110101011000000111111
00111100111000011111101101010100
10111011100110100011001001000110
10111100111110001100111010001011
10111101100111001110001010011001
00111101100011101000010011100111
10111101000010001000111011010001
00111100110001010000001001011111
00111101010000111000111010001010
00111011000110111001111101011111
00111100010001111110001010010110
10111101100001101111001111011111
10111100010000110010000111010110
10111101011011011110101111000000
10111100001111111111000000110010
10111101010010110011110110000001
00111100001010101001110011111100
00111101000000000001001111111000
00111101110110101010101110011001
00111011100001111100101111110101
10111101000111010100000000011110
10111100100011110100100010101010
00111100010101101110110100110000
10111101000001001110010100000100
10111100101100100000011111000001
00111101000000100100100110100111
10111101011010011101010010111010
00111101000000000100000110001000
00111100110101100010111110101001
10111101001000010100011100110111
10111101001100011110111011011101
00111101001110100100110101110101
10111100010011111110000101110111
10111101001110001101011000010001
10111100000000100001101010100111
10111100110001010001010001110100
10111100110010100110000011111001
10111101000001010101010001000101
10111100000010110100011100110100
00111100000010000100010100011011
00111101001100110010010000000101
00111101011000011000111101110001
10111011010111010101100000010100
00111101100010011010111010010111
10111010110110010100010010000110
10111101100100001001101011011011
00111100010010011111010010111111
10111101010011010101100111101110
10111101010010100111000100001100
10111100010110011100100011001100
00111100101110110100000010101000
10111101000111011101111001000010
00111011110100110011000001111110
00111010101000010001100011000010
10111101100000000010101011011011
10111011101110001001101010110101
00111100000011011000011111101001
10111100100100011011011101000011
00111101011011100100000101100111
00111100111111111100110111111000
10111101000000010100101100011100
10111101001011010111111100101011
00111100010011110011100011010100
10111101000000111010010111100000
00111101101001101010011111101000
10111101100100000110010011111110
10111100100000000001100000011110
00111100101110000101110001001111
10111100110110110001001111011100
00111101001000111000000100001111
00111011110100001100100100101001
00111100110011010111000000000011
10111100001100001010110110100111
10111100011011010010100110010011
10111101001111011001000000110111
10111100110111000001000011010010
10111100000010101100100001011110
00111100110001001100010100111010
10111011000110000110000100011111
10111100111111110010101101110100
00111010111110100111011001011110
10111101000011101000110010110111
00111100010000000110111111000100
00111101000010001100101010110001
10111100000001000010001010101100
00111100111111011000010011011101
10111100110010110101111010110000
10111100011011101001001110000101
10111101011110010101110110110110
10111011010000011001111000100110
10111100100001010101100010001011
00111011101111010100110101100010
00111100000101101110110101001100
10111101001010001010110110110010
10111101000000000000100101111001
00111100111101001011101001011001
10111100110000001000011010110011
00111100101010000000110001011010
10111100010010001101111011010010
00111100011100111100001000011111
00111100011011010100000001001111
10111011110001110010011101111101
10111100101110110110001100001011
10111100110100101100110110011011
00111101011001100101110010001010
10111100110011000010001001101111
10111100101100100100010011000100
00111101001010100111010100010110
00111100111011111101001100101110
00111100001011101101111110000100
00111100011010100001110001010010
00111100100011111010110010111011
10111101100100111001010100110001
00111100011000111101010110000111
00111101001100111010011000001001
00111011010100010101100101101001
10111101100001101100010100110111
00111101010001100000100100100110
10111011000101110110010100100101
10111100110100101100010101101101
10111101001001100110110111010111
10111100011110011110111011001001
00111100100111110101111000100000
10111101011010100101010001100001
00111100111101100000101001000000
10111100111110100010010011110011
00111001010010001001010101111001
00111100001111010000110000110001
10111100101000100100001101100011
10111100111001001000101100101110
10111100010010000101010001100010
10111101011101111111001110010110
00111101010110100011101111110000
00111100011001001011101110110001
00111011110100011111010110011101
10111101000010010101010111011010
10111011111011111011011010010111
00111101000011100101111111001011
10111010011101110111110000100011
00111100001101001001111100001011
00111100000000011000011111010000
10111101000110100100000011111010
00111011111111010101111000101001
00111101010000101000101110000000
10111011100111001111011001101111
00111101000011010111000011011101
10110111101000011001100011010101
00111100001001111001000001110111
00111101011101000110100101110110
10111100110111101110100101100110
00111101000011001001111011101001
10111010100110000110111001011110
10111100110010001000001110010010
00111100100110111110000100111101
00111100010100001100101000000111
00111100001010101000011000011100
00111100110100001110101011110100
00111101001010101100110111010010
00111101000110001001111010010010
00111101001010110101101000011000
10111011010101101011010101010011
10111100001011000001011111001101
00111101011111011010010011000111
00111101110010001101111011001110
10111100000110100000000110011111
10111100110000010011001110101010
00111011110001011101001101000000
10111011001011101001101001010100
10111100011101011010010010101000
10111011110110011011100001101100
00111011111101111111001010011101
10111101001100011010111010001101
10111100111011101000100001011101
10111101010111000000010100100100
10111100100110011000111110011011
10111101000001001100010110101111
10111100111110100110111110010111
10111101010110100011010110001101
00111101001000100110011010100010
10111101100011000110001000110001
00111011010101110000001100001101
10111100110110001110101111000010
00111101000010100001100101000010
00111011101101000100100000011101
00111100010000001111011000000110
10111100101111010000101000101110
10111101100011111111001101111011
00111011110011011011001001000110
10111110001011010001101011100000
10111101010010000001000001001100
10111100000101010000011000111100
10111100000000110100110100001001
10111100010100001110101010011010
00111100100001010111001010100101
00111011001100010101111001111100
10111100100101011111101110000000
10111101010001100101100011001110
00111010110011001001101000010111
00111011010000110010110100111100
00111101000011001000101000101011
10111100101110111110100100011011
10111101010011011011100100011101
10111101000011111111001111001100
00111101101000111001101011000100
00111100000000010110101001010111
00111101010110011000001110011110
00111101000011111010110000110100
00111011100011011000011110111010
00111101001100000101111110101100
10111011011010010010000101111110
10111100111110101010101101000111
00111011101000010001101110101101
10111101000010100000011011011110
00111011000100110000001101011111
10111101000011000110001101110111
10111101010110111000100110001001
00111101011101101110111000110011
10111100001010111000010011000111
00111011100110010001101110101111
10111100100000010011000011000100
00111100101000111011100111110101
10111000100001001110111001000010
10111101001011001100000010100101
10111001011001001100010100100110
10111101001111101110110111100000
10111101011110000011111111110010
10111110000011101111101110001110
00111100001110110011010110011110
10111000101000010011000111111100
00111101000010011010001100111000
10111011010110011010101010110001
00111100001010110001110001110101
10111101000101011001010001011100
10111101100001101000001000110010
00111100010010111001001111101100
00111100100100011100000010111101
00111011101101110000101110100101
10111100111011100000110010101010
10111011010000000100011101010100
10111100100000111001011001001101
10111101000001101000011111010001
10111100100001010111110111010100
10111100001011110110101000110101
00111100100000000001010101001001
10111100110100000100111011100001
10111100101100000101010011100011
10111011100100001101100101111100
00111011111110110101110000010110
10111101010011100010101001111000
10111100111110010110111010011010
00111100111100110101011011100011
00111100011011011011000111000010
00111101101001001010100010010000
10111101010011111100010001000001
10111100011011111011100001000010
00111011011000011101111011111110
10111011000100001111011001010100
00111101100011111010010000011110
10111101011000110010110010011110
10111101010001001011010000101110
10111011011001001101111001100010
00111101000010001000000001101111
10111100110110110110001111110010
10111100111011000011101101100100
10111101010010101101101100111101
00111010111101110001101001111001
10111100010100100110011111000111
10111100011110101100000001100110
00111100101001001010001101100010
10111010110010011101100001010000
10111100101100000100110010010111
00111011100101000110110011000111
10111100101110100001111101100101
10111100110011000010011101000011
10111100001000001101001111100001
10111101101000000101000001010111
10111100100111000101111111101110
00111100111101000110110110011000
10111101001101000010010100001111
00111101000101101111101011100100
00111100100011111100100110001110
10111100010011110100001110111000
10111101101110011101101101111011
10111101100000000001001010110100
10111101000010001001101011111000
10111101000101101101101000001000
00111101010100110011110100010001
00111101001010000111000111000001
10111100010110001110100110111001
10111101001000011010011000101100
00111101000001010001000100110111
10111101001101001001010011001000
00111101000001000011001010001100
00111100101010100011000010011101
10111101000000011001011111001010
00111101010010100110111100001111
10111101100111101001110110010101
10111011010110111110100000110110
10111101011000010110000101011010
00111101000111100110111000010110
00111100101010100010100000011111
10111101000000101000010111100001
10111100100111001001111000100111
00111101010011000111010111001011
10111101010001011011001111110100
10111010001001010101111100000110
10111101000010000011100101111110
00111100100000010101101111011010
10111010111110001010001000101000
10111101001101101110111111010110
00111100110111100100111001100110
10111100111110001111011001010110
10111100111101111011011010010110
00111100111110110000111000100000
00111100101000110101110010110100
00111100011111100101000100100101
10111101000100100101001011010100
00111101001111001111010101000110
00111100100000010010011011000111
00111100100101011000010011101101
00111100011110001111001100010111
10111100111010100111110010001010
00111011110011100010100101101111
10111100111011110011010001100010
10111101001110001100110001110101
00111100001000111010011001001011
10111101001101100100100010110000
00111100000010011100110011000001
00111101000001000010110111100011
00111100001110011110110101111101
10111101010010001110010111010010
00111010000101010111110101100110
10111100110000001011101001100111
00111100100001000100111000010101
10111101011110001100001000010100
00111101000000010100010011100111
10111101010010111111000001110011
10111011010100101110100011001101
00111100000011111000110101011001
00111100010101001111011000001110
00111100010011001100010100011011
00111100110111000000101100011111
00111100101100010110101101100110
00111100010101101111110010100001
00111011000011010010111010010111
10111101001110111001010001111010
10111100101100111011001100001100
00111101000010001101011000100100
10111100111100001101010101011010
00111100000011100110011111101101
10111101001011110110100101001110
10111101001010010111000101100100
00111100010011100100110110100010
10111100010111000111111000100100
10111100111100011101001011110010
00111100100001110001000100101101
10111101001001100110000110000001
10111100101101111000010100110000
10111101011001000111010001101000
00111100010001000100101100001100
10111100111111000010001011010100
00111100000000011101010010100100
10111101100100010011011000111100
00111101000101101100100001111111
10111100010110100011110000001010
10111101000010000000000101010001
10111101001101000001001110100101
10111100101101110111011010011100
10111101001001100011111010111000
10111100011110000101001101100111
00111010001111001001001101011101
00111101000010111101100001110001
10111100110000101111100100100111
10111101011101100110001111111110
10111100000011111110110000001011
10111101000101100101011100111011
00111100111100101110110011100110
00111100000101110000110110101011
00111011011001101111100011000011
10111011101110001010000101110000
00111100111101101110111111101111
00111100111101011000111111001101
00111100101001110011011001011100
10111101011000110001110010010111
00111101000010001110101110011011
00111101011101001011110001111111
00111100010111100011101011000110
10111100100100101010011100001101
00111101000001111011010111100000
10111101010101111111100010011010
10111101010110100000000101000110
00111100001100101100010011010011
10111100110111101111110001001001
10111011010101010101101011001110
10111100110101110001111100000110
10111100101100010010000011100110
10111011101101010011101101100001
00111011011011100110001010000100
10111100011110011110011100010100
00111001110100101111010000111111
10111100001010000000101100000010
10111100110011000010000110010000
00111011110110100001011101111110
10111101000000010000001100101110
10111101011011100000010010010010
00111101000001110001001101100010
10111100110110001110111111001101
00111101010000011010011001010101
00111101010111100011010110010101
10111101001111010000100110111000
10111101000100011101000010110000
10111010000101001001001000011010
00111101010011001010010011011011
00111100001001100110010110001110
00111100001110100010110101110100
10111011110101011011000111000101
00111101000010110101101111100011
10111101001001010000000101010001
10111101011100101011101101111010
10111101000011010100101110001010
00111100010111000001111110010000
10111101010101001111101101110111
10111101101001111111111110000010
00111101101010001110101111111100
00111100010000000001100001010001
10111100111011101110001110000000
00111011111010101100011011111010
10111100111001011101100010010111
10111101011001100001000100100011
10111100100000000101101000111111
00111100010111011011011011011100
00111100111110010011000001010011
10111100000010000010010000111001
10111100100010011001001110010011
10111100001001100001001010101111
10111101000110111001011111001000
10111101010101100010111110011100
00111011010100000001111000011101
00111101000011110110010000011110
00111101000010100101000111011110
10111101101000100101111101111111
00111011110100101010110110001001
00111101000111100111110111111010
10111011110101000010010000000000
10111100110001101100010110111001
10111100001101010100010100000001
10111101001111011001011111100000
10111101001000100100111000000011
10111010111111001111100100001101
10111101101001010010011101011000
10111100101011100110000101011101
00111100111011011111100110000100
00111100001101110000100101000001
00111100000110011110111110110101
00111100101101011100110111010110
00111100000110111011011111001011
10111100111100110000000001111111
10111101000011001011101001111101
10111101100000101101100100111010
00111100110001011110011011101101
10111101000010001011010001001000
10111100000111101111111111001101
10111010111101011100011000011100
00111100011111111101110000001110
10111101011000001100011111010100
00111100110100011111000000001001
10111011111010100101110000100010
10111101100100110000110111011101
00111101000111000001100101010000
10111101011000010010000100101001
10111100110101001101011100101111
00111100011001100001010100011111
10111011100100001101001101100111
10111101001011111101011101001000
10111101010100011011101001100111
00111100010110100001111001101000
10111101011111111001001001101110
00111100110111011100100100000010
10111100100110000110100000101001
10111100100111001011110011010100
00111101011001011111101000111001
10111100110111001101010001001001
00111100010111011110100011110011
10111100011101010010000011011011
10111101100001001000010010101100
00111100011101000110011001110101
10111101000001111001100100011011
00111011000001110011010101101100
10111100000000010010101001111111
10111100000011101001010100111010
00111100101100011011010101011000
10111101010101101010101010100110
00111100111111011111000011100100
10111101000111001001100011100011
10111100010010001010000111010111
10111100011110000100011000001011
00111100111111010011001001111101
10111011110100111000010110001000
10111011011100111110100100100010
10111100101001011011101011110011
10111100101011001110100010101011
10111100110010000001101101100011
00111100101001000111010110100100
00111101011001000011000001011001
00111011010000100110000111110001
00111101011001010001001110001001
00111100110100000111000110000011
10111101000010001100000011100110
10111100111101111100101000000110
00111100100101101000111110000101
00111011000010110000101110001111
10111011101010000010100000000111
00111011100011010010001001101010
00111101010010001001101100101010
10111100100001001000000101011011
10111011111101000001101111001010
10111101011000111100010110110111
10111100101001101110010001111110
10111101000101001011110000101010
00111101001100000010100111000101
00111010111001110010101000001010
00111101000001110010001011101111
10111101001001010011011100001100
10111100111000011110100000001001
10111011110111100011010101111110
10111101100110010100001100111010
10111100111010010100110000110000
00111101101000001001111101011001
00111101101000100010100001100110
00111100101110000001010010101000
00111100110010110110111010001011
00111101011011010010001111000001
10111100110010001111011011011100
10111101000101010010110000101111
00111100110110101000111010011001
00111100110010101111011110010010
10111100110000111111110000011000
00111011000010110100101011100110
10111101000011010111010100100010
00111100100011000101000001011010
00111100011111011100000001101101
00111101000101110000111110011100
10111101000110011001001110101010
10111100110001011010001110011110
10111101011001111000011001011010
10111011000101001001100001110101
10111101011100010000010101011111
10111101100011111111111010110101
10111101011010110001101101100011
10111100101101110000001100011001
00111100001000000100000011100001
10111100101010010101001000111110
10111101011100110101011111111111
00111100001110010111111101110011
10111100111111111001011010001101
00111100100111101101101111111111
10111101001000110100010101111010
10111100101110110010000010101001
00111011001011011001011110011010
10111011101001000111110011000100
00111101011001111100100011101001
00111101010000111110110011001001
00111101000111101001010001001001
10111101000101101001100010001010
00111100011001001101110111100011
00111100110011001111010010000001
00111101001001110101111010000110
10111001010110111100100100111000
10111100001000100011110101001010
10111101000001111000100100010001
00111010111100100011001010110100
00111011101111100000001110010110
10111101100100010010101011111101
10111100111000010001111001011100
00111101101010011101010011011001
10111100100111001101011100010101
10111100001100011011000001011100
00111101011001000000111111011100
00111110000001100010000110101010
00111100000001101010110101011001
00111101000001010000111100110110
00111100110010101101101011111110
10111011001001110110000111010010
10111101000011110100001011111111
00111100101100011000000101111001
10111100111001000110001111111000
10111100101111101010110110100000
10111100100111110000011110001100
10111101000001000001000110111111
10111011111000011011110101001110
10111101100110001110100011111110
00111100101111110011101101111000
10111101100011101101001001011010
10111100010110111000110110010101
10111100111100101001000101110001
10111100101000101111100011001001
00111100110101111000000011000111
00111100101111001110111111011010
00111011100110111010000000110101
00111010110001101011100000100101
00111011110011110101101100000110
00111101011110101011000000011000
00111100011110100010010010010010
00111100101110111010111010001101
00111100110100000000111011000011
10111011101100000111100000001100
10111101001101011011001101111001
10111101100110010110101101110011
00111100100000110011111001100001
10111101010000011100110010100110
00111100000111010110011110101011
00111101100010010110100011010111
00111100010001111000001011101100
00111100101110101100100001010111
10111101000011101000010001100001
10111100100111000011101010001110
10111101001000000110000110100100
10111100110111111011001011100110
00111100111011011010101000001011
00111100110111011101111110000000
00111011011110101101101000101010
00111100101111011100001100000000
10111101000001111100011111101111
00111101010111111101100010001000
00111011011010111110110011101011
10111101010100011110101000010111
10111101000100001111101110100001
10111100100101010110000110111001
10111110000001001101100101110010
00111101001100111010010100110011
10111100101000011101111010110010
00111011000111101001100010101001
10111100110100011101101000110011
00111101101100110000001111000100
00111101101000011111110001011101
10111100100100001111100110001111
10111101100100100000001010001101
00111011111001110000100000001100
00111100010011000101000111110100
10111100100001100010110101010110
00111101011111011000011010001010
00111101001000110011111010011001
10111101001111001011010011010010
00111100101000100101000111100010
00111011111010010101111101000000
10111101010000101000110011110011
00111100100000000100010000110010
00111101100010001101011001101000
00111100100100001101110000000001
10111100111010101001011001111001
00111100101000010100010111101011
00111010010101100000101010110011
10111100001100010101110000100111
10111101000111001101100100011111
00111101000000100110001110110100
10111100101111001010000001101110
00111101000000111111111011110111
00111100100111011000001000111101
00111101011011010101111111100011
00111100101110001110111110000010
10111100010000101101001110000000
00111100100100000011011101011000
10111101000010011101111000101011
10111100100101110000010011000111
10111101000001110110110000110001
00111100110101010101000101111101
10111100100111111001001000010101
00110111101010010001001010111001
00111100100011000001011011101110
00111101011001111110001001111111
10111100100100111110001111110000
10111100100000000111101010101010
10111011010010010111011101011110
00111100100110010011100001011100
10111101101100110001000001101101
10111101001100000101011000101111
00111100011011111101000100001111
00111100100001110111010100010110
00111100011001100010110001000101
10111101100110110100110011001101
10111100110001001111011011000010
00111011011110111001001011010010
00111101000100111111100101111010
10111101011110011100011001001001
10111100110100011001111100011110
10111100010110011101100111011100
10111100100001000001001111010111
10111101011100011010101110001001
10111100000001010100111101001100
10111101001011010011001000111101
10111011101000110000101010001111
00111100111011010101001100111010
10111101001011100010001110001001
10111011101100000010011001101010
10111100101010101100011111101111
10111100101111011001110110100000
00111101011001101110000100010010
00111101000110110110111011011011
00111101001110010100100100110101
00111101100101111001101010100010
10111011110010101100110010101100
00111101101001110011100100100001
00111011111011110010100000000011
00111100101000101101001011110101
10111101100000000011100110111001
10111101010011010010000111000000
10111101011011110110000111101110
10111100010110111111001101111000
10111011101110111100001100111010
10111101100001101110000100111001
10111011000000101000000101010011
10111101000000000101011110000100
00111100100010101001111011101011
10111101100010001100110100011011
10111101001010011110101110010111
00111101000001010011010010010010
10111011110000100110010010100110
00111101000001101011010101110011
00111100110110000100111111000000
10111101000010100000100110110001
10111100110000101001000110110011
00111100111110000100001000001011
10111101001010011011100000101101
10111011101010010010000110011101
10111100011011010101110110010101
00111100111100111001011100100010
10111100010001101110100101010010
10111101010100100010100011110111
00111100100101010101000111110011
00111100010010101010111000111010
00111100111000001000001101011100
10111101001011001111010000011000
10111101000000011100101100101011
10111100101010101011011110010110
10111100110101101111010101001101
10111101000110001110011001110100
00111100100001100011110110110101
00111101100100100000001010101000
10111101100100000110110100111100
00111101001110101010111010101111
