10111011101110111100101011011011
10111101000011110010111000100100
10111100111100011111111000110001
10111101001111101011000111100111
10111100101001011110011011011101
10111101100010110010001011100001
00111011011100101001011001100111
00111101001011001010001110001011
10111101100001100100010100110110
00111011111010011100110010001010
10111100110001001001111110101110
10111100110000111101111000010111
10111101010111110001000111001000
00111101000111011101101100100011
10111100110000111000111100101000
10111101000001100101111110001101
00111100111000111100001011111000
10111101001000010111010011010010
00111100000011011111100001010010
00111100111110011000100101010111
10111101100101001001010101101000
10111011101000000010010101001011
00111100000011011111001010100100
10111101000111100110000011011111
00111011111011110110001010010010
10111100000111000111011011001011
00111100100111101010110000110011
10111100100101111101100010010010
10111010111000110001110011011001
00111100001101011011000011000010
00111001110110110100110101011011
10111100100100000010111000000000
00111100110100101101000001101000
10111100100001100111011011011010
00111100101000101001101010101111
00111101010011001001110110111110
10111100101111001001111100011010
10111100100010100100100110011100
00111100010100100110101001001001
10111100101110011100101111000100
00111100101101011000001010000111
00111100101011100010100100001110
10111100111100100111010011111010
10111101000110010101010010111100
10111100100111001000011000000100
00111100011000010110010101111000
00111100101111101001101110101010
10111011010100011000000100101011
00111100111000010111000110000010
10111101001000000010110000101011
10111100010101100001010011011110
00111100111110010010110111110111
10111101011001011011111011111101
10111100111110011111010011100000
10111101000000011110101010000101
10111100000110110001011110110010
00111100100111101101001001001001
00111011101011001001111000101111
10111100110001000011110001111000
10111011100100110110000100011100
10111100100111100000000011101111
00111011001000100001001010001111
10111100101111000011110100000001
10111101110111011101001000101011
10111100001010011100110110100101
10111101100000110000110101100010
10111100000111100101110010100001
10111100100100100100010000011110
10111101100110010100101010010111
10111101000011011010011101001100
10111011111101110100011101110011
10111101100100000101010010010000
00111101001000000101000110110100
10111100100110011101011110011110
10111101000011100110010111110011
10111100010000001000100111111001
00111101111110101100001111000100
10111100110101100011001111011011
10111100001101100111101000000011
00111101000001000011000101000110
10111101011101010000001011111110
00111100100101010011011000110011
00111100100100011010000111101110
00111100000011010011101101011100
00111100011000100100010101100001
10111001111011101100110101000101
10111100010010010010011001100011
00111100101010110110110001100000
10111100001010000101011110000001
00111100011001011110000110001001
00111100010101111001110000111110
10111100100110001101111111100101
00111101001101100011011111111111
10111100101101111010011011001010
00111101100111001100011001111010
00111011101110011011001010101111
00111100011110000100100111000001
00111101100011101010010100011010
00111101010001101110101111010011
10111100000111010000110101001000
10111100110111101001011100100011
10111011111111001111011010010101
10111101100001110100100100001010
10111100100001010110111101011100
00111101100011100010111101100111
10111101000101110001111000010100
10111100100111110101000111100011
10111011111110010011011101010110
10111101011001011010100010010111
10111100111000101001011110101101
10111101001000101010111001110111
10111101001000011000100100100101
00111100001000111100110101101010
00111100010001110100001001010011
10111011110111001010110011100010
10111101000001100101111000110100
10111100001100011010101010011001
10111101111110101100111010110101
00111100100100001100011001000000
10111100110000101111101000111110
10111100111011010111000100110101
10111100010100011011011011100110
10111101001011111000000111100000
00111101000011001010110000001100
00111101001101101011111101111100
10111101100000001001110111100110
10111101010011000000001010111111
00111011110110011111110100110001
10111100111011100100100000010000
10110110011111010001100001000100
10111101000001101011101110100110
10111100001010100000110011100100
00111100001101111000011000100111
10111101100110001110011110101010
10111101010000111111111010000111
00111101100001101110111100100011
10111011001111001110101100011110
10111101010010110010001101000000
00111100110110100010000100100111
00111101010111101111011001110111
00111101010111010100010100001011
00111101010110111100010001101111
10111011110101000100000000011001
00111101000001010010111000000011
10111100001000011010110111010101
10111100100011101110010000101010
10111101011101110101101011110110
00111101011111101101111101100111
00111101001100010001011000101011
00111101000011100111101100100001
00111101010111111010111111101000
10111101010010101111111011110000
10111100100100111101100001000001
10111100111100110110001001111001
00111100010100101011000000111011
10111001110101111010111101010000
10111100101011101100110100000100
00111101001001011101011110111001
10111101011001110001011010101101
00111011101110100111101011101111
00111100110110010111110111001101
00111011000000110001111011101111
10111100101100100101111100011110
00111100010010110110001000100000
00111100101101000101111110101100
00111011110011000001110110110101
10111101011000100000010010100000
10111101000010000100101110100111
10111100110011111111110111010010
00111101001011100110101101100111
00111100010011111011000000010011
10111100111111011110111100101010
00111101001111100010001111110111
00111011111010110111001101110100
10111101000000101100001110000000
10111100011011110101110100111000
00111101001000011010100011000100
00111001101101010000010010100101
00111011111011111110000000011000
00111100111111000100000111110000
00111101010001011101111010100000
10111101011101000110100000010110
10111100110100100101011101001011
10111100111000101001111000010010
10111100110100100011011011111000
00111100101101110001001010100101
00111100011110011100110110100001
00111100110000010000100101110110
10111101000011101011011000011100
10111100100010110100101000101000
10111101010110100110001100010101
00111010111101101101110011101111
10111011010100110101000110011001
10111101011000110000110011001100
10111100000100111010001000001000
00111101100011011100100100100100
10111101100110011001000000010100
10111101101000111011000100100101
10111100011101000001100110110110
00111100101110000011100000110100
00111100010010111100010011011011
00111101010000101001011111111011
00111101010011011101111111001100
10111010101100000110011111001100
00111100100011100001001011110111
00111001011100111000101001111010
10111001111100101000001000010111
00111100100110001110000011101000
00111100101111001010100111100011
00111100001001001101010110011110
00111100110010001010101110101111
00111101001110000101111110010101
10111101000000100011111111100100
00111011001011110100110010010000
10111100111101100010011110010000
10111100011100110001001110100001
10111101001101101001001111111101
10111101001001111000001010111010
00111101001000100010110111100001
00111011111010001101000110111110
10111011110111100101010001110111
00111101001010000110100100010111
10111101000011011111010101011110
10111101011011100001110101110111
00111011111011110110100010001000
00111101000100101001000011010100
10111100100011101101000000110110
10111101010000010101010111000010
10111011011110111101010110100101
00111100110101100000110110110101
10111011010010000101100110110011
10111011000100010010001100100101
10111100101101011010100100011110
10111100011111010101001010110000
00111011001101111010000010110110
10111101001010011100100010011010
00111100101111111011111001011011
00111101111110101000000010010110
00111100000011100011001101101101
00111100000100100111010101111000
00111101101110011100100111000110
00111100010110100010110111100111
00111101100001001100111011001101
10111100010111101100100001001011
00111011110110100001000001010111
00111100100111100011110011010010
00111100111000010100111010011001
10111101011100000110010100011011
00111100011010101111001100010101
00111101010111000010011010001010
10111011000011010000100101101011
10111101110101001111101000010110
00111011110011111110000011001111
00111100011001010110110000101011
00111101000110011111010011001110
10111101011001101001000001101110
00111101011000111100011001110111
10111101000011100101000001111110
10111100101011011011010110000000
10111100100001000100111110011100
00111100111111000110001010001000
10111101011101001101100101000100
10111101100000011011111101110111
00111011111110011101011001110010
10111100011101010100110100011101
10111011110110000001100101010000
10111011101001100100010000101100
10111101100100101111000010010111
10111100000110111011011000011110
00111001010100110110011100011111
00111101000011010110101101101101
10111101011011001110100000011101
10111100000010001111000111110111
00111100110100101001011011001101
10111011111001101110001110110001
10111011011011011110110010011101
00111101011000101010110010100101
10111100111101010100100011000010
10111100011100001010001100011110
10111100110110101111100010110010
10111100100000101000010101010010
10111101001110111110100101011110
10111011111011100111110111011110
10111100101001111101101111111100
00111101000101001101010000011110
10111011101110011100001011000111
10111011111010101010111001010101
10111101100100110010101101000111
00111101001010001001110001101011
00111011101110011100110011111000
10111101010011000100001101111101
00111101001010011101101100001010
10111100111110111000110001010110
10111101111001100110011010111101
00111101010110001111001101001000
00111100100110000101110010010011
00111101000001010100010010111110
00111100101100101100101001011011
10111011001011001111110101111011
10111101100001001110010011101001
10111001010110000110110010001010
10111100001111001101000111001111
10111100000011000100000001110111
00111101100010010110001101011011
00111101101000011100001011100111
00111100000101001000000000101010
00111100100001110010111010101100
10111101100100010011010100001001
10111101100000000111000101001010
10111101001111100110001110100011
00111011011011010010100100100101
10111101010010001100001011001110
00111101010110110000010110101111
10111101010100000011111011100001
10111100110101010000011111011001
00111100111011110110011010111111
00111001100001011100000101111001
10111101000111001111101001001011
10111101000110110001011010111011
10111100100001111000110110001101
10111101010000010011100010000101
00111001111111000001011000110011
10111010111011110111110101000111
10111101000010110010101001010110
10111100111100110100110111101011
10111101100101011010110010010001
10111101010010110010101100000100
00111100100001000001111111100110
10111101010001100011001111101010
10111100100100100000110110100101
10111100101111010110110001000001
10111100101010010111001101101011
00111100100101000011001001001101
10111100011001110010010001000101
10111101010000111110011100000001
00111100101111101100000010010100
00111100100100010011101100010100
10111101001101111101000111111101
00111100100010000001001011010010
10111100000101010001111011100110
00111100000000010000011110000010
10111100101100101010101001001010
00111101000111000000110100111001
00111100010111100001001111000011
10111100011000010101110001110011
00111100001110000110000001010111
00111100100000110110011110100111
00111101000010010010100010111010
00111101010110000100001111010111
00111101010101110001000101101011
10111011111001010101111101110100
00111101001110110111101101010101
00111100011011100001010011001100
10111100110111001000110100110101
10111100001001011000100101010111
10111100110101111100110101000100
00111100100100011001001111101111
00111001110101111110010100110101
00111101011011001111100100100000
10111101000101100100011000101011
10111100111110100110000111011100
00111100101000000111011111001111
00111101001111100110101011111100
00111101011010010010110010110001
00111101000011001011000010101000
00111101000010110001000110100111
00111100111001010101101010010110
10111100100010101100000001111001
10111100100100101001011000010100
10111101001100100101101011000110
10111011110100010011111111011010
10111101001100011011010011001101
10111100110010011101010110100011
10111100001100011000111101001100
00111100100101110000110101110101
10111011101001101100100000011001
10111101010100000101000001110101
00111010001110100010010100011010
10111100101011010000100110101001
10111100111111011010001001100111
10111100101001011000111100011010
00111101100011000000101101011100
00111101010011000111111111110001
10111100010110100000000011011101
00111101011000011000000011001001
00111101000011011100000001001100
10111100001011100110100111000111
00111100110101100000000000011110
10111011100100010010011100001000
00111100100000000110000010101110
10111011111000000011100100000101
10111100110001111010101111100100
10111011101101101101001011011010
10111011111100110111111011110000
00111100111111100110101111010001
10111010111010011100110110111110
10111101010000000101101111101111
10111101001011101101111001101001
10111101010111011011110100101011
00111101100110101100110000000101
10111100100111001011010110100010
10111101000100111001111000101000
00111101000000110110101110010111
10111100100100010010110011111111
10111100000110110010000100101010
00111100101110010101010011110011
10111101111000010111101011110010
10111101101000100010011101000111
00111100001101100110000011001111
10111101000011000001010001111010
00111011011110010101011111100010
10111100001001101011111000001110
00111101010010001111101011010001
00111101011101111011110001011101
10111101100010101000111101100100
10111011111011111111110001000000
00111101010111101011011110111110
00111100110000011000001101011001
10111101101000111010100111000101
10111101100001110011110001110100
00111100000100100100100010100011
10111100011011111101001000100000
00111100110101000000110001100101
00111100101111110100001001011110
10111011100111010100110011001111
00111100001010000010001100111110
10111100101110010011111000000100
00111100001010010000000100010000
00111100110101000101011101010101
10111100111001011100111110111001
10111100001111011110011001100011
10111011111110110101100001010101
00111100001000110101101010000011
00111100000001000011000100010100
00111010100001110010111111000101
00111100011111111101100001011011
00111000101100011011010101000100
00111100010000000010010001001100
00111100101010101100001000111010
10111100100110101100101100011101
00111101010000101111000101110001
10111011100010011011000101111011
10111101010011011001101100101111
10111100100011010000110111110010
00111100100110101100110000011001
10111101011000100011000000010100
10111101000111111100100100000110
00111100010001000110001101111111
10111100101000001001000011111100
00111101100101111001110001101001
00111100101100110010110010001011
00111011110011111111101111000001
10111100110100011101000101110011
00111011110111111011100111011100
10111101010100011111110011011101
00111100101011001010101101110110
00111100011011101101110100010010
00111011101010101010010110011111
00111011110110100101101011110010
00111101000111000010000110010111
00111101000100001001101010100100
10111110000001000111000010101010
00111011000010000011110011000100
00111011111011100101011100110110
00111100111000000110000011010100
00111100100000000111001001111011
00111100111011100010101110110111
10111100100111110001101111010000
10111100100011000001111101110001
10111100011010101110001010000111
10111100110110111100001111111001
10111100111001101001110001100011
10111100111110000111110011010101
10111101001011110010100100101110
10111100011010011110100100100001
10111100101111010111110011011000
10111011101010100100001101101010
00111100110001001000011011110101
10111101000010010011010000110011
10111100110100011010111101110111
00111100011001111011010100100000
00111101011110011101001000011011
10111010111000111111010011010001
00111101000000110101000101011100
00111100010010010101100110110000
00111101000000110101111010011110
10111100001010011111111111010101
10111101010100100011011110110011
00111011100010111000010011110011
10111101100001111101100110000101
10111100111001110010111011110100
10111100101101010000000010111101
10111100100110010011001010010010
00111101011001100100110100110110
10111101100010001111001011110000
00111011101110010011011000100000
00111101101001011000011100111110
00111101000011111000100111001101
00111100011110010001001111001000
00111101100100100100011100010010
00111100000000001101100011011011
10111100110011111001110011110101
00111100110100110110100101011100
10111100111011100011000100010001
00111101110000111001001011101101
10111100110001110001110111101111
10111100101010100111010001011110
00111101011001100010110100001110
00111100111001110000110101110111
10111011001011110101010001011011
10111011011101010101011000010100
10111101000011100000001010100011
10111100111101100010010100010101
10111100010111111100010110000000
00111100000011010000011001010011
10111011110000100001000010110011
00111101001001100010101001011111
00111101001111010011101001010110
10111011001111011111011000011010
10111101000000001110100100110111
10111100100101110000110100001110
10111100101110010000000100110111
10111101000000001100011010001001
10111011100101001001010010111011
00111011010100001111111000100100
10111101100001010110001101010011
00111010101000101110100001100011
10111100010001110110110010111110
10111100001000110101111110000111
00111011001100110100111100010101
10111011100001000001010001101110
10111101010001110000010100010001
10111101010110011101101111111011
10111100101100000111101011000001
10111011010000100100100010110101
00111100001010001101000000011010
00111101011001011100010110000001
10111101000110011001011111111000
10111011000101010011011001111101
10111100100101111111001110001101
10111101001110000110100000001001
00111100100100110010101000001110
10111100100001110011100111000110
10111101010011111010101011011000
10111101000100111110100000101011
00111101010111100000111110010011
00111100010001100110110011110000
10111100011010010110110110011100
10111101000010100101100010100111
00111101010011101101010100101010
00111100001111101011100110101111
10111101001010011110001110010001
00111100011111101001010110000000
10111100110111111000111111011111
00111011000110001100100101010100
10111101001011001011101000010001
10111101000101101000100011000011
10111101011101100111110001101011
00111100101101111101000000101101
00111100010100101000010111001011
00111101000010011000111000111111
00111011111101010100100010001010
10111100000001011001111110111100
00111010011011010011101010011000
10111100101001001000001011111001
00111100010101001100010110110111
00111011001001010111010101011101
10111100111100011000001011010111
10111101000000100000010111010001
00111100010110001010011000111111
10111101010000010100110100110000
10111100110101100100100011111000
10111101000011101010110010001000
10111101010010100110111101010001
10111101010011001100000100001000
10111101010011101011110101011001
10111100100010001100100010011100
10111101100000100000011101101001
00111101000001010111011011000100
10111100101010000001000001101001
10111100110100111010001010100011
00111100001110100111010100110110
00111100010000111100100111000110
00111100001101110010100011111011
00111100110100111110110100110101
10111010000011011100100100010110
10111100101101010000000001011100
00111011111000110010110011100101
10111100011001101011001111001110
00111100101011011110110100000011
10111101010011000001001101000010
10111101010101011101000010010010
10111011101110111000110100111100
10111100011000001110101100110110
00111100110110010100001011001110
10111011111001001000110000010110
10111100000101001111111001010101
00111100111010011111010101110001
00111101011100110000110101110010
00111011100010010111111011011101
00111101111111101011101001110110
00111101100001000001101001001101
00111100101000010011010101111001
10111100100011001001001110100111
10111101001101001000001111000111
00111101010101101110001000111011
00111101001010100110000001110100
10111100101111110010100101100001
00111100100000101000101101001010
10111101001111100011010010001010
10111101001001111001111111100101
00111011000010011101111000001101
00111101101010101101100111111110
00111100000001110100010100101000
00111100100000011111000001101000
00111101010000011000000100101001
00111100001000111011110101011001
10111100100110111010100101101101
00111011010010010011001100100010
00111100010000010111111000010100
10111100001110110000101010011100
10111101101011000010000001011010
10111011111101101111110110011010
10111100001011100101000111001100
10111101100011010010100101100000
00111100100001101110101111000100
10111101001110110100101010110000
10111100000101010111111110001000
10111011110001100000110110010011
10111101011110110111101001010110
00111100100010011011010000100110
10111101000011111111100000100101
00111101000010101000000100101111
00111100001100011100100001101011
00111100000101000001110011010101
00111011110010101010001110110101
00111101001110111001100100011101
10111100111011100101100110111000
00111100101100010111110000101100
10111101001111111101100010101000
10111100110011111011010101010101
10111100100010110111111011111000
10111101010101101101011000110010
10111101001011010101010000111000
00111011000001001110001001100110
10111100100001000110010101100011
10111100110001100111111101111001
00111100111010010111111001110110
00111101000010010010010100001000
00111010010111110101010000100101
10111100101010000010100000001011
10111101001011110001101110111110
00111100000110100100110011100001
10111101000101011100010011110010
00111100001001110111110001010011
00111011101000100010110011000111
00111101101000110001101111111110
10111010100100101011101000110000
10111100010101110100101000101111
00111101011101101100011001101111
00111101000111000001101110011111
10111101010010001010011010010001
10111100100101010011000111011100
00111101001011011101101111111101
00111011101111110000100011101001
10111100001101100110010001101100
00111010111100000100100100100011
10111100101110011100011011101000
10111100100101100110101100000001
10111100010110111011000011011110
10111101011110100000110100100011
00111100100011001000101010110011
10111010101011010111101010001111
10111101000100101010000011001011
10111101000111000010110111000101
00111100110111010010110010000111
00111010110010111101111011001110
00111100001111011000001100011101
00111101011010010010110010000101
00111101001000001101110000001111
10111101000110111111001011010111
00111100011111101010110110001101
10111101001001011010001000000110
10111101001111101100100110010101
10111101101010111011001110000101
10111100100111001110000010000000
00111100100010011110011001001101
00111100110001000011111000011010
00111011101011111001100101011111
00111101001111011110111010001110
10111101001101001000111001101011
00111101000000100001000010010100
10111101100100111000111100110111
00111011100100101011111111001001
00111100101001000010110101111101
00111101100001101010011010111100
00111100111010101111000111100101
10111100111011100111111000101010
00111011001110011000000011000100
10111011110001000011001100001100
10111100011101001000000100001110
10111101000000010111010001110000
10111100110100000110010010010101
10111100110000110100010111100010
00111010101001001010100010001010
00111100001111001010100111000000
10111101000000100010001000110011
10111101100001101011011001100001
10111100100111000100111001010110
10111010110110011110001110011100
00111011100000000001011100011100
10111100010101010001111000011110
10111100111000101010011011010101
10111100101110111110010101110011
10111011000000001001101010101110
10111100100100100000110001001011
00111100100001000100100001111001
00111100100000101110101101111010
10111100000000001011000001111111
10111100110100101011111010110000
00111100111111110110011110100010
00111100110000111001000001001100
10111011101000001111000101100110
00111101101001111010110000100011
10111101001101100011101100010001
00111101011010011000101010111001
00111101010001111001111101111000
00111100100111000011011101010101
00111101010111100101100100010011
00111011010100001011110101010011
10111011100010100101111111011000
10111101000101011010101011000001
10111100101111010111001100010110
10111100001000000110001001111011
00111101000011111100000111110101
10111011101111100001010111101000
10111101010011000110111100111001
10111101010001111001000001000001
10111011110001000100100111110101
10111100101011101100001010011010
10111010111101100010101010111000
00111100001011110110000110100010
10111101000110110111111110000111
10111100011010010100110101101000
10111011101111100000000101001011
00111101000100100001101011100000
10111101000000010010000001011000
10111100110100100110000100011000
00111101010001110000101110001100
00111101100011100110011110001101
00111011100111111011100110111100
00111100111110101100101110010111
00111101010010111101001010110001
10111100110110100011100010100100
00111100100000110100100101000001
10111101001000110010001001001100
00111011111100000111111110100010
00111100100010010011000110100101
00111100111101100010101010001001
00111011001111111110011111101110
10111100011111011011011111010100
10111100001100001111001000001110
10111101010010110011001100000001
00111100101010010000101000110110
00111100101011100010100110011010
10111100111110101010101100011011
00111101001001110010000110011111
00111100101111111001001101011001
10111011001010100111010100100000
10111101011000000010111110010110
00111011110110011111110111000110
10111100101000101000110100011000
10111011111000000111100100010101
10111100011101000111011000011100
00111100000100010111100000010001
00111100110100010111010011100110
10111011111011000001101110000011
00111101000111111011111100101101
00111101000101101110001111100110
10111101000010011010000100010000
10111100111100100001011111111001
00111100000001001110111110001101
00111100000010101010111011111010
10111100111010010111010101110010
10111100011010100001010101011011
10111100111111010001001001110010
10111100110111011111101011110011
10111011100000100011000111101101
00111101000110010000000010101100
10111011100110111011011010110000
10111101001001010001101110100001
00111011001011001001111110100100
00111100100100010111100010100000
00111100010101001000011010101000
10111100111010101011000011001010
00111101000111001010101010110011
00111011111011101000111110010001
00111100010100100110001110000111
10111011001001011101010101011010
10111100101001101111001000011100
10111100011101100111101001000110
00111100111001100000011111010101
10111100011111010011111111001000
10111101000000011011110001001001
10111100011100001110101100011101
10111101000001101010001001011101
10111011100111011101000001000101
10111101001110100100011110011101
00111101000010110111100010010000
10111101011110111000111010110011
00111101001010111010000011001110
00111011011101011011101100000101
00111011011011011010100110100000
00111101111001100010010100000111
00111101000100100110110100111000
00111100101111111001111010101100
00111011100000001000100011101001
00111100001100111110001001101111
00111101000000101000010000101011
10111101001101111111000111110001
10111101001100100111000011110100
10111101000110010101100100111010
10111101111000010100001100000111
10111011010101100100001111011000
00111100100001010100010110001010
10111100010110010010111011110100
10111100110110011001001111011010
10111101001100110101101101001001
10111011001001000101011100011101
00111010111100000100001001111110
10111100100100010110100101101011
00111101001001010011011110101101
00111100000000110110100100111011
10111101000010110010011101100000
00111101001001000001011000000011
00111100111001001010001110011101
10111010110000110011101001100011
00111101100101001111001011011010
10111100111100100000010001000001
10111101010010111000111000011001
00111101001101000110000101100011
10111100111111111001011011111101
00111010001010100001000000011100
10111100001110001101000011100101
00111100001000110111111001001011
10111101001010000111110101011101
10111101001001110000010010110101
10111100001011111001111110001111
10111100011011011001011101100010
00111100010101110100011100000111
10111100110011000101101010111110
00111001000101010100111111011110
00111100100101111101110110011010
10111100100000101101100111010110
10111100111001010100100010010010
00111101000110111111100000000111
00111001111000111001000101010110
10111100101000101101111001100111
00111100011010000100010000011011
00111101010110000001001101011000
10111100001001001000100110111100
10111100111111011111111000111001
10111100110011011011011010011101
10111100101011110010000000101000
10111010100101010100100111011011
10111101011111101010100110010111
00111100000011110101110011000000
00111101001110011110010000101110
10111100111000111001011011001100
10111101100001010001010111110001
00111100010001101110001000100110
00111100111001000000011111110000
00111101001011000011100110101011
00111100001100010001011001101000
10111100110110100110010110101001
10111101100110111000110110111011
00111100100110010111010001001111
10111101000010101101100110010101
10111101000010110100000010110110
10111100001101110001110001110100
10111101000110010110001010111001
00111100110000111001010101001111
00111011101110001100001001100100
10111100111000010001110101001100
00111100101000011011110100101011
10111100100110001101101101111010
10111101001010110000010100000101
00111101010111111110110001100011
00111101010011100111000110100010
00111011111000100101010000010110
00111101000000011110101110101110
00111101000001001011010111101000
10111101010010011111000100011001
00111011111010000000011000010100
00111100111010101101011000001011
00111100001010110000001011100101
00111011101111110100001000110110
00111101000001100010001010010010
00111011000001100001110100111101
10111101011101010001010001100000
00111100110100001010111010101000
00111101000000110001111101010001
00111101000000111010101001001101
10111011001110110011100101011110
00111100111110000111011000101000
00111101000010010101000100110001
10111101001111001001111101010111
00111101100000011000110100101101
10111011100111100010100011011001
00111110000100101110011110111101
00111101001101111010010100101000
00111100101101001111001000000010
00111011001100101011001011111111
00111101101010001000011000110101
00111101001111010101100000011100
10111100000101001101100111011001
00111100000011001000000101011011
10111101001000010111101101011001
10111101000100010001111010010101
10111101010000110110101010000100
10111100011010010100011100110001
10111100101100001011011010010111
10111000101011001111101010001001
10111101000000001111001011001111
00111011011001010111111101011101
00111100000011110000110110010000
00111101010110110101011110110011
00111101010111110110011001001101
10111101000101010000100001010100
00111100111100011010110101000101
00111101100010111001010010100110
00111100010010111000001000010111
00111100100100000010000000101101
00111101001000011111101010100000
00111100111111100110111100000001
00111100101100101000110011011010
00111011011110101001110001010000
00111011110011110000111010100000
00111101001011101010101001111100
10111101100101101101001000011000
10111101000001010011101100101010
10111011010011011100001100110100
10111100010100001100111010011100
00111101000010100101011101111111
00111011111101100100100000100010
00111100101101110000101110010101
00111101010011101001100111010010
00111101110001011010000010111100
00111101100110010100111111010011
00111100110010001010101000100101
00111100101101000001001100001001
00111101101111011110011000100010
10111100111011010010000111001000
10111101000010010001011001001100
10111101000101001001010100111011
10111100001111111000100000001000
00111011000110100011110111010010
10111101100000101100000000000111
00111100101110110111110001111110
00111100000000100001000101101000
00111100000110110001011010000110
10111101011011101111100011101110
10111011100010100100010000000011
00111011000011011011111111100110
00111100101100101111101001100110
00111100101001000000011101110001
00111100100000101111111101000111
00111101011011010100111010001010
00111101100000011111111001010100
00111101000011000010110110001111
00111101100011101100001001100100
10111011000001101000011010100000
10111010100001110001010011110010
00111100001010000101101001101001
10111101001001111110000111101011
00111011101101000001111001100010
00111101100100111010100100001001
10111100110001010011111001101110
00111011111011001001001000011111
00111100111111011101101010100001
00111101100001001010110100111000
10111100011011111011011001011010
00111011110111001001001010000111
00111011110011000100100010010111
00111100111101000001001101011001
00111100110110001101000101000110
10111100101100101101000001011111
10111011110010011001001100111110
10111101010000010101010001111111
10111101010011101101100000100101
00111010011101010011110100111101
00111101100111101101110110111110
00111101100100001010001010111110
00111101001101000000100111111100
10111100101110100010010011010101
00111101000000011001100001011110
00111100101101101001101100010011
00111101100011110010001111101010
00111101000100001110111011101100
00111100010111100111011101111010
00111100100000100001110011000111
00111100100001001001100010100011
10111100100111010010010011111011
00111100101010100101000100100011
00111100011010110000000001011001
00111100101000001000101001011111
10111011000000110000101011110111
10111100101110010101000111000001
10111101010110100100010000010110
10111100101111001000001011111010
10111101000100001000000010010011
10111100110001010000110100100110
10111010100100000110111010100001
10111100101010011000111011001010
00111100110000000001101100101001
00111100111011111001111100000001
10111100111011111110111001111110
00111101010100110001110011100100
10111011000101001001001110111010
10111100100101000100101000010110
10111101001010101000110011111100
00111101010000000011110001001110
00111100111010000000010111101001
00111101010011011010001000110101
10111100100010100111100101000001
00111101010001001101011001110001
10111100001111100101100111011100
10111101010001000010101011111001
10111101001110010110110000100111
00111001100000101110010011011001
00111100100010101111010011110011
00111011100100010011111101010001
10111100010101001110011101011000
10111100001010100111000111100000
10111101100001100101100101110001
00111100001100110011001001110100
10111101001100000000001100001001
00111101010101001010110110000001
10111100110000100110110001111010
00111011101011101101100001010101
10111100000110100011001100001010
10111101010111000111100011111011
00111010100000011111001100100001
10111100100000001110111110001111
10111101100100100001000110010101
10111010101111111101011100110011
10111101000111000110000001010000
10111100100101110001011111011011
00111011001110100101010001001101
10111011110011101010101010100000
10111100011010011000100010111111
10111101000001000111001011000100
10111101001001110100010110000010
00111100011011111001111000000111
10111101000010111001111011101101
00111010111010000001001110111110
00111101010111100111010010011100
00111011111010110110001111111001
00111100110011010001000110110010
10111100101111100011001110011000
10111011110101010010111101111111
00111100111011111111110110000100
10111011100100000111001110100001
10111100101111111100100001110101
10111101011100000001011100111110
10111011101100011001011000001100
00111100111110111000000101000011
10111100101101111001011010101110
10111100110000101000111100100001
10111101001110001110101111100100
10111100011110011111100111111010
00111100101000101011111100011100
00111011001100111111010101011101
00111101000110111110100010111010
00111101000000100011001110000010
10111101000001000000000111111001
10111100101100101000101101010100
10111100100101000011010010111000
10111010000010011000101011011111
10111101011101100111110110010001
10111101110000100101101010011000
10111101010010101101010111001100
00111100000000111001100011010000
10111100110011000111110100110000
00111100110010101010100101100011
10111100001111011011110001011010
00111011001110010010101000010001
00111100101111000101000001000000
10111100101101011100011011000110
10111100001101011010001010111000
00111100110001000110101101100011
00111101001010001110010110010001
10111101011110011010000011011010
00111100111000111011001010011101
10111101000111100000110001011101
00111101000101010101010010110100
10111101000000101110110101110000
00111011011011111111011001110110
10111101000110100010011110001011
10111101001000101011001001010111
10111100100011111111100010010010
10111011011110110101001000010000
00111100100101001101000011000011
00111101010101111000010100101001
10111100001101000001011001100011
00111010101111001010011010011100
00111011111110010101011111001111
10111011010111110101001110101101
10111101100000100010001011010000
10111100100110001110001101111110
10111101100010101100011011100010
10111101000000001010011110010101
00111100111000010110111100001001
10111100000110100111110011001101
00111100110111011001100111100101
10111101010110011000111000010110
00111101100000100100001111011111
00111101000011100100110011001010
10111101011010110110010011100110
00111100110100111010000011000111
10111011101101010010111111100110
00111100100000001100000000011001
00111101100010110110111001000101
00111101000101001101011110001111
10111011011111000101000001011100
00111100111111101011101000011111
10111100011000111101011100010011
00111100111010011101000000000111
00111101110101001101010111100100
10111101001010000001011000100100
10111100001111011011011001101110
10111101011010000011110110100110
10111100110001111110001010111100
10111101001010011100000001110110
10111101000111100100100010111010
10111001100110101110011111110010
10111100100101100011111000100011
00111100100000101100001101110110
10111100101010000111001111100011
00111100001011010011010000100010
00111100110100011110011001101001
00111100100011000100010000111000
00111101010100000000010100111111
10111101100101111101110000101100
00111100101101100100100111111010
10111101001011010110111101110011
10111100101010010001101100101111
00111100000101110110000100100100
10111101001110100000101001000000
10111100101111101100100000011110
10111101010001111000111111111001
00111101010000000000001011000000
10111011100111110101000010110110
00111100101100110110000000011111
00111011010111001010111000100011
00111100010001111001111011111000
00111101010110010011101110100111
10111100001011011010010100110010
00111010111010101001000101011011
10111101100011100011111110100110
10111100110001110011110011011010
00111101000101110111000000110010
10111101000100011111100011101110
10111101000100011111000000100000
00111100101001101011011111111001
10111011100100001101000001010011
10111100010011100011000110001111
00111101001110111000100110001100
10111100001001001101011010011011
00111100001100001010100010100111
10111100110010000101101110010111
10111100110010011101011001011001
10111101000010001011010000001111
00111101010000000011001101110111
10111101011100010101001100000111
10111101000101100110001011000000
00111101000000000101000011101001
00111101000011110111010010001001
00111100100110000100111100010101
00111101010110010111100010100111
00111100101101011101000011111101
10111101001100001101101001001000
10111100110111001000000001011000
00111101100001011100000000110000
10111011000110001011100100100001
00111100100000101111100100010100
00111101100010010110111100111111
00111101001010001100001001101110
10111101100100010010110101100111
10111100100111001011100010001100
00111100111000111011000111000110
00111100101100111101100100100111
00111100101111011010001100011000
10111100001111011100101100010010
10111101001011001110010111101111
00110111100001111011010011010110
10111100000001010000100111000101
10111100110110101010001010010001
10111011110111111001100101101111
10111100001001001111111001100011
00111101001001110100111101110100
00111011101101001100110100100110
10111100001000101011110000110001
00111011111011000111101010110101
10111101010010001011000010100101
10111100100110101001101010101001
00111100001010010101100001010011
00111101000100000100110011100110
00111100100110010000001110011011
00111101100001001000111001111000
00111100100010101111010101001010
00111100110010111101100101010101
00111100000110011111010010010101
00111101000110111111000001000111
10111100011001011100010011101011
10111101011011010011011111101001
10111101010011111011011110000111
10111110000101110000001001001100
10111101101000001100011001011000
10111100101111011110000010001101
10111101100011101110010010110011
10111011111110011101110011110110
00111100000110011111110000110111
00111101000001100110100001100101
10111101000101111001010000100011
00111011110100001010000111000011
10111010010011101011110010100110
10111101001001011010110000101101
00111100110101110110011101101010
10111100101110111111111110100110
10111101001001101111010101001100
10111101001011101010000000100000
10111100011101001010101111111011
10111100101111100110001001001110
10111010110010101010001101010110
10111100000110100100010100000010
10111101010100100010010000100100
10111100110010100000111000001100
00111101011000111101001101101111
10111101000010101110100110010111
10111011000110101001110100011011
10111101000110011111111101000111
10111101010111000111110111110000
00111101001001100100110110001110
00111101000111100001011010010000
00111101010100010100011111011011
10111101000111110110011010110110
00111100101000111100101000010100
00111100101110000100000001110001
00111100101100111001101010101110
00111101000100000011011111010100
10111010110010010000010010011111
10111101011111111011001101101001
10111101100000111110010101111100
00111100111101101111111110100110
10111101000001111100110011001011
10111101011110011011100010000100
00111100110000011000011101100111
10111101010101110000110111011011
00111101001001011110101001111101
00111100100000111101101011001010
00111101100001011011101010000111
00111101000000100110110101000101
10111101011011010000101101100000
00111011000101110010110110011101
00111100110101000000110111100111
00111100011100000101000000000100
10111100010001011011011111000001
00111100011110100011000100001000
10111101000001011010101110110011
10111100111111111110010110111011
10111101110011000010001000000010
10111101001101000011100011100111
10111011101001000000000001111011
10111100100001001011100010001110
10111011001110101010101100100110
00111100110110010011111100111101
10111100010011101000000111110010
00111010111000001110110111010010
10111101000001001011100011111100
10111100111110010110101100011110
00111100000011000110010011011101
00111100100110101101001000110000
00111101000101011110110100011111
10111100110101001010010110110010
10111101011011010011000101001100
10111101000011110000011100011011
00111100111100010000011001110000
10111100111100011110010111010010
00111100000011010100110101110100
00111100001010100000101111100011
10111100100000111011111011011001
10111101001111111110000110001011
10111101000111110000011001110111
10111100110001000001110101011011
10111101011001011111110000000000
10111101010011111111011111111110
00111010100011000010001000011000
10111011101111110001101100000000
00111100111001011000110000110011
00111100101111110011001010011001
10111011101000000000101110011010
00111100010011001010100000100111
10111100101000000001111111110111
00111100101110101010100010011000
10111100000111101011100111010001
00111101000011100010011000111011
00111100011000101010001111111001
00111011001011010111100110001000
00111101001011101111001101001011
00111011011000100011111111101001
10111100100100000001101111111010
00111100111010100011101100111010
00111011110101110000011001100101
10111100110111111000000110101010
00111100110111101001000101110010
10111100111110010111100010100101
10111100110100010011110000111101
10111100101001010101001101010000
10111101001100010111011101011101
10111101000011101101010111110001
10111010111110001010111100110111
00111101010010100001011110111100
10111101100010000010110001100010
00111011001101001000101111000000
10111101000110101001110111011010
10111101000101101001101010101101
10111101001011100010111011100111
10111100110111110010100000110101
00111101000111001011101000100011
00111101000100010110101001011010
00111100001010110110110101100110
10111100110110001100110111011100
10111011101000000011011100011010
10111100101110110100000100111101
10111100111011111111101101001010
10111011101111010101010100000111
00111100111011100010000011101101
00111101010000100001100011100100
10111101001110111100001001001011
10111100001110110110011110101100
00111001111111100111001011101110
10111100101111100000000001000100
10111100110001110100100111001011
00111100100110111101011101100011
10111101100001100110101100111000
10111100100101001011100011001000
10111100000110101011000111001111
10111100101001000010010111110101
10111101001001110111111101000100
00111100101100101000010110011001
10111011110111000000001001111011
10111100011010000000001001100000
10111100000000011110001011111111
10111100101001011011000101100111
10111101010101100010100110110010
00111010110110010001000100100010
00111100110100110011111001001110
00111101001001011001110101011011
10111100011010110110011110100011
00111100011111011110110111101000
10111100011001000100100000111010
00111100110110010011001010100000
00111100001010001111011111000001
00111100111100001000100111100101
00111011110101001110000100000111
00111010010010000100000111000011
10111011100000001110011111000110
10111011110111001101111110000111
00111101001001010100000011100111
10111100101010010011001001010101
10111100101011010001011110101110
10111101010010010011111101100100
00111011101110101011110001000001
00111100100001110101110100011011
10111100001111111110111001001100
10111100010010111101011101011011
10111100101010011000100001010001
00111101001001111001110100111001
10111011110101100110010011110101
10111101011010111010101101010010
00111100011001100110000111010111
10111101100101110110001001000010
10111101011001101100110101111000
10111101000110111001000011010010
10111101000000110010101100100111
10111101100000101101101101111010
10111001011010011110010001010000
10111100100010101110001000000111
10111101100100010000110100101000
00111100010010101100110010101010
00111101100110110000010101001100
00111011101011100010110011011010
10111100100000110110010111000000
00111101100001011011111011110011
10111100001110110111111111011111
10111101100101001010000001010111
10111101100010110101100010010010
10111100101001111011110101110111
10111011000000011101110110011110
00111100000011110000001101101011
10111101010011101111111011001000
00111101100010001000101010001110
00111011000111011000101111100111
10111101011101010010001010011000
00111011000110011110010011110011
10111101100001011100001101010000
10111100111010000010101000001101
00111100110010010111100101110101
10111100111010010001000101101111
10111100001001101101110110101001
00111101001001101101111111000100
00111101011011011111000011010110
00111011010010000110011001111001
10111100110011010011111111001000
10111100100001000111011011111110
10111101101011110111000101101011
10111101011100010100111100001111
00111011100101111011000011000110
10111101100101110010001101110011
00111100100110011110010001010110
00111101011101010110010011101010
10111101001011010110001101101011
10111100110110010111001010111101
10111100110100000111101111100100
10111100110011011100110110001001
00111101001101000111111001001011
10111100010110001010110001011111
10111101010001001001001100100111
00111101000011000001111101111110
00111101001000010100111100010100
00111101110011111011010000110001
10111100111111011101101001100001
00111100110010100010011000111110
00111101000110000011111111111001
00111011111110100011010111101000
00111101100010011110011101101100
00111100000000110100110011100111
00111101001000011000011100111100
00111100111010001001100001001011
10111101110101011011100010111000
00111101000000101110001000010010
10111101000111110101101010100110
10111100110100110111110101000111
10111100100111010000000100100001
00111100101110010010100011110000
00111100110110000101100110001001
10111100001110011110000010011110
00111101010011110000000101001001
10111101001001010110110001001010
10111100111010010110100110000000
10111101000101101001111001011000
10111101100100011111100011111110
10111100100111111101111101110011
00111101010101100010000010000010
00111100000111101001010001010001
00111100001111011000111110001111
00111100100011110110000001010010
00111101001000000001000000101111
00111101110000101001000001010011
10111101000011011001111100000111
00111010110001000100010111110010
00111101101100001010100000101111
10111100111010010100000110100111
00111101100110011001001100001111
00111100101111110111111000100100
10111101010100101011110110010001
10111100001000001110000011000000
10111100101110011000000101010100
10111100001100110110001001000100
10111100111010001010101110111100
10111011011000001111001001111110
10111010110111111010011000010111
10111101010010111101011011000011
00111101001101001101000011111001
10111101100011000010010000101001
00111011101100100110010001011010
10111011010100100110100111001110
00111101001100110001101110110010
00111100111100000111001011101001
00111100000110001110000010010111
00111100100011100010110011011000
00111100101001110000100000010100
10111101001111000000001010101000
10111101011010001011100111101110
00111101010000000100011011100000
00111010001111011011111110110000
10111101010000100101111011000101
10111100100000011110110100000110
10111001111011100001100101100011
00111100001010110110011000011111
10111101000011110000010001111101
10111101001101001010001100101011
10111100011100000010010000011100
00111010011001000000001001000011
00111100110110011001001100001100
10111100111101100000101100000110
10111101101000101111000011110110
10111101100000111011000110111011
10111100101101011010011111010011
00111101010101000000100010101011
10111101001011101011010001001010
10111011000110100001100100010100
10111101000010111011100101101000
00111101011101110000001111111001
10111101100100000001001101110110
10111100100111101010110010010110
00111100101100110111010001110100
10111101000001000010110110110110
00111101101101000100001000000111
00111101001100110010101111101111
00111100110000010011110101111010
00111100110110011100110101110001
00111011000001101000001000101001
00111100001101101010000100000100
10111101101000100101110010100101
10111011101110000010111001000101
00111100010010110101100000000100
00111101010101101001001111111011
00111101001110011110101010000001
10111100100110110000010110101101
00111101100101111001000000011001
10111100101011100011111011100010
00111101011111101101110110111110
00111100100100110100111001110100
00111100111111110111001000001110
00111100111100111111111001000111
00111101000101100101111000011010
00111101011110001010100011000011
00111101110100100101111100010110
10111100000001011100010100111001
10111011100010011100001110101001
00111100110011001100010011111110
10111101010000011000011101111100
10111101000111010010010111000111
00111100010110100000110110111110
10111101100011101100110010101100
10111101000110000010001000101101
10111100011111110110110111001111
10111100010011010100011011110001
00111101010011001001110011010010
00111101101000000111101001111100
10111101000101111000101100001101
00111101110101011001010101100010
00111100111010100010000111011010
00111101011001110011000110001110
00111101010001011101111110001111
00111101001111100010001100100010
00111101100111101000001101101111
10111100000110000100010100011001
10111100110111010011110000000101
00111100000010100011000100001100
00111010100010110111010001000111
10111101011110111000101001110011
00111100110110110001001000101001
10111101011010110011001111111111
10111110000001010101110010111101
10111100011011100111010101100011
00111100001010101100111101000100
10111101001011100001111110000100
10111101101111001001101000101000
00111100111000011110011111010111
00111100111001011101111011001000
00111010100101111111001100011011
00111011001000000100000000111000
00111011100000110011101100111011
00111100110001110101111010101101
00111101100010111000100100110111
00111101011010001111001001001001
00111011101011111001011100100100
00111101011111001010100110110000
00111101010111001101011110100100
00111100111000110011110110000110
00111011011001110011010010011100
10111100110101111100101000110011
10111100101011001011000101110000
00111100101100000000011010000001
10111101000010010100000111101110
10111100100011100010101011010110
00111101000110011000001000111001
10111100010100100100001100000011
00111101000100111000101101100000
00111101001001101100000001010111
10111011101000001011001110011110
10111110001011001010101101011101
00111100001111010101111100100101
00111100101110000000001011011010
10111101100100010100101110000000
10111100100001101111000010100000
00111010111101100001001111000011
10111101010101001011000010010100
00111101000010000010001001011110
10111010111011101100000010110001
10111011111000111010101100011100
10111101000011100010101110110010
10111100100100101101111010101010
10111011001010101001010001001010
10111101110000001001011100010110
10111100101110111111011011111110
00111100100100010011010011010010
10111100100111100101010100010101
10111100110111100001111011011011
00111101100010000101110001111101
10111100110100111111111110111001
10111011001000000001110001011001
00111100101111110101100000101000
00111101001011101110101000011000
00111101001110011011000011101111
10111101010100101100111001011101
00111100100100010011000001010001
00111010111010110100111111110000
00111100110011000011010011000001
10111101100100010110000101011001
00111101000001010110100110010010
10111101000011011110100001100111
10111100011100010000110111101110
10111101000110110110011100100101
10111100011101000101000111010010
10111101011100100011101100100100
00111100101000101010101110001111
00111101010010000000111111110000
00111100110000010100000000011001
00111010110110011001101001100110
00111101011111100110110001111010
10111100101101110000111011110100
10111101100011111000101011010100
10111100110010001010101100011011
10111100110001101100100100010111
00111100101110000000000111000001
10111100110110000101001100101001
10111100100010001101001001001110
10111101101101010110000110100101
10111101100111110000011010100101
10111100011101110010100100000001
10111101100100010100011110111111
10111100100010111000110111101010
10111010010001011001111000001000
10111101001101011001011111100011
10111100111001101111000011000100
10111101010000001011110110110000
00111100101010000011000000010011
10111101001101111100011100011110
10111011111000010110000000110011
10111100001001011001011000101001
00111101011110011011000000100011
10111011010110011000100001100001
00111100101011011110010001101010
00111101011100001001111010101010
10111100110101011101110011100111
10111101001000000101110110101000
00111101101011110001001101010101
10111101001100000111111000100010
00111101100101101100110111001010
10111011101010111110000101000101
00111101000011110110001001110111
10111100000000111000100000100001
10111101010101001001001111110111
10111101000011110010111011001100
00111010001110010111001101110110
10111011000010011011101101010110
10111011110011001010010101010010
10111101001101110111111111010011
00111100000001111011100001100101
00111101010000011000101100010111
00111100001000011101011001011000
00111011011100110110010011111100
00111100101101011101100000111111
10111100001001001001110101100000
10111011001101110001101111100101
00111100100100100111101101011111
10111100111000100100000010000100
10111101010000101001000110110011
10111101001100110001101000100101
00111010001011010101010000010010
10111100111100001001110101111011
10111100011101100010110111110110
10111101010000000000111101001000
00111100101110100001101010111011
10111101001000000111000100100001
00111100100010110001000101110100
00111100101101000110101001011010
00111101000110100110100100000011
00111101001011011100101011100011
10111011001110000111011010110111
00111100000110101000110110010011
00111100111100100101101011000101
10111101011101000111001011111101
10111100111111011010100000011011
10111100011000010110110101011011
10111101010011100101000000010110
10111100101001100010010011110111
00111100110101000001111110000110
00111100110111001010011010000010
00111100101011010001110010011110
00111100011000111110100000011001
10111101011101010001011101111100
10111011100000010101000000110000
00111101011010100000011001110001
10111100000000001011011110100001
00111100111000101010010100111101
00111011110100100101001000110100
00111101011010110010010110001110
10111101001100100011011101000110
00111100000010101101001001100110
00111101110110011000010010101011
00111100100100001111111100100000
00111011111111001110000011001011
00111101000000010000110111000010
00111011000111010111111011101111
10111001000001110000010110110001
10110110010111101101101101110000
00111101010010000011001100010000
10111100110010110000011100101011
10111101000011000011010000010010
10111101001000111101110101000011
10111101001100000000110011100011
00111100101100101101001000001111
00111100000010101101110101001101
00111100000011001101001111100111
00111011110010010000001010011100
10111100111010000100110110010011
00111101011100111010000011001101
10111100010101110000010010011110
10111011010011101011010111000010
10111100101011001001101001111111
10111101000101100011110101110000
10111101101010011111100000001010
10111100101100000010100110101000
00111101010000101001000001000101
00111011000101010011101110111101
10111100011111100010001010101010
00111101001101110111100100010010
00111101100010011100011010111001
00111100101010001111001010100101
00111101000111110111010010000110
10111100100001001101101000001001
00111101000110000100001011101000
10111100101101110010110100110100
10111101001111001111001010100111
00111101010101101110100101000001
10111100101111001101001001011010
10111101001011111010010100000000
10111010011001011011011011100110
10111100101010011100110010011010
10111011010011111100101000000001
00111100001010100001001111110000
00111101100001011100001000000001
10111100000110011001101100100111
10111101011010110011110111100000
00111100110001010100010000111110
10111011100000001111011111100111
10111101100101010001011101000110
00111100001000001101001100111111
10111011100010111011000111111101
10111101010111111001110010101000
10111100111001001110001100100111
10111011101101010010110001010101
10111101000111111111111011101111
00111011110001101111010011000000
10111101001010010011001101001100
10111100100000010110111000101111
10111011100110011001110100100100
10111100100100100110011001101111
00111011110100001010110101111110
00111101011011000001110000000110
10111011111011010100001111000111
00111011110001111010000011110011
00111101100011010000101010000111
00111101011111001001000001011100
00111100000011001001100010101010
00111101010011110101010010000100
00111101010101100100001001000000
00111011111010010110101000001010
10111101000001101010010001111010
10111100010100101110010001100101
00111100000001111011010011000111
00111100001010101101010000010111
00111100001010100001111010011111
00111100010001110001100110100101
00111100101101000001011100101110
10111100011101000101001100000110
10111101001001110010111011111101
10111100001000100000100001110001
10111011101001100101110101111001
00111101011001000001001001111010
00111101001100110001101011000100
00111100111100010111100011101011
00111101000000010010101001111000
00111101001000101111110011111001
00111101110101001001011001101010
10111101100011100100011100101110
10111101100101100110010101010100
10111101011110011010110111100000
10111101101101010011100010101111
00111100100110100001011101101110
10111100011010001011101110000001
10111101011100110001010101101010
00111101001011101101110110001111
10111101001010010011010101000001
00111101010001110001011001011111
00111100101011101001010001011000
00111100101011100001110011111011
10111100100110010010111101110110
10111010110010000000010011110101
00111100001010010100001011100001
00111101010010110011111111000111
10111101100100110110101111110100
10111011011111001101011101011001
10111100100100000101111110000010
10111100100011111001011111110010
10111100010010010000000100101000
10111010011100110100010010100100
00111011100000111110110101100110
00111101000011011101111100010101
10111011010010111011000111001101
00111100001110000001110101001100
00111101101110001110101001110000
10111100001111110010011010110101
00111100100001010101001100100111
10111101000000101000101101100111
10111101110001111101111010100101
10111101010100011101011001110110
10111101000110001010110111010001
00111100001101111100011011110101
00111100110111111110010001111010
00111101000011001111000010101010
10111100000111011010111101101001
00111100110100001000001111000101
10111101010110010000111001000010
10111110000010110100011010101001
00111101010101110100000110000000
10111100110011101110110010101010
10111101100011010111100110000111
00111101001001011100011011111001
00111101011111010011111100100111
00111101100010011111001100101011
10111101010101000010100101101000
10111100101011100000101110111100
00111100100100100010101001000100
00111100100111010011101110100111
10111100110001010001111100010000
00111100101011010011111100000100
10111101001010100001100001111101
00111100010010000111010000010111
00111100001010100110111000011111
00111101100101011010101101001111
00111101001001111011011011010011
00111001110011011000100001001101
00111101010000011111000100011010
00111101000000000000111110001100
10111010010110110110001001001110
00111101000110100001101110111000
00111101100000101110001010111111
00111101101010000010001011000110
00111100110000111010100111110100
00111101000011110011010010000111
10111100110000010001101001111111
00111101010000000001100101100000
00111011111000011111100011110000
00111101001111111010001100011000
00111101001100111000111001011111
00111100100001011010111111111000
00111100101011101101110011001101
10111100110011101111100111011111
10111001100000100111111110011100
10111101000011101010010011110100
10111011111100000100011000110001
10111100110100101110110001111100
00111101000100100100100100101000
10111011110001111101010111001111
00111100110010110100011111001101
00111011110101010001110001011000
10111101001001011101100100101101
00111100100111011010100100111001
10111101100010010101110001001010
10111101001101010100110111010010
10111100111110111011001011100000
00111011111101100101110110100110
10111100101111000101100101010011
10111010111001000111000001111010
00111101010000101111011010001011
10111101110010001010010111010000
10111101000110101000011010011010
10111101011100011011101100010110
10111101111111100110011100101000
10111101100101010100010100110010
10111101010000001011001100001100
00111101100000010110010000000101
00111101100100101101111100110111
00111100100101110011011000110010
00111100000001101100000011010110
00111100111111011111111001100011
00111100101001100001100011010000
00111100001010100100011010011010
10111101011011111101011011101001
10111001010111000010111000110101
10111100100101010111001110010110
00111101011000001011100101011101
00111101100010010101011101011110
10111100000101111010100000110000
10111101000010101111011101001100
00111101010100000011000001100101
10111100101011100000001001010001
10111100001010000111111011011000
10111101001110010101000010010011
10111101001001110100110110101100
00111100001011001110010011000000
10111100101011000101001100001001
00111011001011101000111010010001
00111100111011101101101001001000
10111101000101100010000010010101
00111100101000101000110001001000
10111101000001001000101001111110
10111011100110001001000000011101
10111101001011101101111000011000
10111101000001010000011000010110
10111100110011001101100101011100
10111100111000000110010010111010
10111011001101001111011011110000
10111101000010111100101111100100
10111101010010001011011111010001
00111101000101110010111100000101
00111100111011000011011001111111
10111100110001101101010000101111
10111101010111011111111011010010
10111101001011100110110111010010
00111101001011001000110111001101
00111101000010101110101011100100
10111101000101100010001100011001
00111011101101101001100001010001
00111100100001110110100101111001
10111101000001110001001110010111
00111100110101101111111001101011
10111100101110001101100010110010
00111101001101001100101111100010
00111100110101000010111010001111
10111100110101100100101001010011
10111011110011000000001000101010
10111011000011111101000011011111
10111011101100110110100101100010
00111100100110110001111011101101
00111100111110111100001011001111
00111100110110000011010000000011
10111100100110111110101000111001
10111101000101110010001001110000
10111100111000011011010000111011
10111011111110000010111100011000
00111011000001011010000101010100
10111101100000000111101001111001
10111101001011000110101110000011
00111101001110000111001000100111
00111100001011111110001001110000
10111101001011111101011011111010
10111100010111100011000000001010
10111011000000111100001101100111
00111011101110000001101001101101
10111100010011000010011010101001
10111100100101100100110110111010
10111100011000101010001101111111
10111101001011011110111111001000
10111011000111101010011101100010
00111101001010110010101011101001
00111100110111000011101110111010
00111100111110011100011101000010
10111100011110000000000000010111
00111100111111010000110001000011
10111100111001101001011000110010
10111101011110101000011110000001
00111100100000100100001110000000
10111100111101011101111110101000
10111100000111110001010111101111
10111100010100110100001011100001
10111011001010111100101101110001
00111101011110011100000010010110
00111101000110011111100001011000
00111101001000011100110100111001
00111010111010111101001010110110
00111100100101111100111101011011
00111011101001001110011010001101
00111011110011000001101111010010
10111010101101110010100111111011
10111101101001000000110000100100
10111101000010110100111001101011
10111101111011111001101000001100
00111100001111010001110011001100
10111101001001111000001110101111
10111100101011000000010011000000
00111101000111000100100101101111
00111101100000001010001110101000
00111011010100101100101011000111
10111001101011100100100101001010
00111100001011000011010001100110
10111100100001000000001010100000
10111101101000010011111110101001
00111101001110100110011101011011
10111101011000011001011100100011
00111101001001111011100010111001
00111100110100101010101000001000
10111010110010000100111100010100
10111101111000101100010011000111
00111100110001000110010001110111
10111101001001100010000000101001
10111101010100000101000010011010
00111100100010110011101100001111
10111100100010011001111011010101
00111100100100101011110000000011
00111011011101100001111010001010
10111100011110110011001110000110
10111101001100010100101000001101
10111100100100101111100011110000
10111100110110000100111010000001
00111100001000110100101111110110
10111100110101111010111100001100
00111100100011011100101010101101
00111101000111010100001001100000
10111101000000101111010001101000
10111101101111010101111010001010
00111011111111011101001111111100
10111100111111000010100111110111
00111010001000100110011101110010
10111100000101000011010001001011
10111011111011110110110011101011
10111100101101001101101010000101
10111101001101011011001110101111
10111011001110001100000001111110
00111100101110111011001000001000
00111011010101011100110111011111
00111000100111110100100010011111
00111100111101110111001001111101
10111101000001001110000000101010
00111101101001010100001100100010
00111101010101101001101101101001
00111101000101001111010011110010
00111101000010010010000100101110
10111101001111100000000100001001
10111100011100010011100011110001
00111100000010001010100111000000
10111100110110011000110110111000
00111100001000001111110010110001
00111100111000110001011000100011
00111101001011010000010010010001
10111100100011010110100101110101
10111101001110101111110100111011
00111011100101100010110100000010
10111101000011111110000000100110
10111101100111110000011101100101
00111100110000111011110110000011
00111010110100000110000001000000
00111101010100101010110101000111
00111100000011110100001101001001
10111100110101100110000101000001
10111101000111000101101011010010
10111100101000011100101000100100
10111011111111000011101100101101
10111011110010000101001001110100
10111101100011010101101010110000
00111101001100001010010101100011
10111011100000000000001101001010
10111101101010001101001101011010
00111100110110000010011001110010
10111100110001101100001110100011
00111011001110000110000110010110
10111011010111010101001000110010
10111011100111000100001000110100
00111101100111100000011000101010
10111100000111010010111000010001
10111100110100111010000011100011
00111100110110001011110101110101
00111101011010101001111110110100
00111101001110101011000011010111
00111100000100101111010100011000
10111011000110101101101100011001
00111100011011001000111101000110
00111101001011000010111000011101
10111010100011011000001101100000
10111000100011100001110111010000
00111101010110101101111111101011
10111101000010010001101010100110
00111101010010100010010101001000
10111100011010001010010111001000
10111011100101010000000010011111
00111100010100101111001101110110
10111101000010110001110010010000
10111101000011100111010010110010
10111101000011101100101001110101
10111100100010101110001111101001
10111101000100001111110100011001
10111011110011011100001000011101
00111101110010010110011000000001
00111101101101111001111011111010
00111101110011001100000100110001
00111110000000010011000110010111
00111101101010101001101101110111
00111101000100000111101010101101
00111110000001110100110001101000
00111101100101101111111001101011
00111100111101111001111100111110
10111100000111111111111110010110
00111100111010011010101100011010
10111100100110011011100110111010
00111101000000101011001010101110
00111011101001101000010110001100
10111011000110011001100001001000
10111101001000111001001011000101
00111101001100110111100111111110
10111100110010110001110110001001
10111101101001111010001111110110
10111101100100100110111001001011
00111100001100111101010011010101
10111101001100100010001010101100
00111101010100111101111110100001
10111101001000001011110110101101
10111001110111110011000000111011
10111101001100010000010101111001
10111011110111101010101100111001
10111100011001110110100101011010
00111101001110010101100110110100
00111011010100010111010101100000
10111100000011110100001100011101
00111100100100100010110011110001
00111100101101110100101000010010
00111101011011000001101001001001
00111101100100011100111010100001
00111101100110011110000100011110
10111101000101100010010110000010
00111100111001110100111101010011
10111100111100000101000101111100
00111100111001111000000000000111
10111100010111010110001000111000
00111100011010110100110011100000
00111100110001110010000001100010
10111101101000000110011000100111
10111011110010000010010000101100
10111101011100010111100000011010
10111100100000000111000001011011
10111100101000111110001100101110
10111101000000101110000011100100
10111100010110001011111100100001
10111011111011111101010111010100
00111100011010001100111001100111
00111101001001010001010110111100
10111100110111101000001011100011
10111101101110101101001100100001
00111100010000010111110111011110
10111011010100000010100101100110
10111100111000010101010110000111
00111101000011110100001010010001
10111101000110110110110110101011
10111011100001001010110010101111
00111101001100111100001101010011
00111001000110000110001100001110
10111100101011111100110110110011
10111100001010101100111000011100
00111100110001110010000110011010
10111100101001111101011101100001
00111100001111111001100000011001
00111101011111111110100100101001
10111010111110001000000010100010
10111100111101000111111111110001
00111101001111011000100111101111
10111011101111010101111001101110
10111101010001110111000010100110
10111100111010100101101001100010
00111100111000100110010101000101
00111100001110111001010110001110
00111011101100110010110001011110
10111100001100010000100000101101
10111100000000010011011001000110
00111011000011100010111111011010
10111101100010010100111110110010
10111101001000011000100001011100
10111101011000111011010011010010
10111100001111011001010110011001
10111100100010000000101111101000
10111101100001000100011011010101
00111100100000000101001101000001
00111100100000110101111111011011
10111101001111001100011111100000
00111100001111010001101000101000
00111101001001101110100001101000
00111100110000000010000011010110
10111100101111001000100101001111
10111100000000011101000101111111
00111100100110000000111000111100
00111101011011011110101001010001
00111011011101000100011101110011
10111101000000110110011001011111
10111101001110111110111011101001
10111101000110111110110100111111
10111011110110001101110010011110
10111100010101010111011101000010
10111100001001100001001110101011
10111101100010101011101101111100
10111011010110011001011000101100
00111101100001100011111101010110
10111100100011101101100010100001
10111101011101110001001110111010
10111100101011010000011111100100
10111101010100000110010101110001
00111101010001111010010011000101
00111101011100000001011010010000
00111100011110000111101101101111
00111101100000011000010000100011
10111100010111110100011111111101
00111101001000110000110011100110
10111100100001001011110110100110
10111100010001110110000001000010
10111101010000101000100010111001
10111011001101001101010101110000
00111101000110101100110110001011
10111101000111100001000010100101
00111100100101000000101001101110
10111101010101100001010100110101
00111100100101101101000100001000
10111101001110000000011111010011
00111100000000000001011001010011
00111101000101001001000010101000
00111010111000001110010100000101
00111101001110101100110100110000
00111101000010101110110001001011
00111101000101101011011100111000
00111101100111011100111101101011
00111101000100101011111110100110
00111011100011010110000111100100
10111100100000101000110101011101
10111100111111010110111011010001
00111101001110110111111100111000
10111101100110110001101100001001
10111011101000010000110110001101
00111101100010000110011110110110
00111011101010111100110110110001
00111100110110010010110101111001
00111100011111011000011110100000
10111101001101000010011011110011
10111101000100000100011110000001
10111101010110011010001100011010
10111011111011111101101001111011
10111100101100000001101010010100
10111100100011000011101010000011
10111011001100101100111011000011
00111100110110010001111101011101
10111010110001011010010000110100
10111100110110001100111010010101
10111101000001100011100100010011
10111101100100011011000001100011
10111101100011110001000000010001
00111011100010101000100001101100
00111100011101011111011011110100
10111101001110001011001011011011
10111101001010010101100100100100
00111101001011111010100010110111
00111100000111010111100011111001
10111100111111010000011101011010
10111100100100001101000100101010
00111011110010010010011111110010
10111101100101100111000001100001
00111100000001111100010000000100
00111100001010101101010110101000
00111101000100100110110010101110
00111011111000101110111000011100
10111100111100100100101111011110
10111100001001000111101110111100
00111101011011101110100011101001
00111011000001000011001101110100
00111100111111101001111000000100
00111101100001001001000111011001
10111101000000101110110010000011
10111100111001000100111110111000
10111101000000110101101011100010
10111100010111010011011111001011
10111100110111001110001001010001
00111101010101101100011111001001
00111101000001010101111010110010
10111100100000001100011110101111
10111100111101101011010101011001
10111101001011010000101011010001
00111100100001110011100000111101
00111100011011101101010111011011
10111100111100110101111001100010
10111100001100101010011110111010
00111101001011010010000001100100
10111100101111110110000001000111
10111101100100000110011010100111
10111100110001011011100010001110
10111101000000101011000101101010
00111100010000100001011110011110
10111101001000011111101110001011
00111001100100000011000010100010
10111101101110100100001011100100
10111100100001011010001110101011
10111101000100000101100000000000
10111101000010011100100010111010
10111010010011010110101111010110
00111100010101000101101010110111
00111100111110010101000100110100
10111100101101101001111110001010
00111101011000011010011110111110
00111101001100000001000101111010
00111010000100100011110110011011
00111011101011100101110110011001
10111100011001000100100111000110
00111101101011010001001110001010
10111011010010011111001011100111
10111101000011101000101010111111
