00111010001000001011111110011010
10111101101010100111010011101000
10111100100101010011111110110011
10111010001000101011010111100101
00111100100011000010101111110111
10111100001011100100010011110110
00111101011000011101111011101010
10111101000011100001100000101010
10111101000101001110100100011110
00111101001011010010010101011110
00111101000001001100111001011000
10111100011011010000110101100111
10111101001011001011010000000101
00111100111001001110111101001011
10111101001000001001001110010011
00111100110010110100011010100111
00111100011000110100111100111001
10111101000000010111100111101111
10111101001000001010011001001001
10111100001001100001110000110011
10111100101101000110010100111010
10111101000010010101101100101100
10111100100010111100011000010101
00111101000010000101010000101001
10111100011000010001010011100111
00111100110010111111011111100110
00111100100001010101101011010010
10111100110011001011100010010110
10111100101011010010100001110111
00111101011000011101111000100110
10111011011100100101110001001110
10111100111001001100000110100010
00111100000110001110010000011111
10111101000001100010001100111101
10111101001011010110100101111110
00111101100011000100010110010010
10111101010011000110011011101101
10111101000011101101101101111100
10111100010111100001001000101000
00111101000100010010111010110101
00111101000110001011000001010110
10111100101101011101110100101001
00111100101110101110110010100000
00111011111100000101101100100101
00111011101101110010111001110111
00111011110001110010101000101111
10111100100111110001110000011111
10111011111010100100110110010110
10111100000011100011010101011000
10111010010000101100011000111110
10111001001110100001100000001110
00111101010000111011011111110101
00111100001010000001100101100000
00111100010001100110100000100000
10111100100000011011011100001001
10111100101100000000100010101110
00111011111101011001111010011110
10111100011001101110111010110100
00111100110000001110111101110011
10111100100100001001010110100011
10111011110010111010011000100011
00111011110011000100100011011111
10111101011001000010011001001101
10111100100011000010100100001101
10111101100111110101101010100100
10111110000110110010101000001110
00111101010010110100111111101111
10111100001001000010101101011000
10111101100010111111111010101100
00111100001000101111001111000011
10111100000101110110011101001010
00111101010101110111110100000110
00111011111010000111111111111000
10111100111110001010110110001010
10111101011101111111101110100101
00111011110011100111110001000010
00111101010001100101000111100110
00111011111110101011101110110011
00111100010010000100111010010100
10111101000010101000110001010011
00111101000010011010111100011101
00111101001010110111111001010000
10111101100010011110001011010001
10111100101110010010111010000110
10111100000101101110001000100100
10111101010001100000010001010001
10111100101111001000001001010101
00111101011100111000100011111101
10111100101010000000110110100100
10111100001100011010110000100011
00111101001010000001111100001101
00111101011110001001101110100111
00111100101101011011100100000001
00111011101110110001000011100101
00111101000111110001101000010110
00111100011000100011011101010000
00111011011100011101001010000101
00111101001111110010110100000111
00111100101101100100111101101010
00111101000111001110001001101010
00111101010011010101010100010101
10111100111010011101010110010011
00111100100110100011001111100001
10111101010101011001101011000000
00111100101110010110100110001000
00111101010010101001110011101111
10111101011000111101011010101100
10111100101111000101101011110100
10111100100111000001011011110000
10111101011000101101001100110001
10111101100100000110001000010011
00111100100000111111010101011100
10111011100010011011001001110000
00111101010010011011100100011000
10111100000110111111101100001110
00111100101110100011110100011001
00111011110011010011010001010100
10111101000101111111011101001001
00111101100001101100001000000100
10111101010101100011100011111001
10111100101111100000100101000111
00111100011101011000010111110100
00111100010110101010111000000010
10111100100000111110000001001000
10111100101110010001101111000100
10111100110110100110001110010110
10111101010111000100111011001001
10111100001111010100111100010001
10111101001110000111000100000011
00111100010000110100011010000110
10111100001010110001000110000111
10111101011111101100111000100001
10111100101010010001001010001001
10111100110100000010110001010110
10111100001011101110111101101000
10111101010101000100010100101011
10111100100000001111001100100110
10111101011111001000011111001110
10111100111100111101011111010001
00111100100011001001000110110000
10111100011101001101111101001011
10111101101011011001000001001100
10111100101111111000111001001011
10111100110110010000111001011011
10111101100010001000001111100101
00111101000011011101111111000011
10111101001001000011111100110000
00111101000101111110111001111110
10111100001001100000110110001111
10111101010110001010101010010111
10111100110010111001101110000111
00111011000110100110111100101000
00111100110001101001111111111110
00111101001000001000000101010110
00111101011010001011011000000000
10111100110110101111010010001001
00111011110010010100010000111010
00111011011011000110000111001110
00111011100111100110101010100000
00111011011110101110100000110110
10111101010001110101011100110001
10111100100101110010101000111011
00111101010010111100000111101111
10111100110001000110111001101111
00111100000101110100011111010100
00111100110010011100101111111100
00111100001000001010010111000010
00111101010000010100001100000000
00111100111001010000000010000011
00111100000000010101101110100110
10111100101010110100100000010010
00111011110101010001111010100001
10111011100110000101001001101110
10111100111100011000011000110011
10111101010000100101010110101100
00111100000001001010100101111111
10111100110111010010111000010001
10111101001100110001110000101100
00111100001101000011100010101001
10111100100011000110000010101111
10111011111100010001010101010100
00111100110010000000100000101010
10111100011100100101110101100011
10111101010110000111100011110001
10111101011111100110100101111010
00111101001001011001111001100110
10111101000001001010101001111000
00111100001011001010000001010100
00111001101000001000011011000000
00111101100010111101001111001111
10111100010011001111100101000110
10111100111000010000110101110110
00111101010100010000101010110000
10111100011011001000101111010101
10111101000011111000101000111100
10111100001101110011111101111001
10111101010000000001111000000001
10111101000001000111101000000000
00111100000011100101111100111010
00111101000010010001000101000010
00111101011001010100011110010000
10111011011110001001111011111111
10111100101000110011101110010001
10111001110111000101000010100100
10111101001111000011010001011111
10111101000010110111111000100010
00111101000000111011000111001010
10111100100100100101000010001001
10111101011011011101101000101000
00111101000100010001000000011100
10111011111110000000000111101000
10111100011110110001111000101101
00111100001001001000001010010111
00111100110111000011011100011001
00111101001000011100000110000101
00111101000101100010111010010100
10111100110010111111101111000111
10111101010000001111110100111000
00111100100110011101110001101100
00111001101001100011011101000110
10111100100111110110000111100110
10111101011000010101010100111010
10111101000101101010100010100001
10111100100110000000110110110101
10111100000000110110000001111011
00111100001001111100001001001010
10111011101000001100001101000101
10111100100111110100011011001011
10111100000010111101111110111101
10111011000001000110010110111010
00111100000010100111100110001101
00111100101010010100111110001101
00111101001001011000010111001111
10111101001100010001110010010101
10111011000111101100100101011110
00111011010101111001111001011010
10111010111001001000011111011101
00111011010000010110111100000001
00111101001101110000100010101000
10111101001001010111101101010111
10111101001111111110101101101000
10111010101000011110111101101001
00111100100100011111111011010101
00111100010010110010001110110111
10111100011111010010010000000010
10111101010101100010100100110011
10111101001001100101010101011001
10111101000101111110101110110001
10111101001010010101100011111001
00111001000110000111001010011011
10111101000001101001101101001101
10111100001010001100000101100100
00111100110111101101111101011110
10111101011111101101111111010011
10111100101110010001110110010101
00111101000011100011101101000011
10111100110100010011010101000001
10111101010011111011001001011000
00111101000100000110110000011001
00111100100001100010000000010000
00111011000100011000100011011011
00111100000011001110010101100110
00111101010001000101111010000110
00111101000110101001110010100111
10111101000110000100000100001001
10111100001001000101011110111011
00111100111100100011000111100010
00111101000001000111011010111000
10111101010100100101100110010010
10111100110110000001100011000111
10111011001110100111101010110000
10111100111100011000010001100101
00111100110101111001010001000110
10111100000111011111010110000001
10111100110101001100110010011110
00111100111001010111010100111000
10111101010010011100001101111110
10111100111010000001100001011110
00111011111111101110101011001100
10111101000001000100111000101111
10111101000101010100100011101000
10111101100100111110111011110010
00111100001010110111100001100000
10111100100110110010101100100111
10111101100001111000111010110101
10111100111100000000111100100001
10111101010111101011100011010011
10111101100000100010011111110111
10111100111000010010101100101101
00111011001101111101110111011110
00111101100011000100001100010110
00111101000110101010110011000000
10111100000110111110111100100000
00111100110001011110000101101011
00111101000010110011111110101011
00111100101010101110101111011111
10111000110000010111001000101001
00111101110100100000010000010010
10111100011011000100011001111101
10111100100111111011100010010111
00111101100111000101000101011011
10111101011000010001011011100110
10111100001011111100011001100101
00111101110010101010011011100011
00111101101100101110011000010001
00111101001011000011100100111011
10111101011100011011110101000000
10111101000111100111110101100111
10111101001000000001001110111110
10111101001011000101110100010000
10111100111001000111100010110010
10111101001001101110101111011110
10111101001100100010000111000110
10111101000100100011110010011010
00111100000111110000000110100000
00111100001010111011101111101010
10111100110100000100111111110101
10111101100000111100100100010000
00111100110010001001101010111110
00111100111111001100001001100101
10111101010010010110001011101001
10111101001011001001110100101010
00111100101011110110011000000100
00111100111011000001111110000001
10111011001110110011010110110010
10111100101110010010111110001101
10111101010011100110000000100111
10111100001000010110111000001101
00111100100100100010100110010111
10111101100001101100100111101110
10111100101001000101000011010010
00111100101110110001010011001011
00111100101000001110010100111000
00111100100000100100011110000100
10111100010011010111001110011001
10111100100110010001111111000011
10111011101001010010100110110100
00111100001010010100010001110101
10111100101001000101101100100000
10111100100100100110111100011110
10111101000001110011100001011101
00111101000011111111110100101011
10111101100001110011001110100111
00111100100111010010100010000101
10111100010011001010110000100110
10111101011010001110100111001000
00111100110011101111111011011101
00111011010000001100010001001100
00111100100000110001100011000100
10111100111001011001000110110010
10111101000100110101001100100101
10111100010000101010011010101000
10111101000100000001110010101100
10111011101011110111010101001111
10111100001111111001010100010011
00111101010000000010010100011010
10111101000011100000101000010100
00111100111010000100101000100000
00111011011000011001001110101101
00111100001111110011000001010000
10111101100001001010101001101011
00111011101111101001111101001001
10111100100100010111011101100001
10111011101110000101101110100000
10111100100010110001101101001111
10111100000110100000100111111010
00111100111110111100101100001011
00111101100110111010100011110111
10111100001111100011100001111111
00111011011001101100101101011110
00111011000011100110111100000101
10111101100000000001111111011001
00111100100001101001110000100101
00111011010110001010100010100010
10111100010000010110100110110010
10111100100011000100010101001011
10111100000100111011110110010110
10111101000000011100111001000010
00111101011001101001010010100000
00111101011100000011110100101001
00111101100110110101110000101110
00111101010100101100011110000010
00111100111100000011111100001111
00111101111001000011001011000110
00111101111010100010100010010001
00111101001010000001000101101101
00111101010111100111111000110101
10111101000101110110101001011101
10111101011101100011001110110101
10111001100000011001000100110111
10111100001101111001100101000000
10111100001010100011101000110101
10111101000011111001110111010001
00111100110010001101101000110001
00111100100111111000001000110101
10111100001000111011000000000001
00111101000111101011100001000111
00111100111111010010001110011110
10111100110100000001001101010111
10111100101100000110111101111111
00111100000111010100101101100110
00111011110100010111001000010110
10111011101110100000000101010101
00111101001000100101100100001001
00111101001000000000010101011100
10111101011111000010000010101110
10111100000100111001111111001110
10111101000101111101010101110010
10111100011000110110111101111111
10111101101101010011111110111010
00111010011101011011001100011011
00111100110011010001011011011111
10111101000101000101101110001001
10111100010100011111010111001111
10111101001000100000111011011100
10111101011101111111100000011101
10111101101001110101001011001111
00111100100100101110101110110000
00111010110010011001011111001111
00111011011101110010001110011111
00111101000011011101101100010011
00111011100010011010101101101110
00111100010100100011111001011101
10111100100100110010110110000111
10111011110110111001010101111001
00111101001010011110100110110000
10111100111110011010111111101101
10111100110001011111010110011110
10111011001110111001000111100011
00111100101010000010101111100111
10111100110111011100010111001001
10111100100001011101000111100100
00111011111110100101011010101001
10111101010011001110100110110111
10111011101101110000110100010111
10111101010100001001110011111111
00111101001000010011101010101111
00111101001110110101010001011100
10111100100111011100010001001011
00111100100001100101101100100101
00111000100101010110001111101001
10111100001011011100011100001101
00111101101010110001000001100101
00111101001101000001110111110010
00111101001111110110010111001101
00111101011110011010101110101001
10111101000011110001111100101000
00111011101101000111000001100010
00111010001110011111100000011100
00111011010111111011011000110011
00111011011000011010101101111001
10111100001101010101011110100110
00111101000011110011100010010111
00111100100100000101110100100000
10111101011011001100001101110000
00111100010001010001110011110000
10111100010000010001000001010100
00111101010100001111011111110100
10111101100001100010000101110011
00111101001101011101011110110100
10111011101100101101101101010011
10111100001001001101111001110100
00111100011101001100101010011001
00111101010110011100001101111110
00111100011110111101101101110011
10111101000100001101000110010000
00111101000000101011000010011110
00111101010110101001100110000011
10111100101011010001011011101110
10111101010110101100101111101111
00111101100001001010001111110000
10111101011010111111101100001100
10111101000101101101000101011011
10111100101111001011100001101100
00111101000100100000001001000000
00111100010101011101110001000100
10111100111011001000100100001100
00111101000000110111001111000110
10111100111100001001001101111101
10111101000011001101011010101010
00111100101001110111100011011110
10111011010001011010011110010000
10111011111011011011010001000011
00111101000100011111011111001100
10111101100011011110011011001001
00111100010010000011010110110100
00111100000010110100110001110001
00111011100100110100111110101101
10111101100001110111001100100000
10111100110100011100011111101111
10111100100010010111000011010011
10111101000111000001111010110011
10111011010111010110011111110000
10111100101010011010011010000011
00111100000110010101011101001010
10111101001000110101001001101001
10111101000111011100010101110001
10111100011110110100101000001101
00111010011011001010011011100110
10111011110101101000100111110101
10111101001010100011010110010000
10111100100111001011101110110111
10111100011100111111111111010100
10111011100100001000101101001001
10111101001011110110000000001110
10111101000101010000001111110010
10111101100001000110101001110011
00111010110011001011101110110001
10111100001001010100010011001011
00111100100110100001110100101011
10111101100000010011100000101010
00111100111110100101110100101001
10111100100000011101001000011000
00111100110110010001100011110011
10111101010000100100111100011110
10111100100110101101110100001010
00111100011110001011111101001111
10111100011011100111001000101000
10111101000100101110000000101010
00111100001100110010001110000000
00111100001001010001010110101011
10111001111001010100110000101100
10111011110100100101110111011011
00111011001101000111110011000100
10111100100000010000001010110100
10111100000111011111010101001101
10111101010111110010000010110101
10111101100001101000010000011111
10111101011010001000111011111111
00111101000101111011101010010011
00111010000111110110100101000001
10111100001101111011111001111010
10111100100110000001101110011011
10111100100001010000010110101100
10111100010001100010000000111100
10111101000100011110100011111101
00111100100100011100111101001011
10111101000010101011101000101101
00111100111100000010111110111011
10111101000000000111110011100010
00111101010000011100110110001101
10111101010111111100101111000101
10111101100000101111001001111001
10111100110111001011010001101110
10111101010000011110101000011100
10111101000010111010101011001111
00111100100000010100000010000000
10111100001100101000011010001000
10111101100010111011110001001111
00111100000101101100111001111010
00111100010000111100110101110010
00111011101110111001010010111001
00111101010100001101000111101011
10111101001111111010010100110010
00111101000101011011100111100100
10111001001100011100111011111111
00111101000101110100101111101001
10111101001100011001110011000110
10111100010000111100011010010011
10111011011001001101010010100111
10111100110100110100011011101101
10111100001111111100101111111100
10111100110011100011111100111010
00111100111111101101110110101000
10111101000111110001011010010000
10111011010001100010000001110110
10111101001111000101100111111111
10111101000000011001111011000010
00111100110100001010110110111110
10111101010111111100001001101011
10111100101101011010110000000000
00111101000101101000101011000101
10111100000100101101011000100111
10111100001001100010110110010010
00111100000000001001100011111010
00111100101010000111000100111011
10111100101110011000001000100011
10111100000010011000010001110101
10111101110111000100011111101000
00111101100110111000100110000101
00111100101101101100100001001001
10111100101001111100011100010000
00111100001100010011111100000000
10111100110001011010101011000100
00111100001000011101111111101110
10111100101000100100100101111000
10111101001010011100101100011011
10111101100000010100100001011010
10111101001110100000010101000100
00111100100000100010000001110111
00111100110010111110010100100100
00111101010001100111101101010111
00111100111111100111011011110101
00111101010111110011111010001111
00111101100111101011110110010100
00111101100100110010100001011010
00111100110101100000000111101101
00111100111101001110011100101100
00111101101101001110011101101111
00111101110110100101000000001010
00111101101000001000000111110100
00111101000100101100101110111001
00111101000101111010011110110000
10111100000100000001111101011110
10111100101010000010000101101101
00111100111001011100100011010011
10111100111100110110110011101101
10111101010011110000100110001100
00111101001111011000010001100110
10111100100110110101101001001010
00111011001111011110011000100000
00111101001001001101110001000111
00111100101001110001000000100000
00111101110110011010000001110100
00111100111111011001100000100011
00111100001001111000100110100000
00111101001110110011110001001101
00111101001110011001001101000000
00111100100101011110001001110001
00111101001101011111110000001110
00111101111011001011111110010011
00111001110010111110010110101011
10111011101101011000011101011000
10111100011111011101101110100011
10111100000111110100110101100010
10111100011111101111100111100010
10111101001101101011101000111111
10111100111110000100010101000001
10111100110001001011110101111011
10111100000100010001000010110110
10111011000001111000011110111111
00111100100011101001110111101001
00111101011101001010010011000100
10111101001110100011101000011101
00111100110111110001101001001111
00111100011110110101000101011101
00111010100100100111111010001010
10111011110111010011111101101101
10111101010100111011011100111110
00111100110100010101011110100100
10111101011000101110100111000001
10111101101001000001010011100010
10111100100100101001111111111001
00111011101101100101111101010101
10111101000100100011111000010100
00111000111101111111111110001010
00111101011111000111011001000100
00111011110100000011110000110000
00111101001101101010101011110000
10111011110011100101111111100100
00111101000001000000111111111111
10111100110110110011101111000010
00111101000010001100000100010000
00111100001110100010101101001001
10111100110110111000000000110100
10111100100010001111010000000010
00111101000000101101001111011010
10111101001101111011111000110011
00111100011011000001000000000011
10111101011110110110001010001101
10111011000110011101101111100101
00111011101001010111110011011101
10111100010001000101000000011011
00111101010000011100101011010110
10111100100101011001000111010101
10111100111100100111001110010111
10111101010110100011100110011010
10111011100010100110011101110010
10111101011101010001100001001111
00111010101000110110101100111100
10111101010010100110010011101011
10111010001111000001010110000001
00111011000111111011000000000110
10111101000001011111101000101000
10111100100110010011000101101001
10111100101111001000101100110010
10111100111011101010010100001101
00111100000001101010100110000110
10111101000000010101101111101010
00111100011011000010111110111111
00111011010100011001110100100001
10111100111011010110101110010011
10111100101101010111101000110000
00111101011010001000011000011011
00111011111111011011110100100110
10111101000001110111000101100000
10111100101001011001010010101001
00111100101011101011111100011110
00111011011110000100101110111011
00111100000000000000110010110010
10111101000110011011110101110110
00111100001101000011001000011010
00111101001101101101010101110001
00111100001010111111010110110111
00111100001101000111111110011101
10111100011000100100001100011100
00111100011011101111100011111010
00111100101101110100111001011100
00111100001100010000001100001110
10111100110001111011000101000111
00111010110001101100000011101101
00111100011010011100000110000000
10111101100011000110101011010100
10111101100101011110010100101101
00111100110110000010001001011110
10111101001001100110111101111001
10111011101001011001100111110011
10111101001011110110010100011111
00111100010000001000011001111001
00111100100100000111001011011010
10111100010101101011001011100011
10111101000010010101011000010100
10111101010101110011001111110011
10111101100110111101000101011010
00111101001111101001110000110001
10111100110000101000000011000100
10111011001000000000011001110101
00111100100010110110100101111110
10111101010000101011101011110001
10111101001011000100100000111011
10111100110100100110101101100010
10111101100010111011100110010110
00111100111010101001110110110101
00111100100010110111010010000011
10111001100100100111100001001010
10111100111111100101101110011101
10111101000000000010100000111110
10111101100000110001010101100100
10111101000100100110100010000001
10111101000010111011100111111110
10111100100011010110110010100010
10111101101101110111011011101111
00111100000000110110010010001010
00111100100011111111000111100001
10111101101000011100011000111010
10111011001110000111010000111110
10111101001101101111101001000100
10111100111101110100101100110001
10111100110011110000111010001110
00111100100000100111010111100110
10111101001111001011111101000100
00111100000010111000111101000101
10111101001100101110100001110001
10111101001010111100111010100011
00111101000101101100001111001111
10111101010111000101001101010001
10111100111111011101000100111010
10111100001000110001101101110101
10111101001001000010101100110000
10111100110110010001100011011110
10111011100101111010010110100100
10111101000011011010000010111000
10111100110101010111011010010101
10111101000001110101000100000111
00111101010001110011110100100101
10111101001100110101110101010000
00111100100010111000011010111111
00111100000001101111001111111100
10111010110001101000010101010000
10111101001100101110001010010011
00111101001001011101000100001110
10111100001110011110110000010011
00111101010010100010111111110101
10111101000101010111110000100110
10111100101010001111011100100111
10111101000111111110001100010111
10111100110000110110000001110110
10111101001100010010111011111101
00111011111101101100111100101111
10111100100110100000111000010100
10111011011110011010010000010000
00111011011101001110100110110101
00111100001111111100101011000011
10111100100100010100111001010010
10111101001100010010111001001111
10111101101001100100101000101111
10111101010110100111011111010010
10111101001110010000100011110000
10111101010110011000000010101100
10111101010010000111000100011101
10111101001001101011111010101111
10111100001000101110101001011100
10111101000000110110100111010111
00111100010110001101100110110101
00111101000010100111000101110101
10111100011011101010011110000011
10111101000011111101010000110010
00111100100001000110000100110010
10111101011010011010100110111011
10111011100111111000011001001001
00111101000101111101001011010000
10111101000010101111010110011110
10111101100100111101111000011101
10111101001000110011111001010000
00111100111000001000011001110000
00111101000110000011101101010000
00111100101000100011100010010101
00111100111100101011010000111110
00111011011111000101000110111101
10111101001111101101110011001101
10111100111000110001111110001100
00111100110011001010000111111001
10111101001101111011010110011110
10111101000110010110111111011011
00111100011111010001110110010010
10111010111001101011011011100111
00111100110011111000111011110010
10111011010000111111101111101011
10111011100011110110101100111010
00111101001101111000011111011001
00111101010100010010011101000101
10111100100001111010001001001011
00111101001000110010100111010111
00111100101101100110110011110001
00111011110111111110111010111001
00111101110011000110010001110011
00111101000111100011011111001001
00111101100000111110101100101100
00111101100001010110111101010001
10111101001110010010111000111111
10111100001101110110000000100110
00111101100100001100101011111110
10111100110010011001100110111111
10111101011111111100010011000100
00111100100110010000110011001101
10111100101100001011000100101100
10111100110101010100111010101110
10111101000001011010100011110110
00111100100011011101100000010101
10111100101110001111100011010001
10111101000000100001111101010111
00111101011101111111011001111100
10111011110111101010101000100100
00111100111100011100101001001001
10111011111000111110110001001011
00111100111010101101010100110000
10111100110101010010110011001001
10111101011100101011000110011100
10111100001010111011011110110101
10111001111111010000011100011000
00111101000100000100101111001000
00111010100011111010000111000011
10111100011111011101000111010011
00111100101100110110000110100110
00111011110010100000011101101011
00111001110111100000101110010100
10111001000101010011010001001010
10111010011111100011010000100110
00111101010011010110100100110011
00111101000011110100101001100111
10111100101010001000101111010100
00111101010100010101010001011101
10111100110000010100110111010001
00111100111110101011010110001001
10111100110001100101111010001111
00111101011000001010111111100010
10111100110110100101010100110101
10111100111001111000110010111001
10111100010111010011001001110101
10111101011011011111101000001100
10111101100001111000100100010101
10111101000011110011101111001101
10111101000111101010101111010011
00111101001000101010101100101010
00111100011011100101110000101100
10111101010011011110001011011000
00111100101110010101111010110101
00111100100010001000000001001100
10111011110000101101110111111111
00111100011011001001000001100111
10111101011000100000100111010011
00111100000111001100111111101100
10111010001001110001011011110001
00111010100111001000101010011001
00111010111101110101000001010001
10111100101110110000011000001000
00111101010011111110110001001010
00111100111100100110010000111110
10111101010111111011100001010000
10111101011000001010110011010101
10111101000011101111110011001110
10111011110000111001001100101001
00111100101101011100111000101101
00111011101100010110110000011100
10111100100011011000010101000100
10111101011110100011011010011100
10111101010000110000101010000110
00111100101011001111000101010000
00111011111101011000010001100101
10111101100010001010101001110100
10111011100110011110101111100011
00111100000011101001100100100111
00111100111011111101110101100110
00111100111001111011110010000001
00111100110110010011111010001001
10111101100011000111101000001111
10111100010100110110010100101011
00111101010011111100110001110001
00111101000110111111010110111001
00111100101010001011000100001000
00111100000011110111001001100001
00111011010110110110011100100001
00111011100010011001000011001110
10111100011100010000101001010100
10111101001100010111011101100101
00111100011100000100000110110010
10111101000110000100011010100101
10111101011001101011100000001100
10111100101010101011111010111010
10111101001111011011101001111110
10111100111010110010101010111011
00111101001101111001000101111100
00111100001100100101001101100101
10111100110001100001110000100010
10111100010011101010100111110000
10111101010010000001101110011111
10111101000100011101001101000011
10111100011100000010100110101010
00111011011011101100111110011001
10111100011010000101010000011111
10111100011011000110111100100000
10111100111100010000100110000101
00111101001101101011011111011100
00111010110001010101011111110101
10111100111011010000100011001011
10111100111111010100101000000011
10111100101110111110011000000011
10111100010111110111111000000000
00111100110110111101010111010001
10111011010111001101111011000011
10111100101111100100111001101100
00111101100010100110001000101101
10111101010010101111011110100100
10111100001111110101100001011101
10111011100001011111110001111000
10111101011001110101011100100011
00111100010001100011110010010110
10111101000110111000100000010000
00111100111000000011100000000010
00111010001110011100001110101110
10111101100011000111110001011000
10111001010110011000011000011000
00111100100100011101100011000000
10111101000010100100101010000001
10111100000011010100011101111001
10111011010111000010000000111000
10111100100110100011010001010001
00111101001010011010100110100100
00111011110010100110100110110111
10111101000111110101000001011001
00111101000001101011100000100011
10111100101100111100010100011100
10111011010010000000110110101100
10111100100111101001001110110011
10111100100011010011011011000110
00111101010101000110001001110100
00111100011010010100011111100001
00111101000010001000110110010110
10111101001010100011010101001001
00111100110100111011010101011001
00111100100010110101101000111011
10111010011011100110001100100010
00111100011101010100011011110000
10111101001001101000010100011010
10111100110111110010011000011101
10111101011000000010100100011110
10111100100101101010011001100011
10111100100011010111010111001100
10111100101111000001001101100101
10111100001100110101100110101001
10111100100000111111001010010111
10111100110011100110100001000000
00111100111111000001100100011110
10111100111010111101110100100101
00111100101011111100000111111101
00111011001110100101111000010101
10111001001110111000011110111011
00111100101010101000000000010001
00111011100101010001100010111101
00111101000100001011100000110000
00111011101100001111010001000010
10111100101001100100011011001000
00111100001000111010000111001011
10111011101111100110001011010101
00111100100001011111111010101111
10111011000010110010111111001111
10111100101111110101111011110000
10111101001001100101110101010000
00111100110110000000110110010011
10111101100000000001101000101101
00111101001011110100101001100000
10111101000110001111000010101011
10111101010100000011101110011011
10111101011111100101001101011000
00111101001110001000100101110100
10111100111111000001111111110011
10111011011100011110101011000010
00111101000101111001010110111011
00111101010000000001010001110111
10111101001110111001010001101111
00111100111001100010001000000110
10111100110100101011011000100101
10111101100001110001100101101101
10111010011010110100111011000101
00111100101101010110110011000000
10111100111001111001010101000011
00111101010010010001101101011011
10111101000111001010100011111111
10111100110110011010111101000111
10111101100000110111011010000000
10111100001111010101101011010000
00111101000010000001100011011001
10111101101000111101000111000111
10111101000110110101011010100011
00111010111000000100110011010000
10111100011110111010100001100110
10111100110110110111111110000001
10111100101101001100000110101100
10111010100010110001001101011110
00111100010001110100011000100101
00111010100100011010101010100100
00111000000111111001000110100010
10111100110000111110001010110110
10111100101111010110110101110010
00111101100010010010010001011101
10111011010001100010101011100010
10111101100011000010111000110110
00111100100010010001011010001001
10111100110110110001110001100101
10111101100110010110101011001011
00111100101110011001111110110101
10111100100010001100110100010011
10111100011011101100100001110110
10111011001111000000111010001011
00111100001011100101110111110000
00111101000000111101110011011000
10111101011011100110110010001011
10111101000110111100011011111010
00111100100110011000000000100111
10111101001001000010001010110101
10111100110111001100010000111010
00111011011000011111000010100001
00111100011000011101100011110010
00111100000010011100111010100000
10111011111101001001010100000010
00111100011011111010111001010010
00111011111000001000001001111000
10111101010101001001000101101011
10111100011110001011111111111110
10111101010101101110101111100111
10111100011110111011001011110111
10111100010000011111101111101000
10111100100101110010001001000111
10111100111000001001011010010001
10111100111010011010101011111111
10111100010110001111111001100001
00111101010000111010111001001100
10111101011101010111111010111101
10111011101100011010100101101101
00111101010111111111101101110010
00111100011111100111110000100011
10111011100111001011001010100001
10111101000011100111110111111010
10111100001001110100000111011001
10111001000000111011010100011100
10111101010001010001011111010101
00111100011101111111010001111100
00111101001100001111101000000011
00111101100000100001011000111000
00111010011100010110010000110100
00111101000100001100001000101000
10111100011001100110011111101011
10111100111111100011111010011011
00111100000011111101111101010111
10111101011001011000010101111100
10111100110110100001000110010101
10111100110001001101001001001001
10111101100111011111100011011011
10111100001010011100010101011011
00111011101000110111110110101001
00111100110111000110000010101111
00111101000010101001101001001000
10111011100100110111100111111011
00111100011101001100110111100000
10111100101011100110010101110111
10111100000001110001000000001110
10111100101101100100001111000110
10111100111101101110111010010100
10111100001110100010010011110111
00111010100111010000111101000001
00111100100011111010101110111110
10111101001000010110100110001010
10111100111111111100101100000110
10111101000010010100100000000010
00111101010010011010010011100100
00111001011000110001000010100111
10111101100010100000010100100111
10111100011000011100001011111000
00111011001011000000111111010001
10111101010001101100111100001101
10111100001011110111111101111111
00111101001001110111100100000000
00111101000100100111101111101000
00111100100001110110100100101101
00111101000000110111001101011111
00111100100011000100100111000011
00111101000001001001100001100000
10111100101110100110010010110000
00111100100011100101010001111000
10111100110010101001101110011110
10111101001011101011011101000001
10111100100010110110000001011110
10111100101110110100011000111000
10111101010111110011111101100011
10111101000111100011010000000001
10111100110110101000110110110100
10111100101110001101001001001001
00111101000101100101010111011100
10111011101111100100000011010110
10111100110111101111011101001010
10111100001010101110001111001110
00111100111011111100100111110010
10111100010000111011010000100111
00111101001000001100001011011100
10111100001000010101001010001110
00111101101001100110101101001101
00111101000111101010011100100001
10111100000111100111001010000001
00111101010111000011101110010010
10111100110010010001000101101111
10111100100000100101111111011000
00111100000011010010011011110010
10111100110001011101000000100101
10111011100101101010101010101101
00111101110111011101010001111011
00111101011101010010010101111100
10111100010101100100000110111010
10111100011011100001001000111001
00111100110111100111000101001000
10111101011011010111010011101110
00111101011111000001000000110100
10111101001110110000111011000010
00111100110011010101110110001001
00111101011101010010010111000101
00111101001010100111110000101110
00111101001001110000011011011000
00111100110110110010011100111000
00111101001010010110100011100000
10111101000011101101000100000100
10111100101110110111001001110110
00111101000101011101011101001110
10111100111000000110101010101111
10111100100101111010111000100010
00111101001000011001111101100110
10111011111001110101000101010111
00111100110001111011101101111101
00111100110011001111100011000011
10111010001001100110010100000101
00111101000110111000111001000011
10111101000000011111110011101000
00111101011010111001001000000111
10111101010000001100111101001011
10111101010100111101100011001100
10111100110111110011100000111110
10111011100001101101101110110011
00111100111101111110111001110001
00111100111100100000011000101110
00111100100111101111010100010011
10111100000011001010000011110110
10111011111010110011010001000010
10111100101011100000000011000000
10111101001101010011110110110010
10111101011101011110100001101111
00111100100111110111000001100001
00111101010111100111111101100100
10111101100010010101011100001101
00111101010010101101101011000101
00111100111001100010100011100101
10111100011100101100111111001001
00111011101010001000011010011101
10111101000001000011111111100011
10111100101100100000110101010111
10111101011000010011111110111100
00111101000000011001111001110111
00111101001011100101101001001111
10111100111010100111110010110100
00111101000100101110001011000011
10111101000110010110101100100110
10111011100011101100000101000100
00111100110100101101011011010010
10111101011001101000000100110101
00111100100000100111001111100100
10111101000001011101011100010101
00111011101001101100011010110101
10111100101011101101100101011111
00111101001100100101110110010011
00111011000001110110100000001010
10111011011100011101111100101111
10111100111000110000010110110001
10111101000000110111001110110100
10111011000110010110100110001101
10111100101010010001001101100011
10111100010000001010011101001001
00111101000001110001010001001111
00111100110111011101000110011110
10111011111011001110101100011010
10111011111110101011001110101010
10111100111001011100001010111110
00111100100110000110010110001010
10111101001110001010100111011001
10111101000100011111110011010011
10111101000110000101010100010011
00111101000110001110110111100110
10111100101110000100110101001100
00111011001001010000111101001000
10111011011111000011011101011110
00111100101111111010111101110010
10111101000100000111011001010011
10111011101001111110010101010000
10111011111101110010000011000001
00111101011001110001011101000010
00111100001011100101111011000110
00111101010010100010100000100110
00111100010010000111010000011010
00111101101000010100010100111111
00111101010101100100001101100101
00111101011011010011010111100010
00111101000011000110001110111100
00111101110100111011011100101010
00111101011000010010000101100100
00111101101011100011011001011111
00111101101110101101101000000011
00111101010011001010111111010111
10111100110010010001001011000000
00111011000100101111001010100111
10111100111100110111001000001100
10111100001000010101111011000101
00111100101100110101100001010101
00111011100111001100011001010000
10111100110100100110100011000111
10111101010100101101101011000010
10111101001101001101100101011001
00111100001101000100101110000101
10111100110001111101001111110011
10111101000101100011011110100001
10111100000010111000101001111011
10111100001101011111111100100111
10111100001111110000110100011110
00111100100000100010110101010111
10111100111001011110011011001001
10111100101000100001111100011001
00111100101110101001011001110010
00111101000000001011000101010111
10111101000001110001010010110110
00111011010001111110010000011111
10111100111110000011100011000010
10111011000010010101011000100111
10111100111101111011000100001011
10111011101110000010101010011010
10111100101101111101010101110001
00111100010111110111111101000010
00111100000110110100010011100010
10111100101000111000110100000100
10111100101100011110001111111001
00111101010010001011111010100111
00111101001011110001111010100011
10111101000010101101101110010100
10111101001100110111000100100001
10111011011101101011011001011011
10111101101101111100100000011110
10111101010010101110111010101001
10111101001000011000010111001110
10111010011011100111100101101101
10111011110110100011001011011111
10111101000011100011110100011001
10111101010000101101000110100100
10111101001010011010110011011101
00111101100111010010001110111111
00111100100110010001110110100010
00111100110001001010000000000100
10111101100001111001110000110011
00111011100101001000000110001000
10111011100010100111001011110010
10111101000011100011110011001000
10111011000100010011000011100110
10111100100011101010001110010011
00111101011000011011111100001000
10111011001110110011111110100111
10111101011001100011001100101100
00111100110100110000111011111001
10111101010100010001100001010000
10111100000111010110100010011100
00111100011010100110101100010000
00111011101010010011110010110111
10111100010001001001111010101001
00111011100111011100110011001011
10111100011011110110010010000001
00111100010110010101001001000011
10111101000011000111110011100001
10111100001111010001111100110101
10111100000011111110011110110111
10111100100000100001000001010000
10111100011001110001101011010111
00111101010110011000011111110001
10111101001010011100000010100000
10111100000111001000101100010000
10111101010100111110101010000110
10111100111110011111010111100110
10111100001100100011010010010011
00111011110001010011100010111111
10111010111101101101101111110011
00111100111000100011000000000011
10111011110110011001101101101011
10111100111010100100011000110000
00111011111101011100100110000111
10111011111101110110011100000000
00111100011110011011111000100001
10111100100010101000100111111001
10111100000110100001100000111011
10111100100001101000110001010001
10111100100011010000100110111111
00111101010010000111001111100001
10111100110010100000001010100010
00111100101111110101000111101110
00111100000010101101010110010011
00111101010110111001100010111100
10111100010010101001101110010000
10111010110000110010100110010000
00111101000100010101000110111111
00111011111000010101000000101011
00111100100100111010111110110101
00111100011110010101101010100011
10111011011001111101001111100100
10111011100100011100111101010101
00111101010001111000010100111100
00111100111100111010100000000010
10111100100000010110000000010010
10111101010000110111100100101100
10111100110110011111010010110101
10111101011111110110110001101110
10111101001011001101100001111101
00111100101010110011011111101101
10111101100001010001100101101010
10111100100001011100011001100101
10111100111010000001100001001101
00111100101100101000111011001001
10111100111001011001100100110100
10111101100100010100111110010001
00111101000101101101010110011111
10111101010111101101011000110011
00111100110101001010111000001001
10111100100101101001011010100010
00111100111101110000101100101011
00111100000100001101001010101111
10111100001111100111000001110101
00111101001001100111000111001100
00111101010000000100101000001000
10111100111011101000111110100101
10111010110010100011100110000101
10111101001001000110111000110110
00111101001101000001010001111110
00111001100100011111001101001000
00111100100100111111110001001010
10111011111110111101110000001101
10111011110011111010000010100110
00111100111100011110101111011100
10111101010101001010110001011100
00111010001000111110010110000100
10111100110101011010011100001011
10111101100000110101010110011011
10111100000000111100001101100011
10111011101001100110011111100001
10111100001000000101010111000000
10111101000101000101101100110001
10111011100010011110001111101100
10111101010111101101011000100010
10111100011100110001110100001101
10111100110101101111001101110010
10111101011000110010010010110110
00111101100011000011111101000001
10111011111011000001010111001110
10111100101011001011100011011000
00111100110000010111000001100111
10111101000000010000001101101000
10111101000010011111000001101000
00111100000100111101101100111111
10111100110111011001100110101001
00111011101000011101100001010010
10111100010101100101111111000101
00111100001010000010111101111100
00111100101000001010000111111101
00111101100010010010001001110111
10111100101010111001010000001011
10111100101001100001000011010000
00111101001110010110000111000000
00111100101011001000011100111111
10111100111101110111001001101000
10111101000000000110100110100101
00111101100110011111010011010111
10111101001001011001111011011011
10111011000100000001101111001011
10111011001101000000011010010101
00111101100001100111000011001101
00111101001001110000010010101111
10111101100110100011010101011000
00111001110011011011011111011011
10111100010111010010010001010110
00111101000101011110011100100010
10111100110010111111101111110101
10111101100001101001000011000101
10111101001101001011000111111001
10111101001011011101010000111101
00111100110001110110011100010001
10111011001111111100100111000111
00111100000000011010011011101000
00111101000011001101101010100101
00111101100000110100100001001100
10111101000000101001100011001010
00111100000001110011110011001111
00111100111100010111011101011010
00111101100011110011101100001101
10111100110101010110110100011011
10111100001110001011000110110110
10111100101000011101000100000000
10111101001001110010111011010011
10111101000011100001110001011100
00111101011000000110010110001000
10111011010000101111110100110000
10111100011110001000110000101011
00111101011011010110100000010100
10111100111010000010101011110100
10111100101000101001100110110101
00111100111111101001010011010000
00111101100000111001101101010101
00111101000010101000100111110001
00111101110000110111000110100001
00111101001100000100010101011011
10111011100111100010100001001101
00111101010000110011001011100111
10111101000100101110011011000111
00111101000010111001001101000111
10111101010101110011000001010011
00111100010000100110110100011101
10111101011001110001100110100110
00111100100110001101100100010101
00111011111111110011100011100110
10111100110000001000110111111111
10111100101010001010101010001111
10111011001000101000111111111111
10111011101001011011101010101110
00111100100100010010000010000000
00111100110111101111110100011001
00111100010001000100100010011101
00111100111000000111100010100001
10111101100000001101010110100100
00111101001000110110110010010110
00111100111001101101001100011110
10111101010100110010000011001101
00111101100101011101000101011110
10111100001011011100001110011010
10111011100100011000000010100101
00111100110110111100110110110010
00111100110111110100111001110111
00111100000001110100011100000111
10111101001011011100101001001000
10111100010100100011101010101011
00111011011001111111001001110011
00111010010101101001000000111110
10111100101011111001110101010101
00111100100111011010110010100000
10111101001111010100111011101111
00111100001110000101010101000111
10111011101011010101010101110010
10111100001101001111101101111001
00111011001000111001011010110110
10111100100001010100101010011110
10111101010011011010100011001011
00111011000111011010100111111110
00111011101111000010011001000010
10111011111110111111110000011111
10111101001010010011010000111000
10111101000110000011000010101101
10111101100110110011010000101110
10111101000001000110001100101001
00111011110010000110001011101000
10111101011000011111101001010101
10111101011000111110100100101111
00111100100000000010101110111111
00111101000001001111111001011011
00111100001101000101001110000100
00111100011011011011101100001100
00111100110011011011110110010101
10111100100110001000101000101110
10111101011101111101110000001110
00111101001110000110001111001101
10111101001100100111000101001110
10111101100101111001000111001010
10111100111101101010011111011100
10111100100100000110000000010101
10111101010000101000010100000101
10111100100010001010000000110110
10111101010000001010101011111000
00111100001000010000000011001000
10111100000011010011100110110000
00111100010000001111011001101000
10111101001011000110010100111001
00111011010010110111110100111010
00111100000101000001011000011001
00111101011000111000110101000110
00111101001100000000101101000011
10111011010010001100110001101010
10111101100001111100101001101001
00111100101000000010110000011101
00111011111110011010100010001001
00111101000000011100110000001100
10111100111010011000101100101111
00111100111001100100110001010010
10111101000011100010111111110010
10111101000011111000010110001001
10111011110100010110101110000010
10111100101100011000001011110011
00111100100111011001111000101010
10111100110100001011001100001000
00111101001000101111110110110101
00111100100110010111100111110011
00111100000011001101101000001001
00111100001111101001011110110100
00111100100010011010001011110011
10111100001111011110000110010001
10111100010100011101000111011100
10111100100111010001100011001100
10111100001001101011100101111111
10111100101100001110010100010001
00111010001101101001101101110001
10111101001110001011011001010101
10111101100100110110110100111110
10111100111000101111001100011011
00111101001001111001100101001001
00111100111000110111001100000001
10111100110101101110111100101010
00111010010010001110010110111101
10111101100100100111010010110000
00111100101100111101011011001010
00111100101100000101001010000000
10111100100110111010010011101111
10111100010000110001000100101110
10111100110000010010100111000011
00111101000000001111101000111101
10111100100011101000000110110110
10111100000110001111011001011001
10111101001101011100010100010110
10111101000110101100010011001110
10111101100011101100010011110001
00111101000000000000010110111000
00111100000101001001011111101100
00111100101110101010010001000111
00111001100111010011110101011100
10111101011111100101100111000011
00111100000000000101111101110100
00111101010011001111100000011010
10111011111101011010010011000111
10111101100110010011001111111100
10111011111100110101100101001101
10111101010011100110011101000111
00111100111111011000111101010010
10111100100100100001100101100101
00111011111001001010100011011000
00111011100100100100111011110001
00111101010100111101100110110110
00111100110111100100111001000110
10111011000010101110000010000000
00111100001000111011000010001010
10111011111011011101000011010001
00111101100001011100011110100000
10111101000100011111010110010000
00111100110111100100100101000011
00111100101100110011000111000000
00111100110010100100101100100101
10111100100011010100011001110111
00111101001101000001100011111110
00111101110010011111011000100011
00111011000011001011010110001101
00111100100110001100100000111000
00111101001110100111111010011101
10111101010100111010011101101111
10111110000011001110101110100110
00111101001010110010111000010100
10111101101010000001100000001110
10111101101010010011000001011011
00111101000100010011101001110001
10111011000000100110011000111111
00111101001010011101100101101011
00111101101101110100110110111001
10111101000111000010100001110101
10111101010011100000110000000100
10111101101000011110000100010001
10111100111101111111011101001100
00111101010011011011100100010101
10111101010110111001100110110011
10111101000000010110100100100100
10111100101110011111010100100010
10111101000000100111110010000110
10111101010101000111110010010100
00111101000110011011110110100100
00111101010001000001011000101110
00111101001000110110011101000001
00111101000111000001001010000110
00111101011100100110001011000011
10111100101011010001011100011011
10111100110000000011101001100000
10111100100001011010011010000111
10111101011110101000100010000000
10111100001010001001101010000100
00111100111100101101110010100001
00111101000111101111100000000111
00111101010000000111010111100011
10111101000101100010100010111111
00111011000000110000100010110111
10111101001101110010011101100000
00111101000010010100110001011101
10111100100101001100010000111011
00111100001100000100101111000110
10111101101000100100000011111100
10111100011101001110110001010101
00111100100110111111111110010000
10111011111111111000101001000001
10111100110110111101100010001100
10111110000011001000000000100110
10111100011001110010100011000001
10111101000001111111100001100011
10111101011011001111101110110000
10111101001100100100011011001011
10111101000000101101111000101100
00111100000010110010010111001110
10111100000000110011100000101000
10111101000100101001010110010100
00111100011001000110101100000000
00111100100010110011100110011010
00111100011000111000000111001001
00111100001111101100110101011001
10111101100101110111000111100001
00111100010011000010101010000110
10111101010010110100111010001110
10111101001101101010000111011000
10111100110101111100001011000001
10111101011011001101000001101100
00111100001111011001011011111101
00111101000101011011101100100101
10111101100100001101001000000100
00111100110111010001110101101011
10111101000000000111111000101100
10111100011010011110000011000110
10111100110101101100010100011011
10111101001000010010010100010110
00111100000010101111101010110101
00111100001000001111111000011010
00111100100001101110001100100111
10111100010111000101110100001101
00111011001100010001001111000101
00111100010001100000100111110010
10111100111010011010000011000100
00111101010100011111101000011011
10111100110010110010101000111100
10111001111010000011000101110101
00111100111101000110111111011001
10111101010010110011101000010111
10111101001011011010011000101111
10111101100000001111010101100011
00111011000011001011110111110101
00111101010000100111101101010000
10111011101010010111001100001010
00111101001101010010000011001111
00111101100111001101000110100011
00111100100011101000011110111011
00111101000100100101110001111011
10111101000110011110100101001110
10111011101010110111001111111011
00111011110010110101001001101100
10111011111011011011100111010001
00111101000110101110111100011000
00111100100010011010011100101110
00111100001101110111010101111010
10111100110100100110111100110110
10111100000011000001100101110100
10111101100000110000011001100100
10111100110011110100011011011110
00111100100011100111111000000010
10111011111110111000110100110111
10111100111110010011010101100011
00111100011001111100010010110111
10111100101010110101001010000110
10111101010110110101001011001000
10111101000110010111000000010100
10111100000011000011111111111000
10111100111110010000111010011101
10111101001001000101001000011010
10111101010000000101011100010110
10111101010010100100000011011010
10111100010011011111111010000000
00111011010010000001011000011101
10111011100111100011110001100001
10111011110101110000101011101111
00111101000110110010000001011010
00111100110010011100010010011100
00111100101001110010010110010011
00111100101100101111111110110011
00111101101000100000100001000110
10111010100001010100000101011001
10111100101111001011011001011010
00111100110010011001000110111011
10111011100000010111001110011001
10111100001011111010101000101110
10111101000010000011111010001100
00111011100001110111111100011010
00111100100001101111010111000110
10111100100101100100011101000101
00111010101111011110001111111100
00111100011101000111111001001101
10111011100110010100100110010000
10111101000000011100101000011101
10111100101111011001101010101001
10111010000110011100000001001110
10111100101001100000110101010011
10111101001000000011111000010111
10111100110010101011100010110001
00111011110010001110000000110101
10111101100111011010010100111000
00111101001000010011110100110000
00111101010101110011111011010101
10111101011010111001010000111101
10111100001111011001111101111100
10111101100010010100111000111011
10111100011011100101111110011100
00111010001011100110111111001000
10111101101000010010000001100110
10111101010010011010101001000001
00111100111000001100100010100011
00111100001000000111011010100011
00111100110010011000001111010101
10111100100000001101100100010110
10111011100100001000100010010100
10111100000011000101100101011111
00111010100001100010100101101111
10111100010111010101100111000000
10111100000101001110100111100000
00111100111111000101100010011100
10111101000011101001000100110111
10111100100111011100011110110110
00111100011001110110010001100000
00111011111010001101011000000110
10111101011001110101101111101010
10111101010001110111001111100001
10111011001011001100110011011010
10111101100010110011011010111101
10111101001000110011000011000011
10111101000001001101010000000111
10111100111101111101001101101100
10111100011101101110101001101001
00111011000110110110100010001001
00111100110010110100101111001100
10111100101110111110110010101001
10111011111000110100100001011010
00111100010101011011110010110000
10111101010101010111000110100111
00111100111000110010010111001001
00111101011000101101100111001011
00111100110010101110110111110011
10111011001100101011001011110010
10111100110000001100110011100111
00111101101011111000001111111000
10111100010111000010110000100111
10111100110011011110001001010010
00111100100110001000101010000110
00111101011011001100011111001101
10111101000011110111110011011111
00111100101000110100001010100111
00111011100011000111111110110010
00111101001000000011001011010011
10111011100000100111000100011101
10111101100010101110111011100110
00111011011100001001011100000111
00111101000101110000101011100010
10111101011000001101101110101111
00111100010000001010111010001010
10111101100000110101010101111110
10111101000110110011101111110111
00111010111100111100010010010111
10111100101100000111000110010000
00111011101111110101100011011010
10111000011010000011001110100000
10111011011100001111011100001001
10111101100010101011101111001010
10111101011000100001100011100100
10111101100000000100110111101101
10111101000000101100001110110100
10111100100010100111010011011010
10111101100001010010110100110010
00111100011001111100000101111000
00111101101010011000101011101100
00111101100010110000000010011010
10111100011011110111101100100011
10111101001011101011111111111000
10111101100100001101111010010101
10111100111110010000001010101010
10111100011001100110010001011011
10111101010110111100000010110010
10111100111010001100111110100000
10111101010011010100010001111110
10111101000011110011010011010011
10111101000100110001101111111011
00111100000110000110100010101111
00111010110110011110111010010111
00111100110100111010110101100110
10111100010000111100111110100000
00111100100011001010011100101000
00111101100110010101011000100111
00111100110111010011010111111110
00111100101011101100111000100000
10111100100010000001001110101101
10111010000011011110100111011010
10111100110110000101111110111110
10111101001110000100100011011111
10111101011111100011011111110110
10111011000011011101110111110100
10111100001101111011100000011110
00111101010110110011011011000110
10111011111000111011001000110101
10111100110111001101001000100010
00111011001000111001100110011100
10111100110010001000100001000100
10111100111010010000010001000100
00111100100001101101011110111100
00111101010000011110001010111100
10111101000001000100101001110010
00111101001010011010010010001010
00111101011010101100000010011011
00111101010001101011100100111110
00111101000000111110111101111111
10111100010000101111001010101110
10111100100010101100111000000111
00111101000101100100001001011110
00111100111100010111101010101000
00111100110000001010100101001110
00111100101111010101011010010101
10111100110101110000110111011000
00111100101101111011000001110001
10111100010010000111011011110110
00111010101110010101010100011011
10111100100010001010011101101101
00111100100101110011010101010001
10111001001000011101110101111110
00111100100101000100110100010011
10111100100110100101111111000010
00111100011111110110010001111001
10111101100101101101101001011011
10111101000110011010011100001111
00111011111110001011110010110111
10111101011111000011100010110110
10111011110101011111000000001011
00111101010101010001001000110000
10111011011110001110111111100101
00111100001011001001101010101010
00111101001010001011011110100111
10111100110000110001000001000101
10111100011101101110100011110101
10111100101011110000100010101110
10111100100101010011010001010100
00111100101011101001110011010011
10111100010010000010101100110100
10111011110101011000100010110110
10111100111010011111011001011110
00111101000100010001100010011101
10111011111001101001111100000101
00111100001001100101000001110011
10111101011001011110100011010011
00111100100011011011111110110110
10111101000011001100101101100110
00111100101111001011011001100000
00111011010101000110101011011100
10111100011000001100001101101101
00111100100010101001100100001101
00111100000011100110010011011111
10111100101010000111110000001000
10111101111011101000011001111110
10111100010101110010111111000110
10111101100101110000011111111001
10111010111000001000110100100001
10111011000010110000001101011101
10111011101000100110101010001101
00111101010011011000001011100111
00111100011100110010111000101100
10111101100100010010011011000110
00111101010011000000111111010110
00111100001101110100101110110101
10111100110001101001000110000101
00111101001001110011001111010000
10111100110010000101100100000000
00111101001001101001001011011101
10111011100010100011111100011101
10111100111011011011101101010110
10111100011101111011110100011010
10111101000011000111000011111110
10111011000111011000000011010100
10111011111101111111101101100110
10111101011010010001111011011100
10111100101101011111011001101110
10111101010011001111111110001010
10111100011001111100100010001100
00111011000000001111010010011000
10111100001111101100011000010000
00111011101111100001001001000100
10111011110100101101010100011110
00111011111000011111010000111010
00111100111001111000001100011101
00111100011011111111100001000010
00111101010110001111111110001111
10111100101001000000000100111000
10111100101001000010001111001101
00111100011001100110111011000000
00111100111101111011111011011101
00111100110111101010101100011011
00111100110000011110111110101011
10111100001110111001011111001101
00111101010100001000100111101111
10111001001111001111000001111001
10111100100111110000000110111100
10111101100101010110100000110010
00111100000110100011111100001101
00111101010110001100000011010111
10111101001001110011000011000110
10111011100000101010010110001001
00111100100100001111011000110111
10111101010001010011111110101001
00111001011101101110100011110011
10111011001011001101110101011111
10111101001001101101110110100010
10111101100011111101011110101010
10111011100101111100001011001000
00111100110100111111001011111001
00111100111111110100101101101000
10111101001000110100111110011110
00111100101001110000101100011011
10111100110001011011011000001100
10111101001011011000001101000001
10111101000111001111011110111101
00111101101100101010101010010010
00111101001010100101010110110110
10111100011110100111101010110110
00111101010110000101110110110111
00111101100011000010100001001101
00111100000001110101011101000001
00111101101101010000010101011000
00111101100001110100010111000111
10111100100100110011001011001100
10111100000111101010001010110101
00111100101100100111011111111010
10111101010000000010010010111100
10111101001100011011110011100111
10111011101110000100101110100010
00111100000111010000001011000101
00111101001000110100100001101100
10111101000010110010110110010011
00111011101101001010100101111101
00111100110101111001101011011110
10111101101111000011000110000110
00111011101110101000000010011110
10111100011101110110001000100101
00111011000110010000001100101111
00111100000110011100010001011111
00111100111100011101011111111000
00111101001110001110001011001110
00111100110100001011110101101100
10111101010011101011001110111001
10111100110101100100100100001011
10111101000011000011111110010110
00111101010100100101000001001100
10111100110000101100111001101000
10111101000101010000100001011000
00111100101101110101000111100000
10111011011000100001010001101110
10111100100110000011000110011010
10111101000000110011001100110001
10111100100100011110101010011010
00111011101001100000100010100100
10111011110111110100000000100110
00111011110000011101010011110010
00111101010110000110110100011111
00111010111101010100010000001100
10111101100100011110100101011101
00111100001111101100100000110100
00111101011010110110001010100110
00111101001011000000100010011001
00111101001111100101011111111100
00111100100111110101111011100010
10111100011100111111000001101000
10111100100010010001101101000101
10111011100001111010000110110101
10111101001110111111001100010101
10111101000011101000101101001011
10111101111111000110000110100111
00111011100010011010111011110100
10111100110111110101010010100101
00111100001101000110010110101010
10111100000100101001011111001100
00111100011100010010011110011100
00111100110000010010000101111111
10111101100000110110110000010010
00111010011011100101111110110110
10111100110011111100101000010100
10111110000001001011101110101000
00111100000100000011011111100110
10111100111010000000000100101110
10111100101011000111001000111100
10111100001010000010001110010101
00111010100011010111010001101010
00111100011111000110000011001110
10111100010011001010100101000110
10111101100000110000011011001110
10111010101111110000110110011000
00111100001111010011111001001001
00111100111101000100011010000011
10111101001101100001110010100100
00111011111001110100000011111101
00111101011010100000001000100010
10111011100100011001110110011011
00111011001011110100111111001101
10111010111000000111011100100100
10111101011111001101010100011010
10111101000111000000001101010111
10111100111101001100110110111101
10111100110110111100100100100111
10111011111010111011110100110010
00111100000111011110000101111011
10111100001000111010101111111110
10111100010100111001001100000101
00111101000101100011010000000100
10111101001001100011011001001100
00111100011010110110111101000011
00111101010010000100011011010001
10111010001010100000001001111110
00111100100000010001111010000000
10111100101100111101000011000111
10111100001100010000111010011100
00111101100010100111111001100010
00111101001011100011000010000010
00111100000111010011101101101111
00111011101011011100010100100011
00111101010011111111001100100110
00111101101111101011111100011100
00111101001011011010000110000111
10111011111101001000111100001001
00111101010100111111110000011000
10111100111001001101100001010110
10111100101000010010011101010111
10111101001110001101000001000010
00111011100011100000011001100111
00111101001001111111010101011010
10111101011011010111010100011001
10111011110100000000010011010101
10111101001101011100101110111110
10111100100110110001101101101111
00111100110111100111101111111101
00111101001011110101011011101000
00111101011111011111111101000100
00111011010001000001100111100000
10111011111001010001011010101000
00111101000111101000110110011101
00111101000101001101111011111111
10111100000011111101000100010111
00111100110011111010111110001011
00111100111010011100100000111101
10111100000010010101010110101110
00111100000110110100111010100001
10111100111100011101100000100111
10111101001100110010001110101010
00111101010110110001000011100001
10111011011110010001010001010110
10111101011110010011001001000101
00111100001001101001010111101001
00111011100111100001010010010000
00111100000010010001010010101100
00111101001000001100000011000010
00111010000010000100110100100110
10111100110111110110100110011000
10111101010001111010001111000111
10111100101100101001100011001010
00111100000111111001011100010010
00111101000001111111101001111000
00111100100001100101010010001001
10111011111011001000011011010100
00111101000010010111101001001111
10111101001111110111111110111001
10111100001110111111110001010101
00111101010011011111011011010010
10111101011110010100110000110111
10111100101001111010000101100011
10111011010001101101110110011101
10111011111010001010010100100111
10111100100001110110100011010111
10111101001100101001000111000110
10111101001110010010100000011010
00111100110111001111100111110010
10111100000011001010101111100001
00111100110111010101011011110110
10111100010110011010111000101010
00111101011110111011011100011001
10111101011000110000001100010010
00111001000101110110111100011010
10111101010000110011000111100111
00111100000000001111011111110110
10111101011100000010111100111111
10111101010011111110010001101101
00111100000101000000000100111111
10111101010110111110100010110011
10111100001100110110010010110110
00111100000111111111000100011100
10111101100010001110010100010100
00111100111101001111000101010010
10111101010000100100101101100011
10111100011100011101011101100110
00111101001000101000000110010110
00111010111000110110001000100000
10111101100101110100010011111101
10111101010010011111000111110010
10111100011011101100101110001011
00111100000011000101001010011101
10111100101100001000110011011110
10111100111110010101100011101111
10111101011011100110110101110101
10111101001001110011001110101011
00111101000111110011110001010110
10111100001110110001001001111101
10111100111000010100100011010110
10111100000100101001111110101010
10111011110101110110000000010010
10111101110100101000010100001000
10111100001000111101011001010111
10111101010010110010011110100010
10111101000000001000100010010000
00111011011000011101101011001111
10111101110100101110101111101010
10111100100000000011000011010010
10111101001110000010110001111000
10111101110110111100010011101001
10111101010001101011101101010011
00111101011110111111100010100100
00111100111010011101001010001100
00111010111010101011111110100011
00111101101000110011011101010000
00111100001011001101000100010100
10111100101010001010100101011010
00111100001001101101000100111101
10111101001101010001011101001011
10111100111101001000110011010111
00111101000010101011110011100111
10111101001101100001000111101010
00111100000101010011010001010111
00111011010001011110110000110011
00111101111100110011001000001010
00111101001010001001001101101000
00111101000011000000111100000100
10111101010011001111011010001101
10111101000100010110011000001010
10111101000010101101110000001101
00111100111111101000111101110100
00111100100011101100010000011100
00111100100000000001000000010010
10111011101011001101000010111101
00111101001110011101110010011011
00111101101110011001110000001111
10111101001000100001101011011110
10111101000101100011011111001011
00111001110001011000110000101010
10111100011001101111000001001010
00111100000100000101010010000111
00111100111100110000111101001000
00111101100111011100011101001011
00111100110111011101001000111001
10111011001110001010111000111111
00111100010100100011111111000110
10111001111000110001000001101100
10111100001001110010111011001101
00111101010111100001100100110010
00111100111101000010101111010110
10111100110101000110000000101000
10111101011101010000100011111010
00111101000010111011011100001010
00111001011000110001110001001100
10111100111111001011111001111111
10111011110011100111011011011100
10111101010101011100111011010000
00111101000101101011001011101000
10111101010101001110010110001111
10111100111110011110000111000101
10111101000101110100111010100110
00111101000011001100001000101000
00111101111100111111001100111101
00111100111000101000100111011110
00111100111011011010110100000100
00111011110100110101100011110111
10111100000000000000101110110000
00111101001101011001000111100101
10111100110100000011001011100101
10111011000110000000100100110001
00111101001101101111011110101111
10111100111101011100011101010111
10111101100101101011010010110111
10111101001100100101110111010000
10111100010011011101000100111101
10111100100101000101010010111000
00111100001101010011110110111100
10111100111111001101011001001011
00111100001000010101110000111101
00111100001111011000111101110010
10111100110110100111110111100001
10111100110000001010001111000011
00111101010010010110011111000100
10111100000111000111111011010010
10111011101100100101101001101101
00111101000000110001010110001100
00111100000010101010010101100101
10111100110100000011110001010010
00111101000011111100000110010110
10111101011101001001110101010000
00111100101000001000111100001100
10111100101111111110000110000010
10111100101100101100101000111101
00111011001011101010100110111100
00111100001101001110101010000001
00111100110011001111100001110011
00111100011011000100111010110001
00111101101100010000011111111101
10111100001011000110111001101100
10111100100000001110001110000101
00111101001000000001011011100010
10111011100100101101000110101111
10111011110110111001010001110001
00111011100011010000111100010110
10111101011100110011111001101010
00111100110011010010111110111110
10111101010011011100000111100110
10111100100011000011001110011101
00111101001001100111011000101101
10111101100001001000101100100010
00111011000001011111001111000001
00111011001100000100001010011101
00111101001000001000011110101100
00111100001111001011110011000011
10111100011000000011001101110010
10111100010110111100100101010001
10111011111101110110100110010001
10111100100010110000111000010110
10111101100100100110100110010000
10111101011110001111000011000001
10111101100000100100000110111101
10111101101011011001010111101001
10111100100101111101101001011000
10111101101011100111001001111110
00111011010000111100011110111111
10111100011111011100101011100010
10111100001000011000101110101001
00111010010111000011101010011010
10111100100000100000101101111100
00111010010100110000101000011010
10111100010111110111100000101000
10111100000101110000111110100110
00111101011101001100111100111100
00111011001111111000100000101000
00111010101101110101111010110110
00111101011110101101111010101111
00111101001001111001010001000110
00111100110111001010000100010011
10111100110010101110100101100010
00111100110101111010111100110101
10111101010011100110001101100011
10111100111010011100101001100111
00111011111110101000000100000000
00111100001001111011111101000010
10111101001100001101101101100110
00111100111111001000101010001110
00111100101110011101100100101001
10111100101010010101111001001011
00111101000000000101010010101001
00111101001000000100100110101101
10111100101101001110011001100101
10111100011001011011101110110000
10111101001011101010110001101001
10111100110000111101110111011010
10111100110010001010000111111000
00111101001001010010101110010011
00111011111110110110010100101011
00111011100110100100101000111000
10111100000100011000100000100001
10111100010100001111010100111001
10111100110101111101110000100110
10111101100011011111001011010101
10111100101011010101001100001110
10111100100111110100010100000100
10111101001000100011010000011001
10111101000000001111010101010010
10111101011111010001010011100011
00111101001100100111000001100111
00111100010001010100011011011101
10111101000110001011010011100100
