10111100100011000011010111110011
00111100010000101111111101011001
10111101100111110111011001010111
00111100100100001000010101111101
00111100001000011011001010101010
10111101000100111001011111011110
00111100110100001101011000101011
00111010110100001110100100111101
10111100110101010101101011100100
00111101000001010010100000111100
00111100110101100010011011101011
00111101000100101110100011000000
10111011101110111010111101011010
10111100100111011101011100011011
10111100010010100100110110001101
00111011100110100011011100010001
10111100101010100100000001001011
10111100100010000010101111000000
00111101010110110011101000111100
00111101000011010010001011011111
00111101001100011001000100110000
00111101000001000011011011111010
00111101010000101101110111010011
10111100111001101000000100100001
00111100011000100100100000001100
00111100001110011010010111011100
00111100110000011000000111101101
00111100110110000000100101111111
00111101001010101110100101000110
10111101001110011010011100001101
10111100000101001001101111111011
10111100100010100111111000100111
10111101100011011010101100010100
10111101001010110101100001000010
00111100100111110101011011110100
10111011110101001101001010000101
00111010111011001001011100110000
00111100001101001000001101011001
00111100101100000110100000001011
10111010101110101011001000010101
00111100111100110111011001000110
00111011100100100101111111101001
00111010110010111100000010110000
00111100000000001110010111111110
10111100101101110101011100111000
00111100100111010000111010111101
00111100100010101000100010000010
10111100100010001001000111011011
00111101100011110110100100000010
00111100111100101100011101001011
10111011111000000101101111100101
00111100101000001111111100111010
00111011011001011001110101000011
10111100111000110010011011100110
10111100100110000110110110110101
00111100101110101101101111000000
00111010100101000101010010011101
00111101010101111110000101110000
10111100101100000011010001110100
10111100111001110111000001110100
10111100101111010111101000001010
00111011101111000111000010110110
10111100110010011101101011110000
10111101001000110101000010011010
10111101001011111010000010010010
00111101010101100001111011101110
00111011011011000000010011101001
00111100000110010011100110010101
10111100010100011001011101100101
10111100100010001011110100101001
00111100001110101011010001101111
10111100110100011011000010110101
10111101000010100011011111010110
00111100110010100110010011000011
00111101101011011001110001001110
10111100111010011111111001011001
10111100101100111010110001111011
00111101011101011001111111011011
00111101010000100101000111001111
00111101100011101111110101011111
00111101100011001101101100111000
10111101010001001110010100110100
10111101011011010001000110000000
10111101001000101010011010010100
10111101000000110011101011000100
10111100110111011000111100101011
10111101100000100010011000000101
00111011000100000010001101010001
00111011011001010001010010111010
10111101101100010000101011100100
10111100110010000000111010110101
00111101010011100000001011011001
10111101100101111001000010000101
10111100100100100010110101010100
00111101000100011000101010001101
10111100011011010100011000100101
10111100110010011001010110000000
00111100110110001110101110100100
10111100101101101001010000111110
10111101000000011111100001100001
00111101010111111111001000101101
10111100011101110001101110010111
00111100101011001000110100011110
10111100100110001000101010000100
10111101000011110100001111000001
00111101000110000001101011000000
00111001011011101101001010101111
00111100111000110101100011000011
10111100011001101000011010110000
00111101011011011010001101000111
10111100101001011001101100101000
10111010011100010010101110111000
10111100011101111110000101010010
00111101001100100110010100100111
10111100000011011011010110101101
00111101000000111111011100100001
10111101000001100110001010001001
10111011011010001011000011100101
10111100111100111100001111111101
10111100010001011111111110101011
10111101101011010111000001000111
00111101000110110000010101110010
10111011000110010110101100001101
10111101001010111111010011011100
10111100000110000011101110001001
10111100001111011011111000001010
10111100100010001101100100100111
00111101001100011111101110110100
00111101010110010111001101100010
00111101001110111101000000011111
10111100100000101111101111101101
00111100010101110100100100110011
00111101001011110001010111000010
00111010100001111011100001111100
10111101010100111101010000000001
10111100101001100101000001101100
10111100111110011001010110110001
10111100101011000011100011010110
10111100110101111011101111000010
00111011110110000100111011011100
00111100100110001110111111001011
10111101001000100001010101000100
10111101000101011011111010101000
00111011000111001001101011100010
00111100111011100011110100110110
10111100000100010111000110110011
00111101100111001101011100001100
00111011111110111100000111101111
10111100011101100111000000101101
00111011100001110101000101110001
10111101000001010011111010101010
00111100100001011101101010101000
10111100101100100010001000101100
00111100111000111001000110111110
00111100101001111001101110010110
00111100100100010001110100001111
10111100111001010000111111101010
00111100101010001100111010110101
00111101011001001011100001101101
10111101000000011000010101110110
00111100101100000010011110101111
00111101001100111111110100011100
00111101101010010111010001001011
00111100010111001110010001011001
10111101000010011100110001011011
00111100110001110110101110101010
00111101000010100100001101110110
10111100011011111111011000110010
00111100101001011110011001000001
00111101100010010010000001001001
10111100000101111100011001001101
00111100000110010010100011100101
00111101001001100001001001110011
10111011100010010101011101100110
10111011110010011011111001011010
10111100111010001001100100010010
00111101000110111011101101010011
10111100100000100110100111010111
10111000011100100101101010010001
00111100100001110111001110111101
00111101000100001000011110110111
10111101011101010101001001001011
10111101000110000110100011111011
10111101100100010101011101111000
00111011110110010111110111011101
10111100001001100101000110100100
10111011110010000111000011110101
00111011011011001001010101101101
00111101000111110000100011001101
00111101100000111110010001101000
10111100110000000110110111100010
10111101001000101010000011010110
00111101100101110100000111011111
00111100111001111010011111110101
10111100001011010010011100110001
10111101011111110101010100101001
10111101010111110010001101011001
10111101100001010000100100110101
10111101000000010000111100101111
00111101000100000011011111001101
10111101001000111011101001101000
10111101011010110100110010000111
10111101011001011110011011010010
10111100100110011000101110010110
10111100011000011001101111101101
10111101100101101101100100001010
00111101001011100001110111000111
10111011101001101001101110010100
10111101000101000000101110100101
00111100110100101011011111000000
00111100000101100110000100111110
10111100100001100101111000101111
00111100000111110000011100011101
00111101100001101011101011011111
10111101000100101111111101001110
00111101010010111001000111010000
00111010101110111100001010010011
00111101011011111000000001010010
00111100111010001110111101000110
10111100100101000100101010111010
00111011100100011100111101000101
10111001100110001011111010101000
10111100110111100001001111100010
00111101011100111010000001111110
10111100010010101111001010100100
00111101011001111010000011001111
00111011100011101110010111100001
00111101000110000110010110010001
00111101000011101001110101101110
00111100110111110001100110001001
10111100011010100001000111000101
10111101010111100111110010101010
00111001001000110011011111001000
00111101001111011101001101011101
00111100100101110011101000010011
10111100001110000100010110101110
00111100000000001011000011001000
10111011010100110100101011000111
10111100111110101010100011100001
00111011110001101110001000111111
10111010000101111100101011101011
00111101000101111110101100000011
10111101000110010101111111110101
10111100100010010011001101111110
00111011110101101001101010010000
10111011111100101100110010100011
00111101011101000000111011000111
10111011101010000000011010001011
10111101011001011100100101101010
00111011001101010001110010111010
00111100111110000111011001101011
10111101011000111001111000100011
10111101011000011111011000000100
10111101010100100000000000101110
10111101011000101100011100101100
10111100101101101000011111010101
10111101001011110111111011101010
00111011100011100110000000111101
10111100111100100100000011100010
10111010111101100010010001000100
10111100111011110111111110110011
10111100001100011110100011010001
00111100100011110001100101110001
10111100010001011110110110010111
00111100101011011011101011010101
00111101011100001110010101100111
00111101011110011010011111111110
00111010011011100110100101000110
00111101000111010000000101111110
00111101100010100110000101011100
10111101011110101111010000001111
00111011111111101110010110001100
00111101010111110111101010110111
10111101000110101111100000100011
00111100000000011000110000110100
00111100001010000000011010001111
10111100111111110101000001011011
00111100000111001101011100001011
00111100101110011110011011011001
10111101001001001001010101101101
00111100011011011010101010111100
10111100011101010010011010000001
10111011101100110110000010111101
10111100101111001001101000010110
00111101011011001001011111010101
00111100100110001100111101101000
10111100110110111011110110001111
10111011011010011110010101100000
00111101001110000101101000101000
10111101000111110100101111110011
10111100001101011010111010000011
10111100101011101000001010001000
10111100011000000101110101000101
10111101011001010000001011011100
10111100101100011100110000001000
10111101010000101000010110001010
10111101000111011001110101100111
00111101101000101001000001010011
00111101101000011000000001110001
10111100110111010011011000100110
00111101101011110111101001011010
00111100111001101100011111001101
00111101000011011001011001000000
00111100010111101111100101000110
00111101001011111001101010000110
10111101011000001000000010000110
00111100101110010111111100110110
00111100100110000001011000101001
00111100100001101110011111101111
10111011110011101110010101110010
10111101000000010010011100010000
00111101001000100011100010101100
00111101010000011000110101101001
10111011111101111110001001101010
00111101010100100101100011010111
10111011110010011100010001101111
10111011111011000011010111011101
10111101000100010000111111000100
10111100000111001011100001001111
10111101001010001111101110010001
10111100110011001110001111110010
10111100011010011001000010000111
10111101001011000101111101000111
10111100110000011000010010100111
10111100001001001001110001100001
10111100101100101100000000001100
00111100100011001001101001011101
10111100100100011100010001010011
00111101010111001011010110011110
00111101010101101101010100100101
00111101010011011100011110111010
10111011110011000011110011000100
00111100111000000100110101101101
00111100000101110111110001111001
00111101100001100011000110110010
00111100100101010010101111011011
00111100101100011110100111110110
00111101000000011110000010000000
10111100110000011100110101010101
10111101000010010011111110111001
10111010001111110101110001100111
00111101011010001100100001001110
10111101001110110011101000010000
00111101000000111110010001010101
10111101000111010101011010111010
00111101001110010100001011010110
00111100110110100010101111101001
00111101000101111110001100110100
10111101000011010011101101111110
00111001000110111010111110011110
00111101000001101100100110111011
10111011101101101111100101111101
10111100101010111110101110100111
10111100101110110100001100010001
00111010101010100010110011010111
00111011001001011001011000101000
10111100101101001011001010011100
10111101000001101001111001010111
10111100101000100000001010101110
10111101000101111100110100100111
00111011110100110011100010000111
10111011110100001100110101110100
00111100101001111011100111101111
10111100000010001001001100001100
10111101010101000000100010011110
00111010000110001011010100111111
00111010101000101101110010010011
00111100001100000101110101001000
00111101010101000111101100011000
10111100101111011010111001110001
10111100101000110110011100000001
10111100101111111111000000010010
00111100000101010110010110001010
00111001111101011110000101101001
00111100100010011011101100101110
00111100001001100110100111110000
00111101101001001100101101001011
00111101100101011000011101000010
10111100010101101100011011111110
10111101100001000011010000110011
00111101111100101110000001110110
10111101001101010000011001000000
10111100101111110010101001110111
10111100010100001111111110110010
10111101000100000010001111101111
00111011010000000001010010000101
10111100001100101111011110110010
10111100110010011101001101110101
00111011110010001101110100111011
10111100001001111110100011100100
10111100110000110001100110111101
10111100101110110000000001001100
10111101001100111100000100101000
10111100110111001001100100111011
10111101001101010101100001101010
10111100100111001101100100011000
10111101110010000001010100010111
10111101010000001001001100001010
10111101100110011101010111011101
10111101100110100111101100010101
10111100101101001100100101011000
10111101001110001000010100111010
10111101010101000110110011000001
10111101001100010001000100111011
10111100110000100100101011000000
10111100110101101101111011111110
10111101100011101001000010001001
00111100101010011100011100000101
00111101001001101001011001110001
10111101000001111101001111011001
00111011110001101001101011111000
00111101010011000100111110011101
10111011101110101111011001101000
00111101011111011010011101011101
00111100101000111111011110001101
10111101101100111000111011000010
10111101000010000010100101111011
10111101100110101010010001001011
10111101001110011001000100111110
10111101001101110010101111010011
10111100001100110110111100011101
10111100011000101000101001101100
10111010111101100010101010011111
10111101000001100011000111100100
10111101000001111000111011110000
00111100000011000000000100011101
00111011100011001001001111110110
00111010111001100101101011011011
00111101000011010110000010001101
00111010001100101000010101000011
10111101010011010011011101001001
00111100100001101111001101100100
10111011000000010000011101010011
00111100100001011000111100000000
10111100110001110001011000111100
10111010001000001110011011010110
10111100111101011001101011101010
00111100111100011110101000011111
00111100100011100001010111101010
10111100101101010000001110001110
00111100100011111011000111111111
10111100101111001000111001010001
00111100100101100011110001011010
00111101010110010100100111100101
00111100000000011010101010111011
00111101011010111110000011000011
10111100001111101110010001100011
00111101011100100000010001011100
10111100010101100011101000100101
00111101011001111101110010010001
10111011100010000001110010110110
10111100101011000110000011110111
00111101001010001101001100101110
10111100000110100000011001000010
10111100100101100101101001010001
10111100001111001101001111110100
00111100100010101100110100111110
10111011100001001010110010010001
00111101010010110110101111110000
10111101000011010010000111110101
10111101100000010000000001011000
00111100000110010011111000110001
10111011100010011000101001010010
10111100100001111100011001110011
10111101000101011011110111110101
00111100101110111100111010000111
00111101011110001110110000011011
00111100101010100101000001001100
00111011010010010111011010110010
10111100111111010011100011100110
10111101011001111110000011010010
10111101010001011001000011001000
10111101011000100001111110001011
10111100110100110000111111110111
10111101010111000100000000010110
10111101100000100100000000011010
10111101001101010001011100010001
00111011011100101111000110111001
00111100110000000110001010001101
00111010100110001101010010001101
00111101101000110101110010000011
00111010110011111110111000001100
00111100111100011000010111100010
00111101001110101111011110100110
00111101001100111111100101011101
00111011011110100010001100010111
00111100001000000011000111100101
00111100100101111101111001001001
00111011100111101101001100011001
00111101001000010100000100101010
00111100111100011101011101101000
10111011011111100000000000110001
00111100101011000100010101111111
10111100110100010001001101110011
10111100010100010001001100011000
00111101001001101100011111001010
00111101000001001111010000010110
10111100110111011100001101001010
00111101000111001100001110100101
00111101001110000011111111100011
10111100010000010100011110000101
00111100110010000000010001001010
00111100111010101010010010111110
00111100100111010111111010011000
10111101011000110000111011110110
10111011110011001001101100100000
00111101000111100100110101010001
10111101011000101011111110111100
10111101100101001011001100111000
10111101011111111111110111010111
00111101000010000000011010010001
10111011110110101111011110011101
10111011100011100010101111011001
10111011100110010110010011110000
10111100101010001111100100110011
10111100100010100000100100001101
00111101100000111001010010000101
00111101010101000010110001011111
10111101011110100110011101000111
00111101000100000110110001010100
10111100010111011111110100100000
00111010101111110101101101000000
10111011100111111011101111100111
00111011111110011001100010110000
10111101011100001011001001000111
10111100000110110011100000000011
00111010101110111101011011101000
00111100111111000011101111111010
10111100000010010000101001001011
10111100100101111010100111101100
00111101011001110001110111111011
10111100100100111100001001110110
10111101000101011111001110010100
10111100111101000010111011100010
00111101010111011000111101000110
10111011111110100000011010111101
00111100001100000101101111000101
10111010111011101111010001011001
00111101001101100111100110001110
00111011111000111110000110111011
00111100100101101100110000101010
00111011101001110010111101110100
10111101011010101100001100010010
10111100101100100000001011111101
00111100010101010111000101001100
10111101011111001010100000110010
10111100000011110101000001101000
10111100110110100110010110111010
00111100101101000001110001001101
10111011100110001011101010011001
00111100100000010101100111101110
00111101100000011000010111111100
00111101100000011010101110011010
00111100110011101010101101100011
00111100001100011111111001100110
00111101001010011010110100110111
10111011110011011101000011101011
00111101001000011111000010101001
00111100110011101001110111010111
10111010101101110101101010110001
00111011110010000010100110000101
00111101010011110001100101100000
00111101000101100100111011110111
00111100001011111000110011100010
10111011100100000101100010001011
10111100010101011111101000110111
10111011001100110001001100111001
10111101010101001100000000001001
10111100111110111100010101001111
00111011111111000111001111001000
10111011011110101110101001000101
00111100100010101100001001010001
00111101001101100011101010111100
00111011111101111010101001110000
10111100000011011000010000011101
00111101001000001001101010001010
10111100110101000001011100000000
10111100001001100110110001111010
00111010001001101000100100011010
10111011110101000011001111101000
00111100111111001001101001101001
10111101010101101011110100111110
00111101100011100110010111000110
10111100001011000111011101010001
00111100010011101110111001101011
00111010111101101101001110110001
00111101000001000010100001010001
10111100101110111011101100001100
10111100100110110000101110010010
00111100101110100110100100001100
00111100110011000010010100110011
00111100101010111000001100111010
00111100100011011010110101000111
10111100111001000010000101011100
10111100110001001110001011100000
10111100011011100001011100010010
00111101101100011111110101100110
00111100110001110110110101111001
00111100110100101101010000010000
10111100001000001011100011000100
00111010110110000011000100110000
00111101100111010110011011111000
10111100000110001000110100100011
10111011011011001011101001011000
00111011110001111101100111011111
00111011111101000110100111111010
00111100010110011100100010010111
10111011100001000110110001111000
10111100100101000111010110001001
10111101000011111101110000001010
10111101000101010100000011011011
10111100111011000101010001000001
10111100111111010001001001111110
00111101100000010001000100010011
00111101000000011100001110101000
10111100101000010011101110100000
00111011100011101011111111010000
10111011100110111011110011010111
00111101010011110000110100111011
00111101101000011110010110001010
00111101001011000001001000100110
10111100100111010100110101001011
00111101001110110110000110000011
00111011101111101000001000011011
00111010111100000111011101110010
10111011000011101011010010111011
00111101000110010001110111010001
10111100110100100011100000001110
10111100101000101000001010000011
00111100111011111111000110010011
00111011011110011010010010110001
00111100111010100000100110111111
00111100001010110111100111111000
00111100010110000001111100001001
00111101001111000000101110010101
10111100110001110111000000110010
00110111110111001010101101011111
00111100001001111010111100100100
00111101000111101111100010000100
10111101000001111110111011111100
10111100101101100100100010010111
00111100011011100111110111011101
10111101010111100011011110000010
00111101010001011110101000111111
10111011011101101111100101100001
00111101001110010010011010000101
00111100100010010101011001110011
10111001110100001001110001110000
10111101000010101010000000101000
10111100000010100100011011000001
10111101011001010100000101101100
10111100110111010000101100101001
10111100111111100111001000000010
10111101000110010110001001011100
10111100110100010000101001110010
10111101011101101001010000011001
00111100100001110011101100110101
00111011110110110110111001100011
10111000111000111000010111011000
00111100000011011001110011110010
00111011110001011000110100111110
10111100000101100010010001000011
00111101001111010110010100011000
10111100011100110001110111000111
00111101010010100010010000110110
00111101000000000111100100101100
10111100000110000001011110111011
00111100110000101011011001111100
10111100100110001001000010110101
00111101000100110011101011000010
10111101001100011010011100101001
10111100001101011111101001011011
10111100011010101110111111000000
10111100111110110110100101011010
10111011100100100100100111001010
10111101010011100100011100000011
00111101001001001011111110110011
00111101001110001101010111010110
10111011000110111001000001101011
00111100110111011111101011100100
00111100100001010001001000101111
00111100001110001100101001100111
00111100000100101010101010100001
10111100100000011000001000001110
00111101000101011111001010100101
10111101010011010110001011110010
00111011001010110001110001101010
00111100000000000101010010000100
00111100000101011000010000000110
00111011000001101010100010010101
10111101000111111111011111101010
00111101001111110000000110111000
10111011010000000000111101010101
00111101010011001101110111111010
10111101000100111000000011110010
10111100010001110000101011000110
10111010110100100010100011001010
10111100010100010100100011011111
10111101000110010010010100111100
10111101001000011011000001100011
10111101100000011111111011010011
10111100110011110111101000111111
00111100101011000000010011011000
00111100111100010001000100001000
00111100000010100011101101110010
00111101010100011111100100010101
10111100101011010000110100111011
00111101010110010010001010010000
00111100000111010100110011011101
00111101001011110011010000000000
10111100100001110011100000011111
00111100110000001001111100111001
00111100000101100001001010101000
00111101100000111011001010110000
10111101000010101001000110010101
10111100111110111111111010100110
00111101000110010111111000111101
10111101000011100001001110000111
00111101001111010000011001100110
00111101000110111011100000010110
00111011100111000000100001100000
00111101000111010010110110111011
00111100100011101000001111010101
00111101000101000011100101001010
10111100001111101011110000000101
00111101011001111110010100000110
00111100100111100011100001100001
10111011101011010111110101101001
00111100100100111000001000101101
00111100000011010011111101101111
10111100100010101111100100101000
10111101010111100101010010101111
10111101001100011010111000010000
10111101010110011100110101111011
00111101100001000111101010100100
00111100001000111110110100111100
10111100101111111001011100101110
10111101000110110101000000000110
00111101001011001111101111001100
00111100000010111001111000010101
10111101000010000111000101100011
10111011001110111010110001011010
10111101001101011101001011110000
00111100000001100001100011101010
10111100101011111001000110011111
10111100101000011111000100111100
00111101010000011001101110100010
00111101001011000111101011110010
10111011010101011101001101000001
00111011110101100111111000011001
00111100110011000100000101100100
00111100100101011101010011001111
00111101001100111011000111000010
10111100101001110011000000010001
10111100111100110001110101001000
10111011100101100100010010100011
10111101000001111101011010001001
00111010111001100111010101100000
10111101001111100111111001001000
10111100000010001000101111101110
00111011110011110111010110101100
10111101001001001111110100001010
00111011010100110000011101010110
00111011100111101100110101010011
00111100010110011111001101010001
00111011100110001010101001110010
10111101001111100011000110000101
10111101001011111111100111101111
00111100110101101101100011001011
00111011100010100111011101100101
00111011101101010110000110010100
10111100000101011101010001110001
10111011000100100000000101110010
10111011000100110100010011110010
00111101011010001110100101111111
00111100110100100001110100000010
00111100111001100010000011101001
00111101101001110111010100111010
00111100000000010111100110000011
00111100001000001001110111111101
00111100011101111101110100011111
00111101000111110110010100010001
00111101001111010111010100001010
00111100111011010001110101010101
00111100101011111010000111111110
00111100000100011111100111110000
00111101100010100110010100111100
10111100010000001011000011111110
10111100110110111001101011000011
00111100101111000001111000000001
00111011000100100010000000001110
00111100110011101010110010100101
10111100010101110100101000101101
10111101001011000101011001101111
10111100010110101010001011010101
00111100001110001010010010000101
10111100001100011010001011111001
00111100111100111011011101011100
10111100101010101111010011100101
10111011111001010000000111111011
10111011100011110101000000000001
00111011110001001011101001101000
00111100011111111111001110101100
00111100111010001011101001100001
10110111100110100011011110010000
10111100111001110100000001010011
00111101010000010010100110101011
10111011100111101100000110100011
10111100100011000101111111011000
00111101000100011011001110111011
00111101001001111111011011011011
10111011101010101000001001101101
10111100100001111111010011001000
10111100000101010011101011101010
00111101001000100000100000010111
00111100110011000111110101010001
00111100101001001000111000000010
00111101101000001010000101010000
10111100101001011100010111011011
00111011011101110110111000111110
00111101011000111011000000111100
10111101000100100110101101001100
00111101010001110111101100100100
00111101001110001010101100011011
00111101001110011000011011011001
00111101100101101110111101100111
00111101100001010010000001100110
00111101011011010111100101011001
00111101001101010010001010101000
00111101011010001110010000011101
10111101000010110000000001001011
10111100110000111101100101010010
10111101001111010101111111001011
10111100101011011100000011101001
00111100101110001000101011101011
00111101100011011000100010101101
00111101010111101001101110000010
00111100010100000001100100011110
00111011101110110010110110111101
10111100101111011011011011000100
10111100010101100000010011010011
10111011111110110001010010001100
00111100110011011101100011110000
10111101011000000000101110101001
00111100111101000111001011001011
00111100111001011011001111011111
00111101011000011100010111111100
10111011011000001010111100000010
00111011111100111110101100011110
00111100101011101101101100000100
00111101001111010100110100111011
00111101000101000010001001101011
00111100111000001011100010101010
00111011100010011001010011111110
00111101100010100101110011100001
10111101101111001111110101000000
10111101101101110111000100101101
10111101010100111000010101111011
00111100001010110100101110110111
10111100110111011110100000100010
10111100001001011101101101100100
10111101110111100010110101101100
10111101010110111001011110011110
10111011111101110111101000110101
00111101011010001111101101011010
10111100100010100110001101111000
10111101100011001011110101110110
00111101001000111111110101111011
00111101010110011010110111100101
10111100101000111110000010010010
00111101001001111001011101000100
00111100110010000001110001100101
00111101010001001101110001101101
10111100001110010110010100111100
00111100111000110011011011100100
10111100011100100011100111100101
00111011111001101110001111011100
10111010011000010000001011110001
10111100010001101001000011011110
10111101001001110011010100010001
10111011111001001111100101010000
00111100110010001001100010011011
00111100101010000111100110011011
00111100111100110101001000011100
00111100010100101110110010100100
00111100111010001010110110111100
00111101000111111101010000111000
10111100111010000100111101101111
10111101011000011100011000100011
00111100100001101000011101001100
00111101011001000101010101111001
00111011111000101111011010110111
00111101010100110101101110110101
10111010011000000001011110001110
00111100010010100111001111111111
00111100111000011101001110001001
00111101000011001101100101100000
00111101011100100010001011010100
10111100111011010101010110101111
00111101100101100111011101110011
10111100101111110100110101111000
10111011101100101011100101001100
00111100001101110001000100010010
00111100111001100100000110011000
00111011100110000101110010111101
10111010111100011011100110101111
10111101001100111110000101100110
10111101000110110100011011100011
00111101000001111010111010011011
10111100101110000000001111011110
10111101010111000101000100101101
10111101010100000011000011100010
10111101111011001000010001001101
10111101000011101101101000101001
00111101000110100011010110110111
10111101100101011011100101001110
10111100011000000001001101010101
00111100001100100011010111010010
00111101000100000110111001011011
10111011010011111010011011010010
00111011011110001011101010110000
00111100101000101000001111100110
10111100100000110000001011011010
00111100000000000010101111111010
00111100000010110000110100101111
00111011100001001111111111010100
10111101000000101110111011110100
00111100010011011100101101101111
10111101011101110100111011011111
10111100011000011011011110010000
00111100001000110000110000001010
10111101000011000100010000001111
10111101000000001011011001110001
00111101001110111001100110101101
00111100100011000101010111100100
00111011101110100110001011010011
00111100110110111101001101011110
00111100001000001000101111101011
00111011101111010001110100010101
10111100101111110110010010110001
00111101001011111010011011000000
10111101011011000000011010111000
10111101000000001001000110010110
00111010100001100001111110011011
10111100101101011110010010100011
00111011111010000001110010100010
10111100110100101010101001111100
10111011010000101010101001100110
00111100101000101010011101010101
00111101010110101011010101001101
00111101000000000111001111000111
10111100111000111010111001010011
00111101100010110100000100110101
00111101011101100110111101010101
00111101000100001001001101100000
10111100011010010101010100101001
00111101110001010110010110010101
00111101011101110101010011100100
00111101001000001110111000001010
00111100100000101110010000111000
00111100000110111101110101010011
10111100100000011101011110101010
00111101011011110011000101110101
00111101000101001100101001111110
10111100111000100100101100010000
00111010110100000000001110001101
10111101011001001111000000001110
00111100111001110011000010011101
00111101001001101010100010010000
10111100101100010100011000111100
00111101001111111101010011001101
10111100011100101111010111001101
10111011010101101100010010110001
00111101000001101110110110111110
00111101001100100011111101011101
00111100111000010011101101100110
00111100111011001011001011010000
10111100001011011101101100011110
10111011011111011100001101010000
00111100001011011010110001101010
10111101000000111000101011100010
00111101000000100011110101001110
00111101000000110000111001011101
10111100101011111111010011001111
10111101000100111111111111110000
00111101000010101110000111011011
00111101000111000001001101001100
00111100101111111101110111101101
10111101001011000011010001000100
00111101100010011001001101110001
10111101001111011001111111000111
00111100101001101101110010011000
10111101100101111000000000000010
00111101000001000101101001111001
00111101000101011111111011110101
10111101000110010000010010010011
00111101000011111110010110001010
00111100100110001101101010010001
10111101011111001101101101001110
00111101001110111110111111100101
10111100011111110001011001000010
10111010010010001110101000000110
00111100001011101101000011101110
00111101000011000001001001010010
00111100111001101000011111101110
00111100111011000011000101001000
00111011111111000001101101001001
00111101100100110011000010101011
10111100001100010101111110000110
00111100100110110001011001110110
10111101101000110101100101010111
00111101001110100010010101011101
00111101100000000000000010111000
00111100100100011000110101011110
00111101100000011000011001110001
00111101000000001111101000110010
10111100100000111111011111010000
00111011110000101100010110111100
10111100000010010010101000000010
10111101000011000111101101101011
00111101101011001000101010011011
00111101000010011101101111010011
10111101100010110010001010101101
00111011010010011100001111011010
10111100111011000001001100100010
00111011110100100110110010000001
00111101001110111010101011110100
00111011011010000000010110010101
10111100110100011101011110111100
00111011100001100010111110100011
00111100011101100110101100100111
00111011111101010100001001010100
00111101000001111001100000010111
00111100101111110010010100001000
00111100100110110101001011011110
10111100110100110000000111100100
00111011111011111101100100110001
00111011101101111001000001000000
00111101010010011000010000011101
00111101000110010110101001001001
00111011111011110001111111011100
10111100000011001111110111100000
00111100100100011101000010011000
10111100100101000111010101011001
10111011101010110101110110111011
10111100100000110010011001010001
10111010111000010011101100101111
10111100001001011111000101010100
10111100111011101111111000001100
10111010110101011001010110101101
10111101001111100000100110101011
10111101000100101110000010001110
00111011111010000111110001011001
00111101110001110000111111010010
00111100100111010101100001010101
00111100001100101000100001110001
10111100011110111011001011100000
00111010110001101000000010011100
10111101001000101101110011000011
00111100010000001000011110001110
00111011010011000010111110000010
10111100100010001000101101111000
10111100111001101000010100001011
10111100110001100011011100001111
10111100000011000100011100010011
10111101100101011111011001011011
10111100110011110111000000111101
10111011100111011110010111101001
10111101011010101111111001111000
10111101001001011000110001010001
10111101100000010010000101010001
10111011100110011001111001001100
00111101001000111000110010110110
10111101010010011001011111011000
10111100000111110101000011111110
00111011001000011010111110100111
00111010100101111101010101111100
10111010100101001110001110111100
00111100100000000101000010100000
00111101000011011101101001000010
10111011011010010111000010100100
00111100101110001000101111110110
00111101011100111110000001010101
00111101001000010000101011110100
00111100011101101101101100000111
00111100001101100000000110001010
00111011010110001000001101001100
10111100100101010010001011001000
00111100000111011001111010001001
10110111010001001010100011111001
00111100101010010101001011111111
00111011010000010001010110001010
10111100110011000011101101101100
00111011111000001011001011111101
10111100101111101001101001101110
10111100101010010111111001101111
10111100101010000011011110100000
10111100111011111100101010101100
00111101001001011110001111111100
00111101100101100011000100101110
00111101010100111100110000011110
00111100110101101011100010011011
00111101000111011010001000010110
00111101100001110011001010110111
00111100100111100000011000111110
00111100111101110001000111010100
00111100101010011001100111110011
10111011111000101100100101101011
10111100000111001001100100011001
10111100110000011101100011010011
00111100000100101010001011111010
10111101000001001000101001010001
00111011100000100110000111011110
00111101000000001111010110111110
00111010111110011011001110001110
10111100110111011000001100000100
00111101010010100010010000001000
00111101010001000101011001110100
00111101010110001110010011000010
00111101011111000100100110111011
00111101000001111101100101101011
00111101100111111101011110001101
00111101011001101101011100111011
10111011001110000010010101110101
10111010001100010110001000000110
00111101011110101110111000111111
00111101101000001100111010110000
00111101000011001011111101011100
00111100010101101100100100010011
10111011101010000111011101010111
10111100000010101010001001011001
00111100000000000111000100010000
10111011011101101111101100111110
00111101010111101011111110000000
10111100000000011100101011001111
10111100000101000011101011001101
10111100001011000001011011000111
00111101000101000001101101100101
10111101001000010100000000111011
10111100000101101001000100000010
00111100010101111110110010010001
00111011101011100110101010110111
10111011001010100000101011110011
00111100111010011101100110100101
00111100011110000100111001111011
10111101000010000011100110000010
10111100000000100111011011100011
10111011000000011111100110101111
10111100110111101011011110001001
00111100001000110010101001001100
10111100101001111001100110001110
10111100011110100010010100000110
10111100110100111010110010011010
10111100110010100101100110100100
10111100000110010010001011101111
10111100001010011101111101000101
00111100110111110101010110010101
00111100100000101110010101101001
10111100111100010001000101101011
00111101000100010001010011001101
10111100000001000111110110101010
10111100110001010101100110111100
10111100111101101100111000011001
00111100011100101010010101110001
00111100110110001011100010000101
00111011101011000110011110011010
00111101010101111000100010010100
10111100111011101100110001011110
10111100101100100000011111001000
00111100010010000000111110010011
00111101001100000101001110101110
00111010110111111000100000011010
10111101011000000011000010011100
10111101000110011111101111111001
00111100011011101111111101110110
10111101100010000101100010001001
10111010111001011010000010010011
10111101000101001100111101101000
10111101001011010010000110100110
00111011000001011101100100001101
10111100110111111010110010101011
10111101001100001111010100011101
00111100101010111111011011001011
10111100100011111010010111011000
10111101000100110100011111111010
10111101000010010000010010010010
00111100010110111111001001010110
00111101000101010101111111110011
10111101011010111101101011110000
00111011010100111111001111101100
10111101000111111100110101010111
10111100010000010100111100001010
00111011101011011100010100001011
00111100111011000100011100101111
00111010011100010101101110000010
00111100100011010000100100111111
10111010010001010010001110001011
10111100110001000110001000010110
10111100110000000101010100011010
10111101000011010011001011000110
00111100000110011110101101011011
10111100111101011011111110011000
10111101100010010010001111100100
00111011111111001111000010101010
00111101001101111001101101010101
10111100011010110001101011011011
00111011100100000001101001011110
10111100010111100010100110011011
10111101001101001010110110111111
10111010110110101100100101100110
00111100011001100110110000110010
00111101100010001000110110110000
00111101010001001101111000100001
00111101000110100000010101111010
00111101001001101000010100100011
00111100000100000001101001110000
10111011101101100000011001100101
10111101100011011101011100111010
10111100011000011111000011100110
00111100011010100100111010000101
10111101101100101000100001111000
10111101000011101011011110001101
00111100101101110111001111001111
10111010100111010101011101100000
00111101000011100011101001110010
00111100101011011111010000110011
10111011110001110101000100000000
00111101100011111101011000110111
00111100110110111100011111100010
00111101000110110100100111011011
00111101101110010100110000010110
00111101101100111010001110011010
00111101001101000100011101110001
10111100100110001100100101001110
10111010101101111011101000100011
10111100111001011001010001100100
00111010100011001001010100010000
00111011110101110111000110100111
00111100101011101011111001011000
00111010000101100001000010110110
00111100011100011101111011001101
00111100011001001101100110001100
00111100011110010110111001000100
10111101000101010010001001011001
00111101000011011000011000100101
00111011101110011000111011100001
00111011100001111001000111110000
00111101010011101010011011000110
00111101000101100100001000111001
00111011111110000001011011101010
00111011110111101011011101100001
00111101000110110110001001011101
10111011100111000010100000100100
10111101011001011101011011001001
10111011100010000110111001010101
10111010001011101000010010011011
10111100000100000110110010011110
00111100010000001000000001111111
10111101010000000111100101001110
10111101100001010111110110110010
00111100111010101110011110010111
00111011110111111011011110110100
00111100010001101000101100001100
00111100000110100011110011110010
10111100110001100111001011111111
10111011111100011101100000111110
00111101011001101000100010101000
10111101001000000010001010000110
10111101010000010101011110000001
10111101011111100111100000100110
10111100111100001010011010101111
10111101010001110001011000010101
00111100110110011011100001001110
10111100111001100111001000101100
00111101100001100001110110000000
10111100111111010101101100100100
00111100001010011000110111110111
00111101001111010010000110001010
10111010011011011100110100110001
10111100101001100101100001100111
00111010100000011011111110101100
00111011110010110001011010110010
00111101000101111101100110111011
10111011110011000111100001110110
10111100100111000001000101000101
10111100111101001101100000011100
00111100010011111011010100110110
00111100110101001011011010111011
00111100101010110011110010011000
10111100011110001101001110100011
00111010001011001010100111111001
00111100010000100001111110000000
10111100101000100101101001111011
00111101001000100101100111110010
00111100111111110101011010101111
00111011001010110100000100001100
00111101000000010000110100101010
10111011000110100001000010111000
00111011101001100101111011011101
10111101000011100101101111101100
00111100011011111011110110101101
10111100001001110101110011100101
10111100100000101100100110000000
00111101101010110111111100010000
10111101000110001001110111100010
00111101110000100101010110111111
10111100101100101011101101100111
00111100110101110110001001111101
10111100001000111000101110101100
00111101100100011011110111110010
00111100010110101101100011001011
00111100110100110101010010100100
00111100111110010110000010000110
10111100011101111011101011001101
00111101000100111111001100100010
00111101000101110011000010111101
00111101001111010000001100101001
00111101010001110001011000110101
00111011001011110100111111110110
10111010110111011101100101000100
00111011010110100100110110110111
10111100101010111111000011001111
00111100000011101110001110100101
10111101011010000000111100010001
10111100111101110110111100000111
10111100101010111010101001111011
10111100101101011100101001100110
00111100010001101010010011010010
10111100011011010010001100010110
10111010100011111010000011010000
10111101011000001110110111100111
10111100101110100000001100001011
10111101010011110100110010111111
00111100110001000000011010001000
00111101000001110010001100010000
10111100000110010000011001110001
00111100000011001000111010000101
00111100110101011011111100110100
10111100000100000110011110000111
10111101000001110001100011110001
10111100000000110111001001111110
00111011110011010100011100011000
00111100010101010011101101010001
10111100110000000011101110100110
00111100011000000100110100000000
00111011001000110011000111011001
10111100010111110011100000101110
00111001000111111000101100111101
10111100011010000111110010001011
10111101001010011100000011111001
00111101000010001001000100110000
10111101001010100001101000111001
10111100010011001011100100001010
10111010001011001101001011110001
10111011111010111100100100100100
00111100110100001101000111111011
00111100001100100001110001000001
10111101010010110111001110100010
10111100001011000011101100101001
00111101011001100001110011110010
00111100010000110000001011111010
00111100110000101101110100010000
10111101001010111101010110001101
10111100100100001010000101101101
00111100010101111001010000101111
10111100101001011011010110010111
00111011010010000011100011100100
10111100110111110010100011111110
00111100010001010101100010011010
00111011001111101010100010100101
00111101000100001101000001110011
10111101000001000100010001001110
00111100100100000011111010001111
10111011111101101011111010000011
10111100110010111111100101111000
00111100101011110101101100100001
10111011001100110000110101100000
10111101010011001110000111110101
00111101000101100011100100110101
00111110000101100000111001101111
00111101001000101010111101111000
00111100110110000111111100010100
00111101000000100111011111101110
00111101101111101010010110110111
00111010100100101000000110100101
00111101010001111000101011011101
10111101001111000110010101010011
10111100001111110011011010101010
10111101001001110100100101001000
10111100101001001011000100100110
10111101000010001001011101010010
00111101000110011001001111011010
10111100001111000100010111100101
00111100100010100011011001001001
10111100110111101011101101100011
10111100010100010111001110100101
00111101000011101101001011111011
00111011100011011101110111000000
10111101001110001100100011011001
10111101000111100001001001110000
10111101100001001010001000101011
00111100101111000001010110110000
10111101000001101011110010001110
00111100111000110001000000111001
10111011101110101111000111100010
00111100111101101001101100101001
10111011111110111000000010001011
10111101011000110100001000001010
10111100000101001001101001000000
10111011110111000011101001011111
10111100100100011010010100100100
00111100100111010011110000010110
10111101000001111011010011100001
00111101001111001100110111011001
00111101000000001000101110011010
10111100010110100111101100101010
00111101001001100111111101001000
10111100101110001000111000011110
10111101110001000110010010101011
00111101010011000101100111111100
00111101100011011011110001010110
10111101001000100010010001101010
00111011010000000100100100010111
10111101001111100000000010111101
00111100011100101110110111110000
00111100001011010101011100111101
00111100100011100101010110100111
00111101011010000111011011111011
00111101011100011011000110001100
00111100101111011010011010111100
00111101010101100011010010101111
10111101010110010101001111010001
00111001111100010001001001011010
00111101100101010111000010111110
00111101000010001100110010001110
10111101001010101101001000110111
00111101100101011001010111011111
00111100110001110001010100110100
00111011111010101011000001101110
00111101010000010011110000011011
00111101001010101110000111111010
10111100011100000100001010000010
10111100100110001010001100010100
00111100111111011100110001001100
00111100111110100100000011111100
10111100101010000110001110011011
10111100110100111001110110011001
10111100010100011011100010101101
10111101001101000000100000111111
00111010101110001110100000011010
00111101100011001110100000110111
10111010110010101100101011011100
00111100011000011111001000010101
00111100111111110110000010011011
10111100111110101000000100010010
10111100101100100110010010101101
10111101000101011111101101011110
10111100101001110100100011000101
00111100100011110010001011101100
00111101000011010011011000001101
10111100101011011111000100010111
00111100000010111101111111010011
00111011100000001001110100001010
00111101010000000001101101101111
10111100110010101011000010111000
00111100110001010100100101011101
10111010111110100001100010111111
10111011111001100100101100001010
00111100000110001010110101110111
10111011111100000111010011001110
10111100000100000100101000000010
00111100101101001010100110001010
10111101000000011001110011101100
10111010101110010000111110010000
10111101010101100000001111110111
00111101100000010010000010000000
10111101011111001000011101010010
10111101011010011001110111101101
10111100110110010110001010011010
00111100000101000011110110000110
10111100100000011001001000111100
10111101000110000010100001001001
10111101100001011010001100000110
10111100110101010101111101110111
00111100111111000111000100001111
00111100010100010010011011100111
00111100111010001010000000111000
00111011101100001100100100101001
10111100010010110001010101101110
10111100111011111011000010011100
10111100010000110010001000101111
10111011111101110111110100001101
00111100111110001001011011000100
00111101000011100011111011110110
00111101110000001101101010000000
00111101100000111010011000111110
00111100101011000101110100100111
00111101000101001011000001001111
00111101011100011111110111001011
10111100111001110000101001101000
00111101001111111111001100001011
00111100101110110010110001100101
00111101001101100110111000110111
00111101001010100110000010011001
00111100110001100100011000001100
10111100001001010110001101000100
00111100000100011111101100111110
10111101001101001000101110001001
10111100111011100000111100001101
10111100100110000000101101011010
10111001101110110010101111000001
10111011011011101011100010001100
00111101000101100101110011101101
00111101100101100111010010101101
10111101000111100010101011110001
10111101001010001001001011000001
00111010100011100011001001001000
10111100110000110100010110011110
00111011101111111101111000001010
10111010000010111001110100101110
10111101011010100100001000101110
00111011001010010011100110010100
10111100110110011000000011011000
10111100010110010000010000101011
00111101011000101101010000011010
00111100100110000110000001111001
00111010101001001100010100100110
10111100000111000011001000110001
10111100010100001011111000110111
10111100100101111010011100001011
00111010110001110101110111110100
10111100010000110111110010010011
10111010110111101010001011001010
00111100111000000010101010001110
00111100100100111111101100001000
10111011010110110011111100100010
00111101000100000000101100111100
10111101001110011010011010010010
00111100101000000001001111110100
10111100010100000011011000010100
10111101001010101010101000000010
10111100111110010100111000111111
00111100010111111000011100101111
10111100100101011111010101011001
10111101110000001101010001100011
10111011011100000101100001111110
10111101000111100011100010011001
10111100100110110001000101011001
10111101001110101110011001110001
10111100110111110110000011110011
10111100111011100100001010011110
00111101011000100101101101100000
10111101001101000111001110110000
10111100000100111011001011111001
10111011100101101011011011101000
00111101000000001111101001100101
10111100001001011101010001011110
00111101001101110000111010111110
10111100100110011101011011110111
00111010100101010100010000101110
00111101101011011010001101011101
10111011111100011001001001101011
10111100100011010100001011011110
00111101101000111011001001110111
10111100001001011101011110111010
00111100101111101011100001111010
10111101001001100010110001011010
00111101011011110100101011010000
10111011101101110100100101000101
10111100110001101000011011100000
00111100101011010110001000000101
10111100100100101010110010101100
10111100010110101011110001000100
00111100010000100100000101111010
00111101100001011001110011001101
10111101101010111101010101111111
10111001101011110100000111101111
00111100111111010001000111110111
10111101000000111111100100100111
00111101001011111111001011101010
00111100111110110010000111110010
10111101000001011001001111111101
10111011111110011101110101100100
00111101000001110010110111111110
10111110000001101111000001001000
10111101100010110101000110101010
00111100010011101010000001110010
10111100111000100111100100011101
10111101011100011100010011111101
10111101000001000011111000010111
10111101100010111110110111001001
10111011001110000100101100011001
00111101100010000101000101111011
00111100001100111100010010000000
10111011111011100001010111000000
10111101001101000010010100101110
00111101001111000101100111101010
00111101000011000000101011111011
00111011101001001000001111110000
00111101011110011011010101100011
00111100011110111110101100001100
00111100100000000011010111111010
00111101000010110101100110111100
00111101011001101100001101101001
00111100101110110111011010111011
00111100101011110110100100110010
00111101101110001110010100010001
00111101000110101111001011001010
00111101011100101101011100101010
00111101001100001101011001001001
10111100011000110111010001011011
10111101010010010101000011111101
10111100110011101110110110100001
10111101000001101011110010001000
00111100100111000111100110010111
10111100001111111100100000110101
10111100000011010001100111100100
00111101000000110100001110000111
00111011100110011100110111110010
10111011100011100001110101111011
10111110000000110011110110111001
10111100000000010001101011110010
10111110000010001100011110011110
10111101011110100001011111011110
10111101101111111111001111101010
10111011000111110001110011010011
10111100011010101111111100000001
10111100101111100000001000011000
10111101011000001010010000101111
10111101011011000101011000110111
10111100101001100100110011100011
10111011100111100101011000100111
00111100011010000001100100010111
00111100101111000111001000110011
10111011011010000010100010100110
00111101010001100001110110101111
00111100101001010010110100001011
00111101001110100110001100100001
00111101010110101000010101110101
00111010110001101011100101111011
00111011110101110010111000001111
10111100100010101011110111000001
00111101000110100000111100001110
00111011010100110100011101110001
00111101001111110011110001101101
00111101001111011110110011011000
00111101000110111010000100110101
10111011011101111100010101011100
00111101001111110010110001100100
10111101001011111011010001011011
00111100111100110101110001101100
00111011100110001010100000001101
10111100101100000001110110010101
00111100001111010110011000101101
00111011011111000110000101011101
10111101101010111000000011100010
00111101100100010000100010001000
00111101010101001000011100111000
00111101001100110001111101110011
00111011110010010100010010100100
10111100011000111010000010011101
00111100101010110000011100100010
00111100111000111100100001011111
00111101010011101001001100110111
10111100100001110011010010000010
00111101001111100000010101111000
10111100101011000111101000010001
00111011111010100001010111010110
00111101000101101100000000010101
10111100110000101100010110111011
00111100001100101100011100000110
10111001111110011001010101101010
10111011011110111011000101100000
00111101011001010011011101001010
10111100001010101000100011101101
10111100100111100010001111110010
00111011110110010011000010111011
00111100100001011010010000111000
00111100110110110010010000100101
00111011101100011011100100011000
00111101010010001011011100110001
00111100010000011000100000000011
10111101100111001011101010011010
10111100101011110110011011001001
00111101100101001110100101001101
10111101000111110011001010001000
00111100111010100000000110010001
00111101001101100011001000000011
00111100011010001111111111000000
00111101001001011110110001001110
00111101000100100010001110010000
10111100100101011101110010011111
00111100110001100100011111010011
00111101001001110010001000011100
10111011111000011000111100010111
10111100100011110001110001000110
10111100110101010010011001011101
00111010100111010001001011111001
00111100101001101011101110011100
10111100101000100110111101100001
10111100100000001001011001010110
10111100000100111000101101001011
10111100000010101110000000000000
00111101001100010111001000001011
00111100010000111100010110110011
10111001100010000110010101111000
10111100000000011111011111011011
10111010001011011111100000000111
00111100001000000010111111111111
10111100000101110111111111111100
00111011111011001100101100011100
10111101011001000101010010000011
10111100101000101100101001100100
00111101000101001010010000010000
00111100101111110011010010011001
00111101001110110100001111110011
00111100111111000011110111100111
10111100100011110001010000111010
00111101100010001110111011110101
10111100101011010110111001010001
10111100101011100110101000010100
10111011110001110100000010000110
10111100001111101010111101001000
00111100001001001111110010110010
10111101001110111010011010001001
10111011100110001100010010011011
10111100100010101111111010101000
10111101000000001001110000010010
10111100111110111111101010001000
00111101001101010111001100011001
10111101100110111101010111010001
10111101011111111001001010110011
10111100010000010011001101011010
00111011111100010111100001001110
00111100110100001100110000010110
00111101000001101010000001110110
10111101001000100111010000000111
00111101100010111011111110100110
00111100001010000101001010000101
00111100110101101100100011110011
10111100111101000110000001000101
00111101000101011000110000000001
00111100111101000011110010001110
00111101000101100001111111001110
00111101011111110001110101101010
10111100100011001010011110001000
00111101100010111100000011100101
00111100101001101111011010000110
10111010110100100101100010110011
10111100101001010011101101010101
10111100111110001111000101001111
10111101010001110010111001101011
10111101000000000001100101000000
10111100110001100001010101011001
00111010001010101000110011000000
00111101011000110001000010100001
10111101000111000110100011101011
10111100001111100100111110000110
00111100110010011001001110010011
10111011011100100101100011100101
00111100011110001100010001001110
00111101001011001110100011001110
00111100100011010001001000001011
00111100111111110010101111111010
10111101110011101000000100011000
00111100001111100100010111011100
10111101100010000111111011111100
10111101001100101010110001110010
10111011000011011001001101101011
10111100101100111111001000010010
10111101100011010100100001010011
10111101010001100010101111010110
10111101011010000001000111111001
00111101000111101101011100011010
00111100111000111011001101111010
00111101000011011010001010000010
00111101000001010101010110000110
00111101000111010010010101010010
10111101000100010110101111000011
00111101000011111001001000100110
10111101001111101011101110100010
10111101000100110110010110000000
10111101101011010111110111000001
10111100111010001100010011111001
10111101011000110100000010011010
10111101011001001100110111110100
10111101011100001011011000000100
10111101110111101100101001001100
00111100001010011100110000111001
10111100000010010111010110011110
10111110000010010010000111101101
10111101111011100011011111000000
10111101101001011001000101010010
10111101001100011100010101010110
10111101101010110000000111100100
10111100100111011100001011001101
10111100000111100011110111001101
10111101100101011011010010111110
10111010110011110010000000000010
00111100110011011111100010001110
00111100100001110101010100000010
10111101010011110011111001111010
10111101011111001101000100000011
10111101010010100101001101000111
10111101010010100001001001100101
10111101011000010100110011010011
10111011111101111001000011001111
00111001111001101011010101101101
10111010111101110111110001010011
10111011011000001100001100110001
00111011001101010110111110111011
00111011100000111110010011001010
10111100001001101100010100001101
00111101001001101111001000001000
00111101001000100111110111010001
10111100101001100101100010101110
10111100000111001011100000110101
00111100110000111011010101100110
10111011001011100011001101111100
00111100000011110100110100100000
10111101000001011100001110000100
10111100111100110111111010000100
10111101010000110100001101100001
00111011000110010110101110000111
00111011101011010000011100011101
10111101000010100101000101111100
00111101001000000101100101111011
10111101110011011110011100100010
00111011101101111101001000001001
10111101000001010000001001010000
00111100100101001111111101100000
00111100101111011001110001010011
10111011100111011011011101001100
10111100011001011011001001010001
00111100010010001001000010110111
00111100001111010111001000001000
00111101011110011101011101001101
10111101000110100001010001110100
00111101100011011101000010000001
10111100101010110100100000110101
00111100101110000100001101010001
10111100110000111100101010100111
10111010111100001111001011011111
00111100111010101001111100000100
10111010111111010111111101010010
10111100011100001011001000101000
00111100110010100001011111000001
00111100100100101010100011011100
00111100101100010001101100101010
10111010111111010111110110000100
10111100100000000111100101011110
00111101001111010001000111011011
00111101011111111001111011000011
00111100011101010011101001011000
10111101010010010100011101010010
10111101001101011110011001011100
10111100000111111010110100011110
00111101000111100100010000101110
10111100101101111101000111011111
00111100100100000111100010011100
00111101010101000101011111111011
10111101011001110111010010100001
10111100100011110001001101101011
00111101010011000011100100101100
10111101100000111101010100001011
10111100000111001010001000111110
10111101010110101100001100100110
00111011100101110000111111100001
10111011110101111111100011010110
10111011110001010111101101001001
00111101000001110101110000101011
00111100010010001100011100111001
00111100000011111111110010011001
10111100010000110101110101111100
00111011010111101100000010110101
00111010010100101000111001110100
10111011000001100110111010110110
10111101010110010010011110000011
00111011110110111111100110000010
00111101000000100100110011010001
00111011101010111000110111000010
10111101000111101100111100110111
10111100010110011011010001111000
10111101011110010001000000111011
10111101100011001000000110110011
10111101001000111000100101100110
10111100011001011000100010101011
00111100111110111000101011111010
10111101010001100011001011110100
00111010100110110100110111101011
10111100110101001001000000000011
10111001110111101010111011111011
10111101100000100011101100011000
10111010011101000000101111100101
00111101010001000101000110100001
10111100110001001010111101110011
00111100100010101111000001000101
10111100100101101101011010001011
10111101011100110000011111110100
00111011001111110101011000001110
00111101001001010110101111110100
10111101001000110101011110111101
10111101001100110111101001101100
10111100000101011101011011010111
10111100000000001000010101110010
00111100001100101001000000011100
00111100101111110110001111000000
10111100110010011111011000010001
00111010100110101100100111101111
10111101010110101001010101001001
00111100000100001100111010101011
00111100010011000001011101111100
10111100111101100110100000011010
10111101011110111111111110011011
10111100101100100001000110001010
10111011011001100101111001110111
00111011100101111011011001010000
00111100000110110011100100100111
10111010010100001110000011000110
00111011011000001001001101010110
00111100101111100110001000011100
10111101000001010111101001000010
10111100001010101001001100011100
00111101000011100011000100001100
10111101000001010010100100011000
10111101000110110000010000110110
00111101011111000010011001011111
00111100111100100000101100000000
00111100001101001111110010111000
00111100110101111011000001011100
00111100000110110000110111110010
10111010000101110110001011011110
10111011010111010010110110101101
00111100011110011011100111110100
00111100010011000010000001001101
10111100110111100100011000001110
00111101100000010100010111111011
10111100100001010010111111000111
00111101100101101110010001100100
00111100101110000110000011110000
10111100111011110000100111110001
10111100101011010011000000011100
10111101000110101010110101111001
00111011001101001101100110001110
10111100010101000010100001000110
10111011011101011000110101011110
00111100101011011001111100111110
10111011110101001010001111111100
10111101100011000010010110101010
00111100000000111100111101101011
10111101001011010100110010010110
00111011000111010110001011011010
10111100110100011110001100000110
10111011001110101110011100010110
00111101100000100010010110110001
10111101010001011001000111111001
10111011110001110111001010111010
10111101001000011010010000111100
00111100101010011001110011011101
00111100110010010010110010000110
10111101011011101111100000110100
00111101100000111001001010101101
00111100111010000001111000001110
10111100000010000010000000100100
10111101101010110000101111100100
00111101011100001111100011100011
00111100011000001111111101011011
00111100001110101011000101001000
00111101000011011101001111111101
00111101000000010100100011000000
00111100100101110011111100101101
00111100101001001100000100001000
00111011110110011110011010100100
00111100111111011101100010001100
10111100010101110000000100011010
00111011110100110101110000010000
00111010110111101011001011100111
00111101000001011100010001101010
00111011100001011110101101010000
10111011010011101100010000000110
10111100101110101010001000110011
10111100110100100111000001000010
10111101011110011100011000100110
10111100111101101000001110111110
10111011101010001001001111100001
00111100011111110001011011101100
10111110000100001101110111111001
10111011001011101010011011110001
10111011110010100010010010100000
00111101010111010011110001100010
00111101011101001101011001000111
00111101000101100100000011101000
00111100101110011111100100010010
00111101010111000001110001111101
10111100101000110010001110100100
00111100110001111001000001010101
00111110000101110001011111111100
00111101100010001110110000010011
00111100100010000011111001100011
00111100111110111011000111111010
00111100111000100001110100010000
00111101010011110100010010010110
00111101011011111111110001100010
00111101000011110110001011100101
00111100101001111110110001100111
00111100100010001011110011101010
00111100111000100001001000011000
00111011101010100001011011011000
10111100010100100110100110110110
00111011110001010100001000101100
00111100001001100101110001111100
10111101001110111001001101100001
00111000100001001000000100000011
00111011111101010100010000000110
00111100101111111100011001000110
10111100001111011011101110110011
10111100011010101110101010111101
10111101010101000011110100101100
00111011011110100111101001000010
00111100000110001110110100110110
00111011100111011011010011110000
00111101010100011111100111100110
00111101000011010011011110000101
00111101011101010111001100010100
00111101010101111110011100011001
00111100100001101100010010000100
00111011010100010000011001000000
10111101001011100100000001011011
00111011011111011110101000000100
00111101011111101010100110111010
00111100111001001001011101110111
00111101000001110010011110011100
10111011101011101000101001001111
00111100000010010010001101001100
10111100010111101000111011100000
10111100000010111011100010100101
00111100111101010000000100010011
00111101010110110010101111000000
00111101000111011111001001111110
00111011100011110110110010010101
10111100111010010011000010000111
10111100110001100010101110010011
00111101000100101111100100011100
00111100010110111100001000001000
00111100101110110110111100110000
10111100111010101000011011111011
00111101010110101101111010111101
00111100110001010001001111101000
10111011111110010101101011011110
10111100000010010001101100011010
00111101010000111001110010001101
00111100000011000010101101101000
00111101000001111101100001001110
10111100011111000100100110100010
00111100101001101011100101100111
00111101111101110000100011101111
00111100001000110010000110010100
00111100001101100000111011110001
00111101100100000111000000000111
00111100101011000001100001000000
00111101010001000100000111000101
10111100100001110010111110111010
10111101100100110100101011010001
10111101011101110101001000110111
10111101001110001101111010111100
10111101100100111001111000110110
10111101010000010001000000001000
10111101001001101011000011100011
10111101000110111000110010010100
10111100100111001111101110010001
10111101000101011110001101110111
00111100110001010010000010111011
00111100000000010000111011001111
00111101001001100111001010000101
00111100111010110010111010001010
00111011011000000010111010001111
10111001101100101011111001111000
00111100101011110000011110111101
00111101011000110110111111010100
00111100111111111000100010110110
00111101010011110001110010101111
00111011110011010011110100000011
10111100101100010000100011101001
10111101000101010001100110000100
00111100010001111100101111010111
00111100001100010000100010010010
10111011110100010100111100010011
10111011110101000100110010011011
10111101100101100100101010110101
10111100100010000000111000111111
10111101001010011001101101101101
00111010000011100110111001100100
10111101000110011010110111100100
00111100101101011011001100111001
00111101001110101100010011011110
00111100111000010100110111000001
00111011111111110001010100010100
00111011111110011010111110100101
10111011000010001101010001100010
00111101001111101010001010000101
10111100010010001001111001001110
00111100101111110011001110000100
00111100000011111100000101001001
00111100001001010001010100111011
00111100101001000111011001111100
10111100100010011110100000111010
00111100110101001011111110101111
00111011111010110010011101011101
10111100101000000011110100001011
10111100101010110010011010111011
10111101000011011111100101000110
00111101010011111000111010100000
00111011010101110001011100110000
10111001000111001100000100111100
10111101000100010110010100111111
00111100000100010101011100101100
10111101100001100001101000001001
10111100101101010010101010100111
00111010101011001111001001011000
00111101000101000110011100011001
10111101011110000001111100000110
00111101000111110001000101101000
10111100110010110111001000000010
00111101001000111111110010101000
00111100100111001011001100110100
00111100001000011110010010010110
10111011100000100001101111011100
10111101000000010010100000001011
00111100101000100110010101010111
00111101010001101111110110001010
00111100100001100110110010111100
10111101010001001100101101110101
10111100011000100011101110010010
10111100111010101111001101110110
10111011111101001000111110000100
10111101001011010100101101011011
10111101010110100111000001011111
10111011011100101100100011000010
00111001111110100101001011101101
10111110000010110111000010111011
10111101000011111010010100111000
10111101100000001001011100011011
10111100010010001110011100100011
10111100111001100111001010110101
00111101000110111101001000001101
00111101100001010100010111010100
10111100010001101100010100100001
00111100010011001101001011101001
10111100001001001101111010101010
00111100111001001111111000011011
10111101001001100100011110001100
00111101011001000010101010001111
00111011011001011001001011110100
10111100000001110100110111101000
10111101000111000001001101011000
00111100100110000000001101011111
00111101100000001101110111110011
10111100100100111101010111101010
00111110000000001001101111111101
00111101110110111000101100101001
10111100111011111101000001111100
00111101100011111000110000010000
00111100100111111011110010000010
00111101100001010110011001011001
00111101101011000010101001001110
00111011100100000101100010101111
00111100111000101100001101000101
10111100001111111000111100000110
10111100111101001011011011111111
10111100000110100111110010010001
10111100011100111001010100000100
10111101100001101110001011110000
00111101000000110111010111100010
00111101000110111001101111100011
10111101001000001000000001101111
10111101001111011110111100001000
10111101000011001001010110011000
00111100100000100000100110101100
00111101000000011001100110000111
10111010100010001111000101000000
00111100001000101110011011110100
00111011110001110111001001101110
10111101011000111101110101111100
00111101000011001100010111000100
00111101001011101001010000011111
10111101011101101101000111001110
00111101010010110000101011110010
10111100110001011100000010101101
00111100100010111100111111011010
10111100100001000010110101110000
00111011001100111001101111100011
00111100010000010011110000011000
00111011101101000101000110011110
10111101001111000110000000010010
00111101000001001111110111010010
10111101000000000101100110101001
10111101011011011011111010010110
00111100100101000001110110100110
00111100100001011110010100010000
10111100010000100111010001010000
10111100100110000101110100110000
00111100010011111001110100110110
00111100110000001001011000110100
10111101100011101110100110000110
10111100110000010000010101100001
00111100101110111111110111001101
10111100110100111001001001001100
00111011001100100110111111000101
00111101001110010011011001011110
00111100000101110101001010011011
00111100110110100110100001010101
10111100101100001111000000011111
10111011110111101111110011010001
10111100100001110001111010001010
00111100010010001000000110000001
10111100010110010110000111011111
00111101010100101100111010111011
10111100011000001001011111011110
00111011101111110011011101100110
00111100110110001111011100001111
00111100000110011001111011010111
00111100100001000100011011110011
10111100011001000011110100000000
10111101011000001111010110100001
00111100101001010100100101111011
00111100100101101100101111110000
00111101011101101111000110010101
10111100111000100111101101110000
10111100101010001110101010001110
00111100101010001010001010101011
00111100000110010101100100010001
10111101000010010000000010000111
00111101010000111011010001010010
00111101010011011101100100111111
10111100110011001011010101110010
00111100100111001110011000011110
00111100110000001010100011111010
00111100000100110001001000011000
00111101010000101001110010111000
00111101000000011110110111001011
00111100011110010001011001011011
10111100100100000111011111110101
10111100001000110111111101010000
00111100010101000010001111100001
10111100100000001111000101011001
00111011101111010010011001111010
00111100001000100111101010111011
00111100100000001101001101000111
00111100101000101111011010011000
10111101000010100011110010100100
10111101000101110001010111000000
00111100000000100100110111110001
10111100110011010011111100110111
00111101000001011101110100010110
10111100001000011100011001111010
10111101000100011110001100011100
00111100100000110011101110000000
10111011101010101011001110011111
00111100110011111110001100010101
10111101011110010100110111111011
10111100111111000111111100010001
10111011110001110110100001001010
00111101001011001100010010100010
00111101010001101010011110110111
00111001111100100111000110011010
00111101001010100100110101001010
00111100110111100110011101001101
00111101001101010010100011110111
00111100110011010010110010101100
00111100110000011110001111110000
00111100111110010010101100000100
00111101011001110011100100011111
10111100010110101100110111001111
10111011111100110111011100100100
00111101010111010001000001000110
00111100100001101010011101100101
00111101100111100011110111110100
00111101010010110001111001111100
10111101001111101111101100000000
00111101010110001010011111110001
00111101100010000001111011011100
00111101001111001101111111000011
10111101000101001110001001100111
10111101000111110100000011010001
10111100100010000011000010010001
10111100111110110111110000110000
10111101011010001101101101101111
10111101001111110000101010100101
00111100001100101011101001010101
10111010000010010111011011111101
10111101010111001010111010011000
10111101010001000011100000100011
10111100010010000011101110001110
00111011100111110000111000100000
10111100101001000001001000100001
10111011101111101111011011011010
10111101001100010101101001100011
00111100001111101100000011011111
00111100111100100111010011000101
00111101001110101100101000101101
00111011001000000001000101011011
00111011101101011101010100010111
10111101011110011011101000101001
10111101011101011100010101011101
