00111101101010011000010001100111
00111101101001010000000001011110
00111101010111001100110111010010
00111100001011100001010001111101
00111101000010000000101011001100
00111100111011110001110011111011
00111100010111000001011101010011
10111010000110100001001111110011
00111011110101011110010010111111
10111100100100110011010011110000
00111100101111000101100101101011
10111101000000000010110010100000
10111011110000110110000110000100
10111100100000111110100001101011
10111100001000000010111001001011
10111100101101000100001010011101
10111100000001110010001110001110
10111101001011100011001111001000
10111100100001100101000010101010
10111100101010010000101011001100
10111101010100110001111100111101
10111101101100000101011110111111
10111101011110101010111000001110
10111101000110010011011010111011
10111101101000011111101100101110
10111101011101010101110100101110
10111101110001011100000000000100
00111100101110110101110110011101
10111101000101101011010001011000
10111100110100100011010101111010
10111100100110000100111101000010
10111011100010110111001111000011
00111101010111001111101011000000
00111100010010010001010100001010
10111101010011000011110010010100
10111101001000000000101010110000
00111100111010101111101110101010
00111011001001011111001110000000
10111100111000100010111111010100
00111101000011101000011001100110
00111100111011101001001100000011
10111101000011010110010101111100
10111011010101110111010110101100
10111101100011011011100010010010
10111011000111111101101101001111
00111101001001010110000101000110
10111101000011000110001100110101
10111101001110111101011000010010
00111100000100000001011110011111
00111100010100011101010111010111
00111011101111011101101100011011
00111100000001100100101011111001
00111100010010011111000100110100
10111100011000011101101101111001
10111100011111100010100000100010
10111101001100111100001011011001
00111101000011000011110000001101
00111011110001101110010101111111
10111100010100100101101100011000
10111101011110100101110001110011
00111100110011001001101010110110
00111011110111111010110111110111
00111100001000101101001111001001
00111101100001110101001001010011
00111100001110110110001101010001
00111101011010010110001010101110
10111100100101101110111100100010
10111011001010011010101010011110
10111011001101001110001010010010
00111011101010001011011011111011
10111101000011001001001110000101
10111100111101100001011010111100
00111101001011111010111000011100
00111100101011101110011100110100
00111101001100010111011101011101
00111100001000000100101110111001
00111010111000001001000110110100
00111100100100010101101010011110
00111011110011111011001110111011
00111100110000000011110111100101
00111011110001010111101101001010
00111101100001010001001010001100
00111101001111000011010101100111
00111100000011000110101100010110
10111100100011110110010001001000
00111100110101101001011101111100
10111100000010101101001111000001
10111101001010101001110101010101
00111100101000000010001010100000
10111100111000000001011011001100
00111100011101011111100011111110
10111011110010111111100110011001
10111100111101011101010101101111
10111011101000101000001111010100
10111101000001011111111010111100
10111101100001010010110111000100
00111010010010101101110111011010
10111100101001001011101100110011
10111101011101001111111010110010
00111100101010110100010011111111
00111100101011000001011111000111
10111100010110010111000001110000
00111100001100111101101000001000
10111101100001000110111001001101
00111010101110001000101111110100
10111011001110001011110100000011
00111011010111100011111100101111
10111101011010010100011000001101
10111101000010110011011111000011
00111100100010011011110000100001
10111101000011010111101100010110
10111101000101001011111011010001
10111101001001011111001000010101
10111100100110110101000111100101
10111011111110101110100011001011
10111100001100110110110011101110
00111101001101001111001100111111
00111100111110011111001100010001
00111100100010011110100011010000
00111101100001101000101000001101
10111101100001100111101000101101
10111101101011011011011111011010
10111100010100011110110010001000
10111101100100101110010100000010
10111101110010110011111110100001
00111011001111001001001111001011
00111011010001111100111000111110
10111101010001001101110100110000
10111100010001100010110010100101
10111001101111000100010011100101
10111100011100010001101110101101
00111010000100110111010110010010
00111100110111001100111101001001
00111101001100000010111011011001
00111011111001100101100011110000
00111101011001001100110100001001
00111101010010001110010111100000
00111101011111010111011011101000
00111101110001100101100001010010
00111101110011001111011001011111
00111101011000000001101110100011
00111101010100100001101111001000
00111101010100101110010010010101
00111101010001001000100101000100
00111100101101011110110100000010
00111100010111000001001101001101
10111100100111010010111110101000
00111100111001000110100110011101
00111011100100011010001110001010
10111100111101010111011100011110
10111011100001000101100100011000
10111100111111000100000010111110
00111100000100111010100101011101
00111100110001001110011100110000
00111100100111000100010110110110
10111101000000110001011100100100
10111101000001101011000000100100
10111100011011100100101101010101
10111011000000101101111001010010
00111101011010010000111010111111
10111100110111111111111010111000
00111101011001010010101101110110
00111011110011001011100011101001
00111011110000100010101101110011
10111011111100001001001111010010
00111101100000100001001011101000
00111011011010000011011101100111
10111100101100110110001100000101
00111101010100011100110001111001
10111100011110001011110111110000
00111100111101100001100001100011
00111100010111011101011110010000
10111100001010000010111011100000
10111101011101101001111110101101
00111011100000100011100011110100
10111101000111111100110100100100
00111100101001111000101100000110
10111101001100100110101011010101
00111010111011111000001001110101
10111100000001100010011111110010
00111101001110111011001101100000
00111101011011101001111110101110
00111101101100000110100101001101
10111011111110110001001000010000
00111101011000100011001100110000
00111101011100101010101010001110
10111101000100000111000101011000
00111100011000001101011110000101
00111101010011011010000011011010
10111101110001111001011010001111
10111101010101000010011100100110
00111100001000000001101001110101
10111101010100000011000100100010
10111101001110110011110101100101
10111100111101101100111011011001
00111100111110010011100010001001
00111101011111000110000100001001
10111011101000111110100101101011
00111101001000111000101001010101
00111010100001101101101010000000
10111101000011110000111011100110
10111101001111000011111110110010
00111101000001010100010001000000
10111100111100011011101111001111
10111100010101001111001110011000
00111100011100010010010011000111
00111011111101110000100101111001
10111100100000110000100100111110
10111101001010101001111110011111
00111100101001001110111011011110
00111101000011111010110011000111
00111101000110001101101001011011
00111101011000110000110110011000
00111100101111100100010111001110
00111100011100100000000010011010
00111010110000000000101011010000
00111100101101101010011101000000
00111011010111010011001100010000
00111100111100110110111100110011
00111100010100100010010000111100
10111101011111001111011111011101
10111101010011111100100001111111
00111101001001001110000111001001
00111101011010001010001011010000
00111100010100001100001110010100
00111101001001100001110010101011
10111011110110110100010011100010
10111101010001101000010110100101
10111100001010111110000101110111
10111100100010110110101000001110
10111101000101011000110111101110
00111101000001100100011011111000
00111010000110000110101011000001
00111101011101110101010101101001
00111100010010100010101001011110
00111100011111110000011011001110
00111101100010100001101101101100
00111011111110001100110111000010
00111011110111001100000000110110
10111101001010010111100000010001
00111100011100011111001101100100
00111101010010110010011001001111
10111011101101101100100011000000
10111101100001101111100000111101
10111101010100001011100110101001
00111101001001011001010111011011
10111100100000010010110100010111
10111100110001101010000010100001
00111101101100010001000111110101
10111101011000000011101001110110
10111100110100000000110111010001
00111100111110110100001101011011
10111011100001101111000011000011
10111011110000000101010010000011
00111101010101010010001000011101
00111100001111000111001011001110
00111100010100111011010100101010
00111100001101001111000101000111
00111010000101001101001110010100
10111100101110111100111100110010
00111001110011010110010100000000
10111101101010011111001010110010
00111101001101000110111110101111
10111100110011010101000011100010
10111100110000110000011101110101
00111011010010000110001100000011
00111101001000100000111011011111
10111101001010100000001011111001
00111100011111100101110111000111
10111100001011101101011110110000
00111100100101110000111001101110
00111011110100001101111001110010
10111011100001000010001111011110
00111101000110100101111101110100
00111100110001011111010111011010
10111101000000000101010010111001
00111100110000000010011000010101
10111101010010000100100100011001
00111011111001001000111100001001
00111101000110101111001111110110
00111100110110101011101110011111
00111100101111111011001100101110
10111100111100100111001101010100
10111010100101000001110101110111
00111101000000000010001101111101
10111101000101011001101100110101
10111100100010000111000111111000
00111100100100101110101000000011
00111011101011110100010010000111
10111101000000001111100100011100
00111100010010010010110010010100
00111100111000000011001111010111
10111101000101111011010101000000
00111100111100001111011001101001
10111100111110000101001110000000
10111101000110101100100001001000
10111100100000010001100011000010
10111101000001000001100100010100
10111101100001111000111010000011
00111101000001100001001001001011
00111011010101010010000111101100
00111100011110100011110000000010
10111100001110111110101110000010
00111010101000010111100011101001
10111100010011000110010101111111
10111100110011101001111111110010
10111101100010101001111001101000
00111101010010111100100111111111
10111100101110101010100010110001
10111100100110110110100111000000
00111100000001100110011100110100
10111100010101010001000110111100
10111101000100000011001011101001
10111101001010001111001110010101
00111101010001000000100110011001
00111100110101100010011100100110
10111100011110001110010110110111
00111101001110101011100011011111
10111100001000100100010111100011
00111011010011001100001111011010
00111101011011001000110111100101
10111101000000110100000010111000
10111011111100101111100101010111
10111100101101100001101110100101
00111101000011010010011100000010
00111100111101100100100111000010
00111101011101010011101101010100
00111100010100111001101001011100
00111101010000001000101111001100
00111101101111011110011101001011
00111101011100010101100001100001
10111100010111010011101001101111
10111100101001110011010010101110
00111100011100001110110000110011
10111100101100100100010010101110
10111101010101011101000011111000
00111101000010000001110101111100
10111100010001001010110111011000
10111101000100100011110111011101
10111100101001110100100111100011
10111101000010111001010000000010
00111100110001100010011011010101
00111011010001100011100000101101
00111100111101110111011101011101
00111101000000001100001110010110
00111101101010000110101011011101
00111100111111110001101001001110
10111101011000100001000110001001
00111101001001001111101000110010
00111101010000001011101100010110
10111101010011010010111010000100
00111101100110000001100111000010
00111100001111000110011111100000
10111100110010000110111101001010
00111100101110011010100011100001
10111100100010001100000001000010
00111100011010110010001011101110
10111100011101100100011111011111
00111101011010101101110011010111
10111101010001011101011011001010
00111100010110001010010111111101
00111100010001010111110011101011
00111011011111110110001011111001
10111011101100000100010010110101
10111101000000100010001001011010
10111100100000110110101001000000
10111011101000101010110001001011
00111100011110100100000111110001
00111101010000010001110101110110
10111101011011011110001111001101
10111011000110101000111010011101
00111101100100010011011010100110
10111100100001101101000101010101
00111011100100010001000101101110
00111101000011101011010100111100
10111100110010111100011101000010
10111011101111111100100011000010
10111100010000101000100110011100
00111011101010001010000000010001
00111101100001101000011011011000
10111101111010001101010001101000
00111100111010000111001000010010
00111100101001110001110111001100
10111101000101000001010001111000
10111100111001000110111101001111
00111100110100011010001110001110
10111101100110011011010111011100
00111101100000000110100010111000
10111101000001100000101111010111
10111101110100011101111101101011
00111100110100101010101000010010
10111100011101110001010001010001
10111110000001100100111001100011
00111101100110001001101010011001
00111011111111100011011011111010
10111101101101010011011011011011
00111101001000010000001011001110
00111100101100100100011110001100
00111100111100010111111111111010
10111101011001011001011110001010
00111100110111011101000110000110
00111101010011001011010100001110
10111100100101000000100100001001
10111100110001000000010111010111
00111011110100100011111101010011
00111101010010111000100110000101
10111100000101101110101111001010
00111100111100110111101110011010
10111100000000010101111011100000
00111101011000010111001101011110
00111101011010101111000101010011
00111101100101110101010001110000
00111100110100011011000111010001
00111100111011001000001011111100
00111101001010001001100000010110
10111100111011111101110011000110
00111101001000001101100110011000
10111011100000000000000100100111
00111101010011101111011111010101
00111011111011101100111110011110
10111100101011111011001111111000
10111100101100100001001000101010
00111101010101111010100010101001
10111101000000000101000000000101
10111100001001010100001111111011
00111101010010111011001111111101
00111100011101000011000011110110
00111101001111001010101110100110
10111100100111001101111000000111
00111100001001010011101110101111
00111100111001000101010101110000
00111011101000100010110011000000
10111101001111000001010011111011
10111010100001110100100100001101
00111101110000000001110101001010
00111011111111110111110001100110
00111101001011010000010000100000
00111100111110000110100000111010
10111101010010110111010101110111
10111011010000100101010001001111
10111100101100111001111100100000
10111101100010100111111110110101
00111001110110010010101100101010
00111101000000000000111001100001
00111101011110001010101100100000
00111101011011001101011110011011
00111101100100110101111010101000
00111101001011001100000110100001
00111101101001101110100101101010
00111101101001011000011001111101
00111100101101001001011101110000
00111011111100000111000011101010
00111101000110110100000011000001
00111100100100000000001111001000
10111100001001100000000111001110
00111100101100001010000000010111
10111100101101100001110010111001
00111101001111110011011000110000
10111101000110000101011110111101
00111011111111000010111000001011
00111010110100111110110111001000
00111100011100110101001101000100
00111011011000000110000010110100
00111101000001111111001001011011
10111010101001010000110101111011
00111101000100001110100011111111
10111100000100100000100100001010
00111101001100011011110000100011
00111100101101011100101100101100
00111100000101010110010010011001
10111011100011010100100000101001
10111101011111110001010001011101
00111101000101001111110111110010
00111101000000010001011000101011
10111100100010011001101111110010
00111010100010000111010010001001
00111100111000011001100000111110
00111100101000100010000001010000
00111101011010000010101011011010
00111101100010111010010100011100
10111101000100100111100101100100
00111100010101011011110100000110
00111100111101111000011000000100
10111100101111010011000000100000
10111011010011110100001110111111
10111100000001000111001100111111
10111100110010000000111111000011
10111100101000100001101101110101
10111100011110100111110000000001
00111100000111010101101010011001
00111101000101001111000101011001
00111101010110011000001111010011
00111100100100110011101011111011
10111101000001000010110100101101
10111100001101000111111011100100
10111101000111110101111101111001
10111001010000011000010101001000
10111100110010000111110110010000
10111100110000111011111001010000
10111011000100100001011000101110
00111100111001111011101001111011
00111011111110011110101011011010
00111011110111111001110110110010
10111100011000000000100111101110
10111101000001010110000100011001
00111100101110000011110110011010
10111100110110010101000000111000
10111100000111110111000110110100
10111101011111101101011100101111
10111101100000011101001110011010
10111100101000101111111111001100
10111101001000001000011001111110
00111100010001100000100011010110
10111100001010000000011110010100
00111100111101011011101000001001
00111101000111111100010010101010
00111100111111001101001011000001
10111000100001111001001001101100
10111101011001110110110101111100
00111100011011000011000110010000
10111101000100000101100111010001
10111101001101110010010100100000
10111100111001100000000110110011
00111101100101101100101011101000
00111100101010110111111110000011
10111101000110011011011101100010
00111101100101110001011011100010
00111101001101111101101000100010
00111011010010010100111000110000
10111100110000000100000100010000
10111011111001100111011100000111
10111011010011011100000100000010
00111100100011101001111000011110
00111010000011110110010111011000
00111101010101000111100101100100
10111101011100010101101101010001
10111100111001111000101100100111
10111100001011011110010000001001
10111001011000001101101010000100
10111100100100100001011111100111
10111101010000110110100100000011
00111101001101101011110100111101
10111011110101111100010110101010
00111100000000101110111100100100
10111101000010101111011001110000
10111100101111110100011101011100
10111011111110110001110101100010
10111101011001011011110000001010
00111100010001011110100000010101
00111010100011100010110110110001
00111011000001010100100111100100
00111100110100100000010100101000
10111100111000011011110010110001
10111100010001100011101001000000
00111100111110110001000101000111
10111101001011101011001101001101
10111101010111011101011011011111
10111100110010111110110101101011
00111011111110001100101011001010
00111101001001011000011000100101
10111101110001111110100110011100
00111100110111111110111001010010
00111100101110001111110110010100
10111101001111001011111111101001
10111100000011110011001000001000
10111011001011111000000101010011
10111011111001101101101001111100
10111100000111000110110111000010
10111101000001100010011111111010
00111011101111100010101010001011
00111100111011001011101111010101
10111101000110110000001011110100
10111101101101010101111011110111
10111101100010111000010011101100
10111010101110000010100110001010
10111101100111100011101011101100
00111100100100110101110010111011
00111100101111011000111110100010
00111100110101110001110101010011
00111100011011010011001110010100
00111100100110101111011110110100
00111101001111110110101010001011
10111101010111101010010110110011
00111101101001001111010011101011
00111101101001011010001111011000
10111101001110011011000101111010
10111100111010110111101101011000
10111100100000111101001000010110
10111100101101110000001010100101
00111100001100110111101110010001
10111101011110111001110111011111
10111101011111100110101001101101
00111101010110001011101101011001
00111100100101100110100010110010
00111101011010010010111010001101
10111100100100000010110110100000
00111100001101101101101111111100
00111101001111011011100001110111
10111100000001000001101001011111
00111100101001110110100111101111
00111101010001101100010010011110
10111100111001010111010100010110
10111100101010100101100000100101
10111100100110011100010100011111
00111101010010010100111000001000
10111100001011011101000101010011
00111011110001000111010100000111
00111101001100010101100100011111
10111100100010010111101000110111
10111101011111101100101010000101
00111100100110010100001110011111
00111101001000101100010101100100
10111100010010001100000011110010
10111101000000111100100111010110
10111101000000010101100101001010
00111100100111000110101111100010
10111101001100111010111110000100
10111100001110111110111101001101
00111101010101100100110000010111
00111101000011100111110001101110
10111100100101011010101101010101
00111100000001100011110111101101
00111101010011000000101010000000
10111101011100101101100111010101
00111100110111011001000010001111
10111100010100101011011100000011
10111101011000010010100111000010
10111100000100111101111011000010
10111100101111001011001101011100
10111010101000010001011011001101
10111100001110001011000001001011
00111101010000010100110111011011
00111101000100111111101100110110
00111101010101001010000100101100
10111100100010101010100111101000
00111100010110010011010111111111
10111101000011000100110001100010
10111100101110101111010010001101
00111011111001111111000011110111
10111100101101010111101100101100
00111101000000001110110101110001
00111100110010011000000110011000
10111011110100010110000110000000
00111101000010010111110010001011
10111100101111101010010101100111
00111011111011001000010100011000
00111100110110110100110100101101
00111100110000110110100001010111
10111100000011100110111001101111
00111100000110100101001011011101
10111101000101100111110000000000
10111100100100101101110111110110
00111101000010011000001011010101
00111101000011000100100110101001
00111100111010010110011100000101
00111100100000001001000110001010
00111100101110101100101110011010
00111100101001010111100000001110
00111101000000101011100010001111
00111100001111001001001111111000
00111101000111011000101110111100
10111100111110101000111101010000
10111100001101010000000101010111
00111101000101010110010111010110
10111100011110010010101110100101
10111101010000000001001110010011
10111001111101001100011100001100
00111100000110011011000111010011
10111100100100000100000010111011
10111100111010101100010110110010
10111101001000000000100001100001
10111100100111110011001101001100
00111101000100101001010001110010
10111101000111111010111000100111
10111101001101010010101100110010
00111100110100001101111011100100
10111100110010010000000001010110
00111100100111101100101110010100
10111100000010001100000100000010
10111011001000101101110010111100
00111101010001111111111101101011
10111100001001111111111001101010
10111100111111010001101011000000
00111100110010010000100110100011
00111100010001001010001000101010
10111100100101011011101111101110
00111010111110101101000001011101
00111011110011010011011101111100
10111101010101011010011001000111
10111101100010111011111011111001
10111100110110101111100011011001
00111100110010000010010111011100
10111101000101000110010010010111
10111101110011001110011000101011
10111101111010111011110010101110
10111101000011101100111001001011
10111101011100101001100001000000
10111101111001010000011100001000
10111110000010001000001101111010
10111101100000011000111100010101
00111011101100010011001111000001
10111101111010000110001100111011
10111100010111010100101011001011
10111100110000100110110010101100
10111011100000010001100110110100
00111100101011010010110000010010
00111101000001101010001010010110
10111100100110101110101110101011
00111100100001000101011100011111
00111101010001101000011111110100
10111101011000111101000011011011
00111101001101011110100011000010
00111100001110000001010011100010
00111100110011000011110010100011
00111100110000101001100100000111
10111101000010011010001101101110
00111101000110110011111110101100
00111100010110011110111101101010
00111101100001011010000011000000
00111101000000101110010010101110
00111101010001010010100010100111
00111100110011111010001000100110
00111101000110101010011011000110
10111100001111101000000110011011
00111100111100101010100100100010
00111101101010000011100110100110
00111101010101011010111111000101
10111100010011101001111001111011
00111101011000011111000001110000
00111101100010011001011111111101
00111100111011001111000011110111
00111101001010001010000010111111
00111101011010000100000100010100
00111101010100110000110101010111
00111101000111111101001100000101
10111100011000010001100101111100
10111101001100000000100101001111
10111100010110111110011011111001
10111101010100101000110001011000
00111100101111101011000111010000
10111100101011110001110110010110
00111101001101101101110100001101
00111101000010100010010000001110
00111100110011101011011001111000
10111011100100001001011010100000
00111100001010101101000100111110
00111101001110001010001000001001
00111101000111011101000101011111
10111011010101001011000011001100
00111100101101000111100101111011
00111101001110000101000010111001
10111010110001000000000111111100
00111101000101100100011111000110
10111100101001100101100100111000
00111011101101100100110011001001
10111100000000101001110001011001
00111101010010000100010011101101
10111011100010100111011110001010
10111100000011100011100110010101
10111011110111111100000110010010
10111100010011100110110011100000
10111101001000101110010100000100
10111100001010001000110000110010
00111100111111010101111000001010
00111100111000001010110011000110
00111011000111010010011010000000
00111101101010101101000011000011
00111101011011111101101011000010
00111010101011001000100110111010
00111101010100000011000001100001
00111011011011001100110010000000
00111101001001000000110110011000
00111100011100101111110101001101
00111100101010011001100111111010
10111100100001101011110010000011
00111100110010010111001100000001
00111100001111000011001111011111
10111101100101011010110010011100
10111101100010101011000010100010
00111100100101110101000000111111
10111100101001101011000110100111
00111101000111111010111100111011
10111101011011100011000001001100
10111101000111101011110011010010
00111100000101111101111110110101
00111100111111000110100111011101
10111101001101111011100011110011
10111100101001101100010101110001
10111100001001010011001011101110
10111100100100011011010110011111
10111100110000011011000100001110
10111100000100011100100000000000
10111100011100101100011111101100
10111100100000101010011100001100
10111100111000011110010111110010
00111101011000011000010000101101
10111011111001000110101011101101
10111011111110101111010100010010
10111100010111001110111110100111
00111011110011100010101001101001
10111100110110010011111110001101
10111101011010001011110110011110
00111100100000000101111100011101
10111011000110011101000001100010
10111101101010111000001111110111
10111100111010010100001011101100
10111100101001101010001001000110
10111101001101100011000110110001
00111100110000110100110110000101
00111100111100111110011111100110
00111101101011011000110101000111
00111100100010011011001110000110
00111101010011001101111101111000
00111101010100001011010110001011
00111101010101100111000111111001
00111011110101101001001011110111
10111100110010101011100111010000
00111101000100101010101111000100
10111011101100001010011000010010
10111100100010001101000010000000
10111101100001100000110010010111
00111100100000101111011110111000
00111101110011011001111110101011
00111101011111001100000001111101
10111100000010000010100101010101
00111101100001010011101111110001
00111101010000100101001101110110
00111101000010101101001001001001
10111100011001111101111010000010
10111100010011010110101110011100
10111101101001111110101100011001
10111011000001110010011100111001
10111011010111010001011110001000
00111100111010101011110110010000
00111100011111010001010001011101
10111100101101000000011110110010
00111100100101101010001111111110
00111100111111101000111110101001
00111100110010011000110110111000
00111101010101110111111101101001
10111010010000011111011001110011
00111100011000001101110011000001
10111100101001110101010100101110
10111100100001111101111010101010
10111100000011001010011010101100
10111011110000110001000010001100
00111011101111100100111010100001
10111011001111010011001110011001
10111100111111111110101001101101
10111100101110110110011100010111
00111011111011100000011111000111
00111101000000011110011101110011
00111011000110000011001101001100
00111100100111000000001101111010
00111101000100111010100111000110
00111101001100111101010111000101
00111101011000101010111001010101
00111011011111111011111000110101
00111001011011110001011111111011
00111101000100001001000111010111
00111101100011000110110001101000
00111100001000000100110101111000
00111100101101100011111101001000
00111100100110101101110110111100
10111101001011110110000111011010
00111101000101011001011111110101
00111100101110110100101011011010
10111101010101011111100110001011
00111011111100001010011110010011
10111011110110010100111010000110
00111101011010010001100011000111
10111100000011100011000010000000
10111100010101011110110111010111
10111100000101100001100000110110
10111100111001010010011000001111
10111101100001111100001010101011
00111100101000110111101110101101
00111100001111101111001001011110
10111100100100100000010000000111
10111101001011111010000110110111
10111101001101110101000110110100
00111101000100010101001001000100
00111101000100000110001010110010
00111100110010011110100101010101
10111101010100010101110101111101
00111100000110011101011010010110
10111101000011111000011000011011
10111100100110101111001110000111
00111101001110000111101101100001
10111100101001110000000110000000
10111101010001000001000010101100
00111101010110100001010010001101
00111101100111100010100010010001
00111100001001110110100111010111
00111100001010100001100000101110
00111100110111101101000011101001
00111100111101110111001010100100
00111100101101000101000101000110
10111100011000101001001001101000
10111011000100101000001100111101
10111101000101010010101000000111
10111101110001111110011110100001
10111101010010111101000010001011
10111101000000101100100100010100
00111010100110011010000011100100
10111101010111101011011101000010
10111100101001111011000100001100
10111100110101110100011011000111
00111100100111100110010010111011
10111101011101011000101100010111
00111101100101010000001001001011
00111101101011001101100010111000
10111100000110010010111110010010
00111100110010100011111010011111
00111101100100111100000011010010
10111100010101111000010010101111
00111101001011010011001000011110
10111100011011000100110011110010
00111100110101111010011110110011
00111001111001001000111001000111
00111101010001101101100101011100
10111101001001110000101100100100
10111101010100011011011000100100
10111100110000011111101000000111
00111010101111011101111111011010
00111100011101101011110111101010
10111100111101101011101110100001
00111101011100101100000001001111
00111101011000011010110110000110
10111100011110111100110010001110
10111011100001110100110111101000
00111100101011111111011100000010
00111101011101100010000000001111
00111101010111010110011101100011
00111101011000101010110011000000
00111100110011110111101100100100
00111101000010011011000100000010
00111101000010011011000111000011
10111100111111110011000001110101
00111011111101100011101011100111
00111101000101000111000000011101
00111100010101110100101111010101
00111101000010000111011000101000
00111101000001000000110010011001
10111100110010010110100011101110
10111101101011100100110011101010
00111100000101011011001110000000
10111101001000110000111010110001
10111101010011011110001111011110
00111100000000100110101101001110
10111100100100011010001000011100
10111101010101101000101010001101
00111101101001100111101010011000
00111101011100011100100111111101
10111101101011011001111001001001
10111101100100001110011011111010
10111101011111101011111100111000
10111100100101010001111011000111
10111101101011101010000110101100
10111101110101011110010101010110
10111101100110101001011001010110
10111101110101110000001100001011
10111101101101010001100001000101
00111100110101000110011000010000
00111010000110100101100100111010
10111101100111101111000000011110
00111011010111111001100011110011
10111100110001101110110100000100
10111011010101111001011010000001
00111011111110111011100110110010
00111101100000101110111110100110
00111100000000010010100001000110
10111100101001111111111011111111
10111100110101100011011011100111
10111011111110100010011100111011
00111101100101111001100100010111
10111011110000101101010101011001
00111011101110001000110100010110
10111100010010001010100100111100
00111100111011001101001111000000
00111101001101110110000100101101
10111100111011011111010001011111
00111100101100000001110001010111
10111100101010000000011000111010
00111100110101110000010011000001
10111101001011110010000010101000
10111001110011101110110101010100
10111101000011100100100011001010
00111101001010110001100101101000
00111100011100001000110110111000
00111101001111010010011010000011
00111100011100111001000011100000
00111100001100100011110011111001
00111101100000111110101010010101
00111100100110000110101110000000
00111101000111010000111010011001
00111101000100111001011011101110
00111100110110111111010001110111
00111101001110111111101010110100
00111101101000101000001111000111
10111100100011110111000110110101
10111101000000001100110000001100
00111100101111101000111011100111
00111100101111011110000101100010
10111101011110111111001101010111
00111100010000011111000110011011
00111101001000010111111100100111
10111100010101000010000011011101
00111100101001001000000110010110
10111011110110100101001110110010
10111101001010110001000101011100
00111101001011010110011001001010
00111101101010110101010001001000
00111100100001110000110101111110
00111011100010110000100101000110
00111101001000111110111101000101
10111100110000110011110110001110
10111101011000001000111100001000
10111100101000100011000001001000
00111101000100011110101001010000
10111100110111111110001010001011
10111100100110101101000001001001
10111100000000011010111100101001
10111101011001100011111110010001
10111101001010000011001101110000
10111101000101010111011000011101
10111101000010010110010111100101
00111100110111110101100011101101
00111100100111110000000001111111
10111101000000101000000101111110
00111100110111100010101011011011
10111100011011001011100000001100
00111100010111011100110001110010
10111101011001110101011011110011
10111101001010001101000100010110
10111101010001001000011001001101
00111011111111111010011110000110
10111101010111110011011000111110
10111100100111110000111001000111
10111011100100111011111011001110
10111100001100100011110000011000
00111101011001010011001011010110
10111101010001010100000111010000
00111100110010111101101100011110
10111100011100011100111010010000
00111100101111011100111011101110
10111011111000010110011001001100
10111101000100101000010000011001
10111011111110111010011111000101
10111100100110110100101010011010
00111100101000010000000010001000
10111100101010100000110100111110
00111101000001101011100100011011
10111100001101011110000001000001
10111011101000011010100101101011
10111100101111100000111101110101
00111101100011100101011011101110
10111001110010110010001001000011
10111011101101100101000000111111
10111100011101111000010001101011
10111100110110010110011000110101
10111100101001000100001000000010
00111101100100011001000110000010
10111100100001100000110101101011
00111100111101110011110101011111
10111101000100110111000101100000
10111100110100011101100100010101
10111010101100000000001100101101
00111100101000101000110100110110
00111100111000011010001101000101
00111101010110011001010101111110
00111101011011110010101100110001
00111100101100100101111110110000
10111101000101001111100001010110
00111100000001010111010000011100
10111100101101011001101110100010
00111100101011111100001001000010
10111100101111100110011101000111
00111101011001010011101011100100
10111011100000111000111001010111
00111101100101100110100100010011
00111100001010101000011010000111
10111011110110011110101100011101
00111100110011110101101101110110
00111100010110000111010101101000
00111101001000001101110010001011
10111011001001111100100000000101
00111101000000010101101000001011
00111100001001100011111101011100
00111100000101010011011111011111
10111101100001001111110111001110
10111101100001110110011111001110
10111100110100110010000111110110
10111101010101111011000011110011
10111011010011100011011100111001
10111100101100010010111110111111
10111010110101010010101110010001
10111101011011010011000110000000
10111100000111101001110010111110
00111101001001011110001101011000
10111100110001101111000100100010
10111101100000110001010001010011
10111100010010111010110101100101
10111100101001100000111111111001
00111100011010011101111110001111
10111101010101111110100000010001
00111100110110100000000001000111
00111101011110001100111001001110
10111011100001010011011000011001
00111101110100010111100010011101
00111101001111001101011111111100
00111100111101111000100101000011
00111100000100000001111101000011
00111101001001011010011001111111
10111100100001100111011111000111
10111101011110010001010100110101
10111100001110111101011110010101
00111100100100011011010100001101
00111011111001010001010000100110
00111100001101111100101110111001
00111100110011010100011011010010
10111100001011001011110110111001
10111011110000011100001001001001
00111101011111011101100100101100
10111100011100110111111101011110
00111011101010010110110010111111
10111100100001111001110101101011
10111011111001001110010010010101
00111100100100100000011010001010
10111101010110101011110000011000
10111100001000011101011011110000
00111100100110001101000101101001
10111101100101000000001110101011
10111100000001010101010001001101
00111101000010010110001101001000
10111101010011110000010111010111
00111100110001010000010010001111
10111011101011101010010111010000
00111100000110011100000111000000
10111101011101010101010110110100
00111100100101010011011100111011
10111100000011001010100000011000
10111101011100000101100000111011
10111100100100101010001110100110
10111100100010111011110011011111
00111100100010001010111101001011
10111100000100100110011000000011
10111101100000000101101100011000
10111100111011000110011010100011
00111100001110100001010110000011
00111100000101010111110111100010
00111101101010011000010110010111
00111100000101101011101100111001
10111100001110000100101110111001
00111100101110111101111111101001
10111011100011010000011001101010
10111101001010101001011111101100
10111100011100111101001110010010
00111011101110100110110101010001
00111011101010011100011011101110
10111100000010000010111110001111
00111100011101001001100110111111
10111100011110111101100101111111
00111101001000000111000010100111
00111100101000100001010010111100
10111101011101110111110011111001
00111100000111101101010011001111
10111101000110101000101001000001
00111101001001110110000011100011
10111100001010011111100110011011
10111100110110001101111100110011
10111100010111011010100100110011
10111101011101110110011001111000
10111100101010111011010000100111
10111101100110110001001011010101
10111100101000111100010101101001
10111100101011111011110110110000
10111101100101000101110110111010
10111101100010100101011101001011
00111100100010111010010011100110
00111101000001000001011110010001
00111101000000100101011000011110
10111100001001000010101111011110
00111100000001001111110111001000
00111101101011101101001110010101
10111101000110010111110000100000
00111100101100001101110010010000
10111100001000100011101111100011
00111101010110011011001100001001
00111100111101001000011010011100
00111101000010110000111000010101
00111010100000100010101101001011
00111101011110110011010111111100
10111101000100000110111001000110
10111101010100010111010101000101
10111100000011011101010001111101
10111100101000110011100001011010
10111100101111100101000101100100
00111101000010110010010110010110
00111011110001111001000110111001
10111101001100010110011001010101
10111011111101010100011010011011
10111100101011011001101111101001
10111001111100100001011001001111
10111100000000011011110111110110
00111100000011110001011110001010
00111101110101010110001100101011
00111101011011011011100011010110
00111101110100000110010110110010
00111101101111001010000011100000
00111101001011101010101101111001
00111101001100001101010111001010
00111101111101110001001000111001
00111101100011100100011001110111
00111101101000110000110010010010
10111100100101010111101110111010
00111101000011110000111111010000
10111011111011001100110111111111
00111011010000111100000011011110
10111101011000000111001000010110
10111011111111001000100000010010
10111101011001001000010100101101
10111100111100100101011100101000
10111101001010100011101111110001
10111100111011001101111011110100
00111100100111101000111011000100
10111101000000001000111110111111
00111101000110001110011110000011
10111101000000110111110010101110
00111101001111001011100000100010
00111011100010110101011001001100
10111100101100101100010110100111
10111011101101010111000000101011
10111101010110101010011111100110
10111101010111110100101110001100
10111101011111100110100000101011
10111100010100001000001110111110
10111101011101101100101100000110
10111101010101111011101100011010
10111101001101110110100011010011
10111100100100011001011110110010
00111101001011111101011010100100
00111101010011001001101001010000
00111101000110011001111011110001
00111101100100111010000100000111
10111101100100111100100000110000
10111101000110111110011111000101
00111101101000100110010110011010
00111101000011000111011001000101
10111100110100010100010111010000
10111101000111000000111101011110
00111011110000111110011111111110
00111101001111110000001111111000
00111101100001110100001001000010
00111011010011111101100110111100
10111011110011100000001100010100
10111101000001111000100100101011
10111101001111101000001101000111
10111100011110101000010110000001
00111011110001110000111011000101
00111101100001011001101101001100
10111100001001110100100110111001
10111101010100011110011000100001
00111100101111111001001100101011
10111100011010100011011111000000
10111011111001011110111101001001
00111100110110110001110100101110
10111101001010101011100010111010
10111101111001100011001111110100
10111101001101100001001111100011
10111010111110011100000100011100
00111100010100100100011101110000
10111100011110001111011101100010
10111011010110100100001011000010
10111100001110001101100101010111
10111101010000011101110010010000
10111100110100010111000001000011
10111101010011011101111111010010
10111100101001111101000011010100
10111100100101101000100111100010
00111101010110100101000100001001
00111101000100100001100101001001
00111101000101010010100101000011
10111101000001011101110001101001
00111010101100110110011011011111
00111100101011111110001101001001
10111100110111010100000010111001
00111100111010100010001110100001
10111001111110001100101001100100
10111100101110110100110101011101
00111011100101111100010001011100
10111101010010011011000110011110
10111100010011000110100101110110
00111100110001001010111110111101
00111011111110100001001011001111
00111101010101111110000011010010
00111101011010011110000111011010
00111100111111110000000010010111
10111101010000000000101111010011
00111001111010010011001110010111
10111101001101100001100000000100
10111101100101000101111101001011
00111100010111000110111100101001
00111100100110111001010110000111
10111011100100011010011100011101
10111101000011010000110100000100
00111100110000110111110000011000
10111100101000011010011001101000
10111100001101110010100010000000
10111011101001101110001010101101
10111100010111000101110101101101
10111100101111100100111010000101
10111100100100010000000011000011
00111100110111111101111111101100
10111101010110110101110110000001
10111101001000101010001110001101
10111101001101100011000111000001
10111101000000011111110100110111
10111010101111111111111011110011
10111101000110100000011001011100
00111010100010001001001011011110
10111100101011011100100011110110
10111100110110010100110000110111
10111101001010010011101000101000
00111100011100000010110000101100
00111101000011111110000111101011
00111100101110110100011000001111
00111101100101100111111011010000
00111101000110111101000111000010
10111100011110001010000100110001
00111101001101111111101101001001
10111011010000111110000000010000
10111100100011110011100101100101
00111101000000100110000110100000
10111101000010000100001011010110
00111100100001011111101100010111
00111100101110000111101000101111
10111101000000101000001011000001
10111101010101010011101011001100
10111101000111100001110110001011
10111101010100000110010101001101
00111100001110101001110111000011
00111100011011001110101000111101
00111100111110001110110100110101
10111101010100100101110101100100
00111100111100111001010101001000
10111100101101000101010001000011
00111101010010000000100010011100
10111100000010111000100101010000
00111100011100011001010010110000
00111101001110111100000011101101
00111100110010101010111110000110
00111100100111000011011010001010
10111100011101001101110000100001
00111101001001000001100101000001
10111100100111110000001001111011
10111100000001011111001111010011
00111011110110111000100101011000
00111100110101101101111000010101
00111100100110110101000011110110
10111100000110001011001001110100
10111100101000001101100110100010
00111011110011100111111010100011
10111100010011001111111100000100
10111011101110001001110110100001
10111100010111110011001011110001
10111100111110011010110110000001
10111011111110011010101010100010
10111100101110110000100111100101
10111100111001100100111100001010
10111100111011001011000110010110
10111100101001001010101010100010
10111100010001000110100011111010
10111100111100000010001000010100
10111100010100110001000000111100
10111011101010000111001000011111
10111100100000101001010010101000
00111101000010111100010001011001
00111100110000100101010010010001
10111100010001010110111010101110
00111101001010001110110110001111
00111101100000101001111001010100
10111101011110010101101011010011
00111011111101010110011111100101
00111101000111101110110110010001
10111101000001101011011100001110
00111101100100001011010111011011
10111100111111011000010001010011
10111011000001001011111011110001
00111101101011101010100100011010
00111101101000011010011000111000
00111101011110101001100110100110
00111101001110000101100001111001
00111101011000101111000000101110
00111101011001011111100010110000
10111011101110011100010111100101
00111101000101001100011101010100
10111100100111011011101010101001
00111011100100010011110000110101
10111100101101000000111111100111
00111011101110100001111001101101
10111101000101111100001011011000
10111101010111101010110100010001
10111101101101010000101110101011
10111101001010100010100001000101
10111101000011110000101001010100
00111100100100000110111111001101
00111011110000101101111010101000
00111101000101100010000001101101
00111101001100001101011111000101
00111101000011001010101111010111
00111100011100011000111100011101
00111100100110001010000001100000
10111100111011111011110111100011
10111011100110000111111110011100
10111001100101111100100111100000
00111011100001010101110110011000
00111100000110001011101101111100
00111101011001000011000001011100
00111100101011001000101100001011
10111100110000010101111010101000
00111100110111101110101001100010
10111100111101010000101001110010
10111011110010001000010100010100
10111100111100110010100111001111
10111101101001111010110111010111
10111101101000110101100001101101
10111101101000001001000000010001
10111101010011000100010100100011
10111101001110010110011111110000
10111101101110111111011000010111
10111101000100001000001001111111
00111100100010111101100010011111
10111101001111111000011011001110
10111101000011011001101011100100
10111101100100001100000001000101
00111100110001110000110001000000
10111101011010000011001100100111
10111100110000011010111110010001
10111101000001110001111010001101
00111011100001111010100111001111
00111011000010111111010110100001
00111100001000110101001110000101
10111101001111110010110001101000
00111101001010001011011000110111
00111100101111100110010001111101
10111101011100010100110110011011
10111100101011001100111111101110
00111100010111000110101111101100
10111100110100111010100111110110
10111101001111111010000101111011
10111101011101111011110011000001
10111100110011111001111101001100
10111100110100001101011110101101
10111101001011010010011001110110
00111010000001100000100011101111
00111100010110100101101011100111
10111101000111010000011010010011
00111101100001101011010111110101
10111100001100111111011110111001
10111101010101100111001111111111
00111100000101000110110010111010
10111101000001101100000111101011
10111101011010000100100001111110
00111100110110110010000100001001
00111101101100110010011101101110
10111100110100000001100111101100
00111100100000000000001000000111
10111100101000011101010101000110
00111100110001111111100101001010
00111101000011100111110101011100
10111101001101110000110101101000
10111101011110101111100000010101
10111100101110100110101000110110
00111100001100111011100110101011
00111100011110010001001000110001
00111100100001000011110100111000
10111100010011011111000101101000
10111011101011110001101010010010
10111101000101000000000001001100
10111101101011111101100010110000
10111101101100110111100111010000
10111101000001111001100110010101
10111101000010101011110001001010
10111011011010011100100000001101
00111100100000110010100000110010
00111100001100001110110001101000
00111011111010101000100101000101
10111101010001011010011111111100
00111100100101101010001010001110
00111100011001100000111100000110
00111001100011110100111010110111
10111011101001101101000001111011
10111101001010100001111101011101
00111101001010011010110001101111
10111101000101101001000011111101
00111010101000101010011001111000
00111101010110110001111100101001
00111101000100111001001000010000
10111011100101111001001000010011
00111101100001111101010010011011
00111101101011011001000010100010
00111011111111111011001001100111
00111101001001000100101110111000
10111100100001101010001110001000
10111101101000001111101100011101
10111100001001111100111011010011
10111100110001010001100100011001
10111101011110100100010001101001
00111100010010001101100001000100
10111101000010001100000000011010
10111101101011010111101000010111
10111101100010011000100100000110
10111100101101101000110001101100
10111100100111001011000001011010
10111100111110110110011010110101
00111100110000010011001010001101
10111101011111011101011001010001
10111101000100000001101101111111
10111101011000000101110100110001
10111101010100100101100111001100
10111100100100101111000001100100
10111101001111110101010101111111
00111100111111010101011100101111
00111100010111101111011101011100
00111100111011100000001010101110
00111011100111111011111111110010
00111011001010100001011110011000
00111101000100011010001010110100
10111101001000110010111000000011
10111100011111110011011101000000
00111101011001101011110010011000
00111100011001111000100011001011
00111100100111110100110100010101
00111100110000011010101010111000
10111101101010101000011111101000
00111101000111111000100111011000
00111101100100000001001010010111
10111101000001011011010110000001
10111100011001011110100010011101
10111011101110111010111111000110
00111100110100010000000101100010
10111101010110111001110010111000
00111100010101100111001000111010
00111101010111010011111011101101
10111100010010010110111000111100
10111101001011010100111100010011
00111100101101111000010101000100
10111101001111000001011001001001
10111100111010111001001100011110
00111101000000000000110001111010
10111101000100111101000111111100
00111101000010000101010110000001
00111101100000101111000001110011
10111011101100100100000110101111
10111100100000000011110011001110
00111100010011000101001110110001
10111101001011001010101010010100
10111101100111011110100110010010
00111011110110001110101011011000
10111100111001111000001101111000
10111100000000001100110011101011
10111101101000101011110100001001
10111101100111010000111101100001
10111100010100011010000111111010
10111101011100000101110010010010
00111100111100000000100011111100
10111101001111001010110111111010
10111101001111011010101111000011
00111100100101001101010111111111
00111000110100000101100110000000
10111101101110100100010100101010
10111101000011110111001111010001
00111101011001000000111111011110
10111101100000111101010110011111
00111100001101011010110111101010
00111100001010011001001010010101
10111100101010010110000110111101
00111011100110000001000000110011
00111101001001000011010110011100
00111101100100001010011010010000
00111101101100001011101110101110
00111101100001001001001011110101
00111101111110010000011010000011
00111101000011100111111011100001
00111110000000000100000110000000
10111100100011110101100100000110
00111101010001101111101001011010
00111101101111010100100101010100
00111101001010110011101000110000
00111100001000001001111101111001
00111101010101000000000001100101
00111101100000100001010000001001
10111100010000101000010111101111
00111101011101010111111111111010
00111100100100011000010011000001
00111101011000101000110000110100
00111100110011011010101110011110
00111101100101000111100100100000
00111100110011110011001111000101
00111011111000111100010011001110
00111100110111100010100111100001
00111101001001010000110010000111
10111100101000101011011001001111
10111101100001001100110011000010
10111011011010100010001001001001
10111101010100101001100110111101
10111101010111100111011100101110
10111100000101110101111001101111
00111100000011000011010001110101
00111101001000110110010101111101
00111101011111100011100110111001
00111100111000100000111110011010
00111100001001111010101011110110
00111100111100011010001111000100
00111101000010100101010001110011
00111100110110011111100110010011
00111100110110111010111010111011
10111101000100101101001110010101
10111100100011100100001010100110
00111100110010010000101010001110
00111101001111010001011010010010
00111101001011100101110001001110
10111101001111100101000000111000
00111011110000100001000111000011
00111101001001010110000001100001
00111011100010111101000100001100
00111100100011001101010000101111
00111101011011000111011001110011
00111100100000001001111101010001
10111011000111011010000011100111
00111101011010001101011110100011
00111101001111000111010101010010
10111100110000110110101010110001
00111100110010000100111010001111
00111100111010100000110111001011
10111100010100010100010001001000
10111101001011101101001100101101
10111100111100001111011111101000
10111101000000010001001100010000
10111100010111110010100000011000
10111101000000111111100010001110
10111101011101101011100100010010
00111011001001100101000010100011
00111101001000111001111111001001
10111011111101100101000001110000
10111100011100011000001001100111
00111101001000110111100011000101
00111101011110100110101101000101
00111101011000111100101111100001
10111101001111001011001010000110
00111100110000101001111010100101
10111100010011111111100011011011
10111100101100011011101111001111
10111011010001011010111001001110
00111101101110111010011000000010
00111101001100010111110110111110
10111101000101010001111011010001
10111101011101000010001100001111
10111101000001111001000100010111
10111100010110101011001100101110
00111100100110111110101111011010
10111010111101000000101111011111
00111100011101111110101011101110
10111100101010010000110010001001
00111101010110100000001100110100
10111011010110101101100000101101
00111100101001011111110100111111
10111100101000111100111010110010
00111101011010000110111000011011
00111101100000011110001000000011
00111011100100111100010111110110
00111101011100000110111101001001
00111101101100100011101010111000
10111100000000000111000011101001
00111100010000110111001110000000
00111100001101111101111110010100
10111100000101111100111011111100
10111100100101011100100011010110
10111100110000011000100000111001
00111011110111101000011111111000
10111100011100001111010010000111
00111100010011101001111100101011
10111101010010111010010011001100
10111101001011111111011111101010
00111101100111001001111010011111
10111101100000010000111111000010
10111101100101000010001100001001
00111100110100110010010110101011
10111101000011111110010001001101
10111100001011001010011110000000
00111100101100110100001101011001
00111100110001101110011000100010
10111100100100000101001110010001
10111101000011101110011100101000
10111100011110010011011000000111
00111100110110110011100011100111
10111101000001101001011100010011
10111011101111001011011010100110
00111101010000011101111010000011
00111100100000001011010111111001
00111101100110010100010101010001
00111100001001100011001110011011
00111100011111100111001000001101
00111101001101000110100100001100
00111101010100010010111000010010
00111101101000011010001001001000
10111100110111101011010000010001
00111101000000001100101000100011
00111101100100111110111011111101
00111101011000110010001110101000
10111011010010010111100000111100
00111011100011110000100101010011
10111011110010011111001001101110
00111100110110011110100000101000
10111101100111001101011011001101
00111101010001110011000000001000
10111100100111011000010000010000
00111011011111011011001100001011
00111100111010111101110101010001
00111101011111100011101010110010
00111100101011001110011110111111
00111101000000011100001001110100
00111101100101100000011100100011
00111101110011101110000110110110
10111010011111001110000100001001
00111100010111010101010010111110
00111101000100001010010001010000
00111101000111100001000110001110
10111100111111001010110110011110
00111011000010000011000111110110
10111101000101001000100000100101
10111101011101101001101100000101
10111100111110101000100100000111
00111100110111100111011011010101
00111101011111000111011010111111
00111100100100010011010110100011
00111100110100111011111011101110
10111101110010001101100001010101
10111100111101011001011110110100
00111100101011010011101010101100
00111100100101011101101001101011
10111101000100010101001011100001
00111101010000110110001100111010
10111100001000110101011101001111
10111101010111111111010011110001
10111100000100111111110110111110
10111101101010001111100111010011
10111100101010001101111011100100
00111010101100010110011001100011
10111101110110100010100000100011
10111100100011101110001010100010
00111011100001110100111011001010
00111101001110100110001010000110
10111011111101111011010010011110
00111010000111001010001011111110
00111101101000101111110101111111
00111101101011011110001011010110
00111101011001111011100001110101
00111101010110001111101010110010
00111100000111010010110100101110
00111011001000100011001111001111
00111101100111100010001011011111
00111101000001100110000100100010
00111110000000110111100000001000
00111101100001111000100110101001
00111101110110011111000110011100
00111101000001111111100111100101
00111101101101101110000110011001
00111101100101110101100000000001
00111101001010000000000011001101
00111100000110001110000100001101
00111101011011010100000000000111
00111100101000000001011000000001
10111101010001011100001000101001
10111011000011011000111111111110
10111101001101000100111100111001
10111100110111110010100100010000
10111010100100010011001100100001
10111101000000000000100110001111
10111101011000111010101001010101
10111100011111101100001010101111
00111101011101000111000011111001
00111100001011100011100001000100
10111101010011100101000001110001
00111101000001011111000011111011
00111101100110000110111110000100
10111100100111000111110110110110
00111101000110110110101101000100
00111101100000100000000110011100
10111100101010100101011101101101
00111101010000100101100001100000
10111011001100000011111010100101
00111010001110000111011000110111
00111101100000111111100010100110
00111101110000011100101100001001
00111100111110011100000111000100
00111101001010101001000000101101
00111101011011000110101110101100
00111011110100000100011001110000
00111101100011001011000111010111
00111100110000101110110001010010
00111101000101101101101011001101
00111011101011001101100010000001
10111100110001010010110110011001
00111100110100010000100000010000
10111101100101100011001011110101
10111101001011000100000011100001
10111101011001110100001011010111
00111101000000110101110011011000
00111010110110111110100110000100
10111100001011111110011111101000
00111011011111010100100110101010
10111001101111010000000011101001
00111101101100010000011110100110
00111101010000001100011010010001
10111100110111110010010101110110
00111100110000011000111010011011
10111011001000100101000100010100
00111100001000001111111010111000
00111100001001001111000110010100
10111101001000000000010100011011
10111100101011111100001100010010
10111101001001010111111100111100
10111100001100011000010110001011
10111100101011010110100110010110
00111100100010001010100010110110
00111101110101011000100110111100
00111101110111001010110000111100
00111101100101010100000101111110
00111101001010000101000000011010
00111100001001001111100001111101
00111101101011000110010111010101
00111101100111101110010011101111
00111011010100001011110110111101
00111101000101110010111010001111
10111101000111001000010000001000
00111100111110101010010100101000
00111101000100111011100011100111
00111100110101011101110010101110
10111100011000101000011101111001
10111101010110101110111010111111
10111011110111000010011001101110
10111101011000101000000010000101
00111100111110110000100101010110
10111100101111111010111110110001
10111011111100111001011010110110
10111100100011001101110101011000
00111100110010011011011010011011
10111100111111101010110110100000
10111100011110100111101011011110
00111100010110010010011010010000
10111100100010101110110110010000
10111011000110010100011010000000
00111101000011010110011000011011
10111100001111110111010001100100
00111011101000001000001011101101
10111101101111011110111100111011
10111101001000100001001110010110
00111010110110001010100000001111
10111101001011110111101100111111
10111101100011011010000110000111
10111100101101111000001110010111
10111100101110110101000110110001
10111100110111110010110100010000
10111101001011010101111010011000
10111100111001011001001110111000
10111011000110100100110001001001
00111101000110111100100001101000
00111100000111100000100000101101
10111100001001001101110010101110
10111100101000000100110011101000
10111011110100001100100110110101
00111101011011101100001011001110
10111100000011110101110011111000
10111100100001111010010111011110
00111100111101110100000110010000
00111100101100100010001000101101
00111101000001110000011101011101
00111101010010101110001000011010
10111100101000011100010111110000
10111101111001011000011010100001
10111101000101011001110101010000
10111100100010110110100011000111
00111011111011100001000010110011
00111001110110111000100110010000
00111100100100011100111110111111
00111100001010011001110101001000
10111101010000111000111011011001
00111101011011000001001001000000
10111101000101110111110111110010
10111001111011111110110101100000
00111000011001010011110110011111
00111011101101000100000110011001
00111101011111010111101001001010
00111101000111010111010011000001
00111011110000111011111110101101
10111011100100011100100000111101
10111011110101100011101000000111
00111101000110000010100000000000
10111100010010001000010101111110
10111100011011011100011010101101
00111011110011001000010000110101
10111100011101000011010010011100
10111010111100100111001000110100
00111101010101100101001100111000
10111100001110100101001100111111
10111101000101011111111000111111
10111100001101110010011010100101
10111100111010101000111101000111
00111100110101101000001100000101
10111101010000000011010010111011
10111101000110100111011011110110
10111101000100100010011111000011
10111100011001111100101101100011
10111100100101000101100011100111
10111101101111001101011111010111
10111101001110011011011110000100
00111100100111001001000010101010
00111010000000001001101010100000
10111100110011101101100101001000
10111101100000100110001111100011
10111101001010111000011000111010
00111011110011001010111011111101
10111101110010100100010101001011
10111101011000000010011100100101
00111101001001010111000101001011
10111101001000110101101000011011
10111101010101010101101111010101
10111100100110111101101100001100
00111100111110111101001010000111
10111100110110000110111010011100
10111101100011001010100100101111
00111101000110110111110101100011
00111101100010111100011010101111
10111100100111101000100110001000
00111100101011010101101001101011
00111100000011001010010111000001
10111100101000001000000001111011
10111100010011010100011010010010
10111101011110100000110110100100
10111101000111101111101100000100
00111100100011011001111010110111
00111100101011101110111110101011
00111101101001110110000001111110
00111100110110101011000101011001
10111101001100010010100010010100
00111011000101010101111000011111
00111011110001010111000000111110
00111100110101011000010010110001
00111101100110111000010001010010
00111011001001010110110010001011
10111101000101110010101010111001
10111101100010001010010110111111
10111101100011001111011101100000
00111100001010000101011110001110
10111100010000101011111011111111
10111100100100010001011100110000
10111100101110000000110101100001
00111100011010111011010001001011
10111100001110000001111111001010
00111101001011111111111110100100
00111100010110100110000101101101
00111101100000011111010110001101
10111101001101110101001101011010
10111101100010011000100101101100
00111101001110100110011110010111
00111101000001101101001011110111
10111101000100000110011010011010
00111101010001111001000000011011
10111101001101100001111100100110
00111100101101010001000000011101
10111011001010110010100011011001
00111100001100110111100101110010
00111101100100111011011110001010
10111101000111000011111111011011
10111011100110000000010110010011
10111101000010000011101101100011
00111101000010111100100100000001
10111100100101001001000110100100
00111100111001001110101111110011
00111100011111110010110001111001
00111101000011001000100011101010
00111100010111101000010001010110
10111011000011110001010000011001
00111100001111000011000101101110
10111101000000000010111010111101
10111101100011001011001101101100
00111100111101100111011110011110
10111101110000100111111010011100
10111101100011110111101001011111
10111101101011011100001000110010
10111101010000100000011011010101
10111101110101010000000010000110
10111101101001001011110110011100
00111011100001110111101011100000
10111010010010100011111100000100
00111101000010000001111011010011
10111101100000000110000110001110
00111101011100010100011010000011
00111100111100011011011011000100
10111011011111111011100010010000
00111100111000001001100001110010
10111100101011101101101111001001
10111100000010001110110001111001
00111011010000011111010111001011
10111010101011001000110001000011
10111101000010110001010001010110
00111101100010000011001000001000
10111101000001010010011010100001
00111010100101001110011001110000
00111010001111010101110111001011
10111101000110101001111100101011
10111100100100011101100001110101
00111100110100010010110100011010
10111100111101001101001010010011
00111101010000010111100011011010
00111101011001001011110010101110
10111101001011100110111111101001
00111101000110101010000000100111
00111100110011101011011111010111
10111100100111101100000000101111
00111100011100101101101110110100
00111101100110000001100111000110
00111000100000100011010110100000
10111100111011001100100010101000
10111101000011011110001011011010
10111011111001111000011000011000
00111100111010100111000111001111
00111100100010011110100000100011
10111101001001011011110000011010
10111100100011010101110010010010
10111101011111010111110100111011
10111101101001101001000001110001
10111101100100111111001100011101
10111101011111011000111111100001
10111101001010110110101100110101
00111100100110110100110000001011
10111100100000100010001001001111
10111101000011010011000101110000
00111100100000111100111111011000
00111101001010101111100100101101
10111101001011011110010000111101
00111101000001010000110011000100
10111011111011111111001110110110
00111011100011100010101101111000
00111101000011101001001110111010
00111100001111101010101100100010
00111011111011010111000101011001
00111100000011111001111110111101
10111101101010010111101111110001
10111100011010000111110101111001
00111100110110000001111110100101
10111101100111100000110111011110
10111101000100011111110011110011
10111101001010011100010111110100
10111101001100010100111011010101
10111100010011110011111111000100
10111100111111100100011001001010
10111101101111000111100110110001
10111100100110110011001000110011
00111101000111101111101110100000
00111011101010101111100001010000
00111100111110100111110101111110
10111100000011010000110100111101
00111101100000110101010010000101
00111101001000110000100101011100
00111011100100011100010110001101
00111011101000001111001000110000
00111101100111110101000010100101
00111101000001010001001011100001
00111101011011011111101101100001
00111100001111011001001101011010
00111101100011111110101011100111
00111101110001011101001010010101
10111100110011111001010010001110
00111100111101100001000100111011
00111101100011001111111111110010
00111101010010001010001000110110
10111100110011100000001100111001
00111100101101111111011110101111
00111100011101110001010010001100
10111100011100101001100000101011
10111100100100111011011111100010
10111100100001001011100110011001
10111100101100101100101010011100
10111100111110110010000101101001
00111101001111000000010100101010
00111100110010011001100111010111
00111101101100110101100010101101
00111101010100101101111100101111
00111101101011111011110001001101
00111101101001010000110010001110
00111011111111000100111001111000
00111101100000000011100011001101
00111100111110101110111101001010
00111101000011110000111101010101
00111100010110110100101101100011
10111011110011101001111000011110
10111100101001101101110100011101
10111101100110001011111110001001
10111101100100101110000010010010
10111100100001011110111001100010
00111100100111001111011111100111
10111100101101101100011110101110
10111101010111110110100111111000
00111011111010000010111011001001
00111100101011001110100110011010
10111101101111000010011111111111
10111100001111011111010011110100
00111101000101110100111001001100
00111100000001101001011111110000
10111100111111000010110110100010
10111100010111011100000100101011
10111100001111001011011111010101
10111101000000010110110010100000
00111100111101011100110000010000
00111101010001000001011111101101
00111101000000011100011101000111
00111101100011010010011110110001
10111100111010011011010010110110
10111101001000000111011100011110
00111101100110110100001001111011
00111101010101100010011101010001
10111101001111100000111010100111
00111100110011011100010100011011
00111101010010010001101100111001
00111010101011001100100110011010
00111100010110101010111001111110
10111100101000100100110110000100
00111100100011000011100011101101
00111101011000100011101101000000
00111101001000111111011001001110
00111100101001110110111001011100
00111100110011110010101101010101
10111100011111111111011011011010
10111100010010110000101101100110
10111101000101000111111000010111
10111100110101010010101111000010
00111100001110011001010110000100
10111101000000101011010100010101
10111101000001110100000100101100
10111011111101001101101100110111
00111101011011100110000001100110
00111101011011001011001110000101
10111101101011100100000111100100
00111101001000100110110000001001
00111101011101100011011001000010
00111011010001010100100001000100
00111101100000001110010010110111
00111101001011111100110101101101
10111100000001000011100110100110
00111100100010110101101110101110
10111101010000011001101000111011
10111010010110010111100011101001
00111101010001110111100010110010
00111100111001101101101110011101
10111101011101100100000101100000
00111101000000010011110110111001
00111101001101000010101000000001
10111100011010001000011110001000
00111100001111000110010100110010
10111101011001110101110010011011
00111101001000111001000000100010
10111100001010100010111011110000
10111011111011000100100110001100
10111100001011000001001011010000
10111101011110000100100001100001
00111011001001100101001001100100
10111100110110001001111100101111
10111101111000000011110101101100
10111100111010010010010000011111
10111101000010111111100001001000
10111100101001001101100010111100
10111100101110111011110111011110
10111101101001110101110101000000
10111101100010111100011110100100
10111101010011101100101001000010
10111100000100100010110000001010
00111101010010001110100111010001
00111101000110100110110110101001
10111101000011011101001011101000
10111101000100110111011011010011
10111100100011101101101000000101
00111101011100101100101010011111
10111100110011000001010111001101
00111101010000010010000010101111
00111101000001001100101010010111
00111101001001001001101100111000
10111100110110000110010101000011
00111011101111100110110011110011
00111100101111001010010101010000
10111100101010111011101010011100
10111100100011111101101110000011
00111101000011100011001001000000
00111100001011010111011011110110
00111101001100111100010110001001
00111100101010111110111001001100
10111100110100111100001101100011
10111101000011111000101101000111
10111100011101000101110001111100
10111101001001110000101100011001
00111101101011011111001110110010
00111011101111101100101001100011
00111010100000101100110100110111
00111101000101000000111011010000
10111100011011101111001001000001
00111100110000111110101101110000
00111101001011010100001011101100
10111100111010101001101000001100
10111011000011011111111011101001
10111101100111000001011010001101
10111011010000011100111111000011
10111101000011100111110101010001
10111100010111101001010111100110
00111101010101011000101011001000
10111101100010101111010110000100
10111101000101011010100101000100
10111011010100001111111011111011
00111011111100000011100011000001
10111011100010000100001010111001
10111100111000010110110111110101
10111100110100101000000101111110
00111101000010111010000110011100
00111101100000101110011011101100
00111101110111010111001100111010
00111101110100000101101000001000
00111101000001010110101111000011
00111100101000000000000110111110
00111101101010101000001101011001
00111101100111110111010100101100
00111101111100100001111101101001
10111101101101000111011000000111
10111101010001100010001000000011
10111101100111010100011010010110
10111100011001101011101000010110
10111100110001101100100001100100
10111100110010110101101100000010
10111101001001011001100100110101
10111100100011000001000110001110
10111100110101100100101001011000
00111100100111110111011010001001
10111100101110101010111110010111
00111101000100101110011111010010
10111100111010110100111000100010
10111101010011111011111110000010
00111100100101100001101010011010
00111011101011001000111010100100
10111100001001100000010110011010
10111101011011010111101010101011
00111100111110111110000011011011
00111100001001000101011000010010
00111100101111010100100011001111
10111101100010011111011011111100
00111100111010011100001010100001
10111101000100010000011010011101
10111101010011010001011110000111
10111101000010001001110011011011
00111101010011100011010101111110
10111101001000111101111110010010
00111100000000000011001010101011
00111100111011100001100011110111
10111101000010000000001011111001
10111100111001011011111011000110
10111101001000011110110110000001
00111101001000100100010110010000
00111101001111010001110100110011
00111100110001011111011100001111
00111100001000011000010000000000
10111010101100011110011001001100
10111101101110000110011000111110
00111001110000100100011000010010
10111101011011110010110100000101
10111101001100011100010100111011
00111100100010110100110100011101
10111100111111110001010000000110
00111100000101111001011110100110
10111100110011000100100010111101
10111101001101000110000101001110
00111100101111101000110000011100
10111100011100110011010101111110
10111101011111011001100000001000
10111101100000100110001001110101
10111101000100000111110110001001
00111100110011111111100100001000
10111100110100001011011010111000
00111101111010010001000110000100
00111101101101011000011100001011
00111101011110101010011101100001
00111101101011111000100101011111
00111101100000111101001110011100
00111101110010011100111010101001
00111101011000101101111111010111
10111010001101011000011110001100
00111101011110101000101010011010
00111101000000000001110111111000
10111100111010010111010001110100
00111101010001100010001011000111
10111101001000100111110001100111
10111100100100110010011101011000
10111100101011010111000101001111
10111100011100011110010100000100
10111100000110111011110100101101
10111101001110100000011111010001
