00111101010000110010011010010000
00111100001110010001101101110110
00111010111111000010101000010100
10111100100000000001000010011111
00111101001110110010010001000100
10111100101110111110000110010000
00111101101010000011001111100101
00111100100111010111100011001101
10111101001010001111101011001011
00111101010001100100001110110100
10111100110101100111111101100100
10111100101000011011011100010011
00111100111001000001111000100000
00111100011101100101101010010110
10111101001101011110101111111011
00111101010111010010111101101110
00111100100110000101010100001010
00111101010111100011100110111011
00111011101111001110011000101101
10111100101101101101110010011110
10111100110101001110011001111001
00111100000011111001010111011010
10111011110001100011001111110000
00111010100010010011111100011100
10111101000110111001111100010001
00111100111010010001010011010001
00111011011100111000001010010100
00111101001000111110010000011010
00111100000010000110110110101111
00111100000011111001000010010001
00111001000100101011010010011011
10111011111101010010100100100010
10111100101000010100010101010010
10111100010010001100001011110101
10111101011010111000101011011011
10111100110011011011010011001010
10111101010011101001001001011010
00111101000011001001111100010111
00111100101100101101000100010110
00111101000101101110011010111010
10111100010111111001010000101001
00111100010101111100000100011000
00111101000101100100100011010011
10111101011101011000100010011111
00111101001111001011110101100000
10111010001000110110111100101111
10111100110111000111111111011110
00111100101111010101011011100000
00111101000001010111100111000101
10111101001101111000111101110110
10111011110110001001000000111100
00111011110000000101100000001111
00111011100111001011001100110111
10111100111100111100001001001011
00111101000010000100111001111000
10111101001111100011011001001010
00111101001101011110001000010010
10111100111011010010101110010100
10111010100001110010001001100000
00111100001111000000001001001100
10111100101010001001011011110011
10111011001000101010011110110011
10111100110010011011001101010010
10111100011110001110011111111001
00111101001011101101100100101101
10111100100111000001001011101000
00111101010000001000101100001011
00111101010000100010100100111011
10111011110001010011111010000100
10111101010101111001001010001110
10111100001110111101010111001000
10111101000011000000111001011000
10111101011101101001101110111001
10111101010100000011011100000001
10111011100000011101100101001110
10111101100011100001100110011101
10111101010011011010100000011100
10111100100011011111111010000001
10111100001101100010100011110001
00111101001100100011010110011000
10111010110010011011101010000110
00111101001011110110111101101000
10111100101001101011110111111101
10111101001011011000011000011011
00111100010100111101110111101101
10111100101001101010010011100011
10111100110000100011111110011001
00111101000110000010000110000010
00111101010111111111010000000000
00111100001011111000000011110001
10111101001000000110100011011110
00111100111101101010010101110101
10111101010010101000000110100010
10111100000111001011110000101111
00111100000110101010110110010010
10111101000000111101000100111101
10111101010010100111001011011011
00111100111001110101111001101011
10111011110001011110110101001000
00111101010001111101000101100001
00111101010100101111101000111111
00111010000101010001110000110110
00111100010111101011001000101010
10111100100111101110011010001000
00111101000001001111100100001011
10111100100110100010110100011110
10111101100011011110110101001111
00111100101001111101001011010011
00111011110110110111101100110111
10111100101110110110101110010010
10111100011010111001110000001001
10111100111001111000000101001010
10111011000010111010011010111100
00111100111100011110101100000110
00111100100101010101100010010000
00111100010000110111111101111100
00111100001001100001000110110111
10111101001000100101100000000001
00111101010111000000010010010100
00111011110101100101101010011001
00111100010010010010010000011110
10111011100111011101011010011010
00111101000001001010111101100001
00111100110000000000111000010100
10111100010001001010110010111001
00111100100100011000111000111011
00111101000011001111101101010101
00111011110110010110110101101101
10111101000000110001110010110110
10111100111001011001111100110110
10111101000111000010100111101100
10111101100101110101000110001000
10111100110111110010110111111011
10111101001111010101111100001000
00111100100101001010000110100001
10111101011001101001101100001011
10111101010111100000000010111010
10111101001100110100101111101001
10111101001100001010111110010000
10111101011010000001110010000011
10111101001001001010101010101110
10111101001111110011000001111101
10111011100001001110010000011110
10111100111011100110000100101000
00111100101000101000101101010010
00111101010011000101100110011000
00111101100000100111001101110010
10111100100100111001111111011010
00111100101010111100011000101000
00111101011110111011101101001101
00111100111111101001011101111101
00111010101101010110000001000000
10111100010101110110000000011110
10111100110110100111010001000100
10111011100110010110010001000100
00111101010011101101010010001101
00111100100001110010010111011000
10111011000000011000110110101100
00111101000111010001011011101110
00111100100110101111100100000100
10111101011010010111100110001111
10111100100101011111101000101011
00111101001101001110001101101000
00111101000110110110111111101100
00111000000110101100101001100110
00111101000000110011101101101101
10111100111010001010110000001111
10111011000101101110011100101101
00111101100011100010111111001010
00111100000010101001011001011001
00111100000111011110011110000000
10111101000000000111001110011110
00111100100001100111010000111001
10111100000110000010100110111100
00111011111010101110111001101001
00111101001100010001110011011011
10111011000100000100110101111111
10111101001000010100100111100110
00111101001011001101010000010001
10111100100111101011000010100001
00111100100000111101111011110000
10111100111111100110110010110011
10111100111101100010101101111100
10111100000100000010101010101001
10111101000001101010101101101010
00111100000100110010100101111011
10111101010000011100000100001110
00111100111101111101101010001111
00111100011010011101000110111100
00111101001100000001101001011101
10111100001001011011001000000101
00111101011000001011001110101011
00111100100101011100010111011100
10111100100001000010011001111101
10111101000100111101101011011010
10111011110111000000011110101100
10111101001110000110001010101001
00111100111000100010010111010010
10111101011001000011111110111010
00111100101100011101101100111001
10111101001111010010011001101001
10111100100101100111111000000100
10111101100010110110100110100011
10111101011011110111110011010000
10111100101101001100011101101000
10111101101100100011010101001011
10111101011011110000001000100000
10111101001101101111010100110001
00111101011010100011100111110111
00111101001100110110110011010000
10111100110111111000101101001110
10111100001001101001000000001110
00111101000110011101110110010010
00111101000101001000000110111110
00111100100000110111101100110010
00111100000011101100101110100101
10111100001101010001110011100101
00111101011110111110110111101000
00111010110001111100010010011010
10111100000001111011010010111101
00111101010010110111111100100110
10111101001110110000111100011001
00111011100110000111110110010001
00111011101101011101010010011100
10111100110101010010001001011011
00111100000111111000011011110100
10111100110111101110010111101010
10111011100001100010000000110100
00111100010111110101001010010000
10111100100100101110101011110110
10111100011110101111101010001000
00111101000101111100010100101110
00111101010100100000000111000001
10111100110001100011100111110011
00111100110001010001111000000101
00111100110010111011011111001100
10111100100100000011111000011101
10111101101001001010000010111011
10111100010010111110000100101110
10111100111111001110101110111010
10111100101111001100011001010111
10111101100011011110100100001010
10111101001010000001100000111101
10111100110101100110001100110011
10111100101101011111100100001110
10111100011100001000110001110001
10111100000111100001110111110101
10111101100001111110001010011101
10111011100101010011110101101101
10111100110100001010110111110100
10111101001000001111111111101000
00111100010011011110000011100011
10111101010111101011101100100000
10111011101011110111100101011100
00111101000111111000110111111000
00111101011001110001001111000111
00111101000101110100100000111011
10111011110010011100101011101001
10111100100111100111110011101110
00111101100010101010010100010010
10111101000110001111000000010101
00111100111010100010101000011001
10111011111001110010010101101011
00111001101100011001100101011000
10111100100100010000100010011101
00111101001000001101001000110001
00111101011111110100101010001110
00111100001110001100001001111101
00111100101001110010001011010100
00111100011011001001011101111100
10111100010101011011000010100000
10111100111011010000011000011111
00111011110001001011000011100101
10111101000110101011001100001100
00111101001100001011011111111000
00111100110001111001111101001000
00111011000011111001000001100101
10111100010000000001101110011101
10111101000111010110100100010001
10111101001101110000010000010110
00111100101011100100000011110001
10111101000010101100011000110101
10111101010111111000011100101111
10111100111101011101010101001110
00111100000010010111101000011100
10111100110010010100001111100011
00111100110100110001111110010100
10111101001101111111001101101110
10111100101001010011110000100001
00111101010100101010101011010100
10111101010110100101100101100011
00111011000000001111101010100101
10111100010011000000101010100001
10111100110110111000110011111111
10111101000110000001101010001011
10111101011010001100100100010011
10111101001010110010000100110111
00111101011101100011100011010111
10111100000010010000000000100100
10111100010000001100010110111010
10111011101001100111110010110001
10111101010101010010011110000000
10111101000011010000011101010010
00111100111001010100111010110001
10111100111110111101110101000111
00111101000110011001010100100100
10111100011100111110010010011110
00111100110000000111100000011101
00111011110001111100100101111101
10111100101000011010011000100111
00111100111101010001111001000001
00111100001010101001011101000100
00111101000111011100100111000000
00111011110011011100100011010001
00111101000010000100111010110100
10111011011010011110010101010000
00111100000011100101011100110001
10111101000110000100000101000111
00111101001111100010110101110100
10111100001001001110011110010110
10111100111101110111000001110011
00111100100110010011100100101111
00111001100110011110001100110110
00111100100000101101011001111000
10111100101000000111111011010000
10111100111101111110110111011101
10111010010111000011101011111001
10111011100111000011110010110010
00111100011100010000101010111011
10111100111111001100010100000010
00111101000100101110010011110100
00111100110010010000100001110100
00111100100011000011000101001100
00111100110110011001010101100101
00111101011011010101110011111110
00111101001100111001001001110000
10111101001101010011100011010101
00111100000011010011110110101100
00111100111011101111001101100101
10111011111111001100011010000101
10111100000001110110010010010001
00111100010100100110111001100101
10111100010101011000000000100101
00111100100000100000111011010010
10111100100010110110110101111101
10111100010001010001011111000010
00111100001100100101100011010110
10111010011011011101110101010111
10111100000110101111111000001001
00111011111100011100011101101000
00111011000100110110010010100010
10111101010010001000111101000010
00111101000001010111001010011001
10111100100100000110100100000100
10111100110100000011001011000110
10111100111111010010000001001000
00111101010010111001011100011010
00111011110100011110000110110011
10111100101011111111001111000100
10111100000110101000101101001110
10111001011001100000100101001010
00111100010111101000111000110010
00111101000100100111100010110000
10111011100101101010110111100101
00111101000000001000110011000100
10111101000000010010111010010001
00111100100101000011001110111001
10111100011001010000100010100010
00111100100100111111101110111111
00111100111100101000111011110110
00111100100110101011010000100110
10111101010100100111000011111000
00111010101101101010010010000100
00111101100000100110101101111010
10111100110100101100101000000111
00111101001010011000001110100101
10111011000111101000101000000110
10111100111110101011100000001010
00111100101101111010111110001110
00111100111001001010101011101010
00111101001100101100001101001100
00111101001101000111111000001100
10111100010010010111000100010001
00111011001111000101000100000010
10111101010100111010101011100010
00111100001010001001101100110001
10111010111100001010110010000010
00111100011001010100100000111011
00111100110011110010111101011100
10111101000110100111110110111011
00111101000111010011101100111000
00111100110110000001110011001101
10111101000011100110110100111101
10111011000011010101110101011011
00111100111010110111011000101010
10111101001100101001101111011001
10111011110000001000001101100100
10111101100001110010111110000000
10111101001101111011011010110011
10111100100011001100010111110001
10111100110110000100100100110010
10111101100111000111101000111001
10111100011010010111001101101110
10111101001011010100110010101101
10111101100010111010011010110101
10111100110110101000010010000011
10111100100110011100000110001000
00111100010110001010101101010110
00111100100101111001101100101111
10111100111011010001010101001111
00111101010110010110001000100001
10111100100000100100001010100001
10111101011010000101000000010000
00111100111001001111111001011010
00111100010001101111011110010001
10111101000000011010000111100110
00111011101111010011111000100111
10111010110110001001011000111100
00111100000001001000111000011010
10111100110100100101111110001101
10111100101000000010000100001111
10111100111010101010110001101011
10111100100000100000110101101010
00111011100101000110000011110000
00111100001001101001000101011000
00111101000010101101000101100001
10111101001010100011111101011010
00111100011010000110110101100111
10111100101110110100001101110101
00111100011010111000000101001011
00111101010000000010001010001010
00111100010001111000000101001101
00111100100001110101110010000010
10111100110010111110000001011010
00111101010010110110110101000000
10111000011001010011011100010100
00111101001111001001111001110100
00111010111101100110010000001011
10111101001000010011000011101010
00111101001111001111100111001110
00111100000110010011001100100100
10111101001110111111110111010011
10111010011010000001000011010011
10111100001011111001011110101011
00111101000111100101101101001100
00111011000010110010100011110101
10111100101011111101101110010011
00111100111001111000011001111111
00111100010001101111110110101010
00111001111110001000001011101010
00111100100000110111001000111001
10111100111100111101000001000010
00111101001111110001010000100101
00111100111101110111001001001101
00111100100001010110111111011101
10111100000111010110101111001111
00111100111000010101001001110110
10111101001010001000001100101110
10111101000100100010100010101001
10111101011100100011100011000110
10111101000011111100110111001001
10111101101000110010001110110100
00111011100011101100101001010001
00111100110110011010001001101001
00111100101000111100111010010010
10111101010001101011100110100011
10111100111100000100010001101001
10111101101000001101011111001011
00111011001010010000001111000110
10111101001010101001011010101001
10111011111001110001010000110110
00111101000000101000110110001010
00110111000111110011000111010110
00111101000100001101000111000100
10111100100110001100100011110101
00111101001100000110101111111100
00111101001001011101110000010000
00111100001111011011111010110111
00111100100101101000110001001110
10111011011000101010000010100001
10111011010001100101111001000100
10111101000100010010100111100100
10111101001001000001000101111100
00111100111010000100011100011100
10111100001000011000101100011101
00111011001101101011010000110101
10111101001011101011001111011110
10111100001010011011110111010101
10111101010011100100101100100111
00111100000110101101110011111010
00111101010010001100100001010101
10111101010110110110000001110010
10111101010010111101010111111011
10111101000011000100001011111100
10111100111011111011000010011010
10111011100001001111110011101001
10111100100011100100111000101100
10111101001011101011000111011001
00111101000011101000010001000110
00111100111001010001111010101101
00111100101110001010011010100100
10111011100000000111000111000011
00111100010110110001110100111101
00111100101110000101001011000000
10111101011110110010101101101010
10111100110000111000010011100000
00111100101111100111000101110000
10111101000011011110000110111010
10111101001101100111001000110110
00111100000001011110001101000110
10111100011110001001010100011000
10111100101101000011100101110111
10111100111111110000000010010001
00111101001001010111000001101111
10111100000000000110111110111101
00111101000011000101100110100010
10111100110000011110010011110101
10111101000010010011001000010111
00111011110101100010101000000010
10111101001100101101001001001011
10111100100101001111101010111011
00111101000101010010011111100111
00111100100100100000000001110101
10111101011010010110100011001110
10111011011011110000111001010011
00111100110000111000011000110010
00111100110111101100001101010011
00111101000111111001011011010000
00111100011010110111100100010010
10111100001111001111100111110000
00111100001011000000010111101111
00111101001100111011101101000001
00111101100011110110100100101000
00111100101010111000101001010010
10111011001000011100011011011001
00111101001011111100010100111010
10111100110010000100010010011001
10111011111110011100111001101000
00111101100000110101101110111010
00111100010110000010010001000101
00111100100111100101111100110100
10111101001001110011000000000001
10111101001111001100000001010010
00111011110011001000011010011100
10111101001011001000000011010100
00111011000010111100101001001001
10111100000101100110101001010110
00111100100011011011011000001100
00111100100001001100101110101010
00111101000001101010110101111010
00111101000111011010001001100101
00111101011011001100011001111111
10111101000110011111100011000011
10111100010010001000001010101010
10111100110100110100110000110101
00111100010011100010000001111101
10111100100010101010000100101110
00111011111000101111001110000100
00111100100111001101010111101010
00111100011011100010111110110110
00111101000000000100100001111011
00111100111111111110110000111000
00111100110111101000000100111011
10111100110110110011011001101011
00111100100100001011000100100110
00111100111011001010011000100110
10111100111100001101010000001011
00111101000000101001000101101110
10111101000000010000111110001000
00111011110010000111110100000101
00111010111011111101111111010100
00111101010011000000110110001110
00111100101010010111000111000001
10111100110110111111011001011001
00111101010000101100100001001100
00111101001110001011001010110100
10111100001001100001100101101110
00111100110101001000110110111011
00111100000111000011011000011011
00111101011001100111000110010010
10111011110010110010000011101000
10111011100101111001100001111110
10111101000111110000000000011100
00111011100111100011011101100001
10111100011101110111111110011101
00111100100110000111101011011000
00111101000001110000010100000100
00111100110111110100011011110011
00111100100000100100101000001000
00111100001111101011010100111011
00111011100000010001110101111100
00111101100010101100011001101001
00111100110111011010101110001110
00111101000001111101011100111111
00111011100001000101111011110110
00111011111000011001110110000110
00111101001110110110010000101110
00111011111111010101001111011010
00111101100011100010011110100100
10111011111010000100110110010101
10111011110110001001110100011000
00111101000011001010110110110100
00111101001110110011010010001010
10111101001011110000011010001100
10111100111111010011011111100101
10111101010111001010001110110000
00111100100100110101101101001100
10111101010110001000011100110101
10111100001010001011101000111101
00111100001010010110001100111101
10111010100010000001001001110010
00111100100100111110100110000110
10111100001010111010011111110110
00111101001001001100100101101111
00111100101111110010100101111111
10111100110111001110100011110001
10111101000000001010010110000111
00111100101010110000000001010001
10111100010001110101001011011001
10111011101011000000101000111100
00111101010101111010000000001011
00111100111000011101110000011101
00111100101001010110000001011001
10111101010111111111011100011100
10111011100001101001011001101100
10111100101100110100111001011111
00111100010111011001010100111110
00111101100100011110110011000001
00111101100010101110111101001010
10111101001110010100000100101000
10111101000001101000101101100010
00111100101111010111001100000010
00111100001101010110100110110101
00111101011000110100000111001011
10111011000011111111011011000000
10111011110011111000100010110110
10111010111001110001010111001100
10111100110111101011011101000100
10111101001001001100110001110000
00111100110000110001101101101010
10111101010100101111101001011100
10111101001001011010110001011100
10111100100111011000001011101101
00111101001110011101010000101011
00111011101100111110100011110000
00111100001101000001010101001100
10111100111001010001111000111111
00111101001011001011100100010101
00111100001001111100110110111001
10111100101001000110000010001011
10111101011100011001000101010011
10111011101101101001100000111001
00111100110111100010000001000011
10111100001000001000001011000000
00111100110000111111100000010010
10111011111001100001011101010000
10111101110000001101110111010011
00111101000000101110011111001111
00111011010111010111011111110111
10111100110100000011100000100011
10111011110010011110101011011101
00111100110000101010101101110111
10111011101011111001000010111101
00111100110100011110101010110010
00111011110001110111111101010011
00111100100111010101101000101010
10111010110001000011011111111011
10111101000110111011111001101010
10111100000010000011110000110001
00111101000100000001011010010001
10111101011010110010101100000111
10111011010000111011110011111011
10111101000011001011101101101011
10111100111101011110000010110011
00111100010111011000011011001001
00111101000100010001010100000110
10111101010010111010111110101011
10111100011110010001001110000101
00111100100001010110000110100100
00111011011011000010000011011111
10111101001101001111000000010110
00111100101000001101100010001011
00111100001000011010001111011101
00111100011010000011111011000111
10111100110000110011011010110010
10111101010110010001010000011111
10111100000101100100110010111010
10111011111111000101100101000110
00111101100010011001110110101011
00111100100011100011001011010010
10111100111100111011111101011101
10111101001001000101100001110100
00111011110001111101111001100011
00111100011110100011011111111000
10111100000100110010110101111110
00111100100011110101001111000101
10111100101101010011000100011101
00111100110000101110110011011111
10111100110101011111001000010010
00111100010101000000111101100110
00111100001001010100101101000111
10111100101000101101011100001011
00111101011010001000101011101001
10111101000101001000000001001111
00111100101101000100010010100011
00111100000010010100000000110100
10111100110110000000111011000000
00111101100001101000001001100010
10111100010001011010111001111000
00111100111011000001001100111110
00111100001110101111011110110110
00111101100011010100010010110101
00111010011101000110000011010000
00111101001100001111111000101000
00111101001011001000101000000110
00111100111010011101100100011000
00111100100101101110100000010010
10111100111001001010100010100011
10111100100101110010000111011010
10111011000100100010110100010111
10111101011001001000001110000111
10111101101010111010000010010010
10111100100101011101000101010110
00111011001001111110101001100101
00111100010111011001011101010101
10111100011010011101111110011011
00111101001010110001011101000110
00111101010000010101001111000001
10111101000001100100001010000100
10111100010010110011100010111100
00111100001011000101001011000010
10111101100100011110010111101001
00111100101111101101000011011110
00111101010100011111000110110110
00111100100110001110001101110000
10111100110110001000010110110010
00111101001110000000010100010110
10111101010001000011101101000100
00111101010011010001100011000101
10111101001010100010110001111001
10111100110101111110011101110100
10111011010111000010001000100000
00111100110110010010000100000101
10111101011101011101101001101001
00111011100010011011111100101000
10111011011110010110000100011001
00111010001011010010110100001000
10111100101100101100000111110000
00111011111011011001110101101001
10111100110010010111001111100111
00111011001110101110110010000000
00111101010011100011000101010001
10111100001110011101001111010001
10111101001101010111101010011011
10111101011000101001010011010110
10111100101001000001011001101100
00111100010000110101101111001101
00111100100101110110111011110000
00111101000110101101100000100110
00111011000111110111011101010000
10111100110001000011010100100000
00111101001101100100111011010101
00111100100000111011000100101111
00111101000111001100100111000000
10111010100101001111011111101010
10111010100100000100011000101100
00111100000111001111111100000000
00111100010010101001010010111001
10111101000100101110011101000100
00111100100110111000101101101001
00111100000011110111010110101110
00111101001000110011100000000001
00111101010000010101101101100100
10111101000010001101001110111000
00111100110000000111001101100110
00111100011010101100101001001110
10111101001101000001111010101100
00111011100110010100011001000001
10111101000011010101001011111000
10111101000000101011000110011011
10111010111000011100110111010110
10111100101000100011111100110000
00111100110101111010001101100110
00111100011000001101011001101111
00111101100000000110010101100100
10111011100000001110010011110111
00111101000011001011110110001101
10111100101010010100011001000000
00111100110110110100000011111111
00111100100101000110100010111101
00111101011111010011001001011001
10111101000001010101111101101000
10111100100010000111000000001111
00111011111001101111101000101001
00111100110100000000110010010101
10111101000000110010100001111101
00111101000011001010011011111011
10111101000010100110010000011101
10111100110000011011010010011010
00111101001001101010111111011110
10111011001101111100000110110101
00111101000000011010100101000001
00111100001010101000101000011010
10111100011001101001111100011010
00111100000011110110010111001000
00111100011000000000011010010100
00111101000100010110011100010011
00111100111001100110101000110101
00111101010001110010111111111101
00111100010001010101000001111100
10111011001110000111100000100000
00111011000000010011011010001111
10111100010110111001110000110100
00111101000010011010111110011001
10111100111001111011111011100111
10111101010001010001000010110000
00111101000101010101010101100011
00111101011101110010110010011011
00111010100010111011010101000010
00111101011111001101110101000111
10111100111111010101111100001110
10111100011000001100001101111110
00111101100100110001011000010100
00111100101110100010100010000001
00111101000111010000110111000111
00111100000011110011100100110111
00111101100100001100011111101010
00111100101011111001001010100010
10111011010011001001000110100101
00111101011001010010100010010011
10111011100010001100110001101001
00111100110010011110000101110111
00111100001101110101111001101011
00111011011011000101001111100011
00111101001111011000000111011001
10111101000011111110011111010001
00111101010111110100010010011001
10111011111110000011101111100101
00111100111000101001000111011110
00111100101110101001010000001111
00111100100011001011000001001001
00111101100101011011110111111010
10111100100111100101110100101010
00111101010001100001010011101001
00111100110111101011101100011001
10111101011001001100001010111010
00111100111101101001000000000110
00111100010111100010000010000011
00111100000001100001100010000000
00111100100101101000111101101010
00111011101111111111001101001001
10111100000100101101000001101101
10111100011101110100011110111111
00111100101100011011101110101000
10111101000001011101010111110101
10111101011111010100110010000110
10111101010011010001000000000110
10111101101101111000110001100100
10111100110111010010010010100111
10111100100111101000111001110111
10111101101011000010100101010010
10111100000000010011110010100000
10111101001100100001111011000010
10111101100011111110110101000100
00111101000111010100101100110011
10111011111110011000001001010111
10111101000100010010000111000001
10111100111011010000111100111100
10111101001000110000110010001100
10111101100000110110011110101010
10111011100010111011101010000101
10111100101111011011100010011110
10111100011001100101001110000010
00111100111011101010011001000010
00111101000111011100100011100111
00111100111110010111010010101001
00111101010010011001101101110000
00111100110101001000010100100011
10111011111010111001111111011010
10111100111110011011110101001110
10111100010101010000101101100000
00111101010110011111111010010011
00111100110110100100101111011101
00111100101100100010111011110000
00111101000111111110000011000101
00111100100010010101011010111111
00111101011010101000101001000011
00111100101101010111110011100001
00111100011110000111100111100100
00111011001000001001111110011001
00111100010111011001111110111000
10111101010101100000110111001110
10111100100111110101100000100000
10111101000101010100111110000110
00111011101101101100011001000111
00111011101111111000000110000110
00111011111110001101100101110100
00111011101100000100111001001101
10111100100100100010101110011001
10111100101110001010101111011111
10111101001000011001100011110101
00111101000010000001000111001000
00111100100001100100100011100001
10111100111100000011110001011100
10111100101101101110000100010001
10111101100110101101101010100010
10111101000111011110001101011111
10111100100110011010110001000010
10111100100000010011100111111100
10111101100100011101101010111011
10111101010101100000111110100000
10111101101000110110001101111100
10111101100110111010000110110111
10111100110010111110100100011011
10111101000001101110110111010010
10111101010011101110010010101100
00111101001001011111001011100010
10111101010110001011001101101101
10111101010110100001010111010000
00111100101110011111010100000001
00111100000001111111110110111110
00111100000110010101001011110100
10111011110011111101011001001000
10111101000110101010100111101000
10111101000001101001110010000001
00111100101100101101000001111111
00111011000001111001100000010101
10111011101011101000000111101011
00111011011011000001010000111100
10111100110100110100101101011101
00111101010000000110011010010100
10111101010101101010100001001100
00111011110001100010111100101111
10111101001001100100001111001010
10111011101000101001101011011101
00111011000000001110101111001001
00111100110011101100100001110101
00111101000000111011111101101100
10111001000100100011010101000100
10111100001100100011001100001001
00111011100111111010000101100001
00111101001011101001010010010011
10111100101001000110110010000111
10111011111001000101011101110000
00111101000011111100000001010011
10111101100011011110110111001011
10111011101001011001001001000000
00111100101001011100101001100011
00111101000011011010101001101011
00111100010010101111010100111100
10111101000100011100101011010111
00111101010010100111110100101101
00111100100100100111111011100010
00111100110010000100000101111110
00111101001100011001010011110000
00111011110001100000101100101100
10111100111111010011000111100101
10111100100100011111110000100100
10111011011100110010110001000110
00111011100000000100101110110101
10111100111011001100110000101100
00111101000101010100010000000011
00111100101001110110000101110001
10111011110000110101111001100010
00111101000011000101000011001000
00111101000000011011001001110010
10111100101111011010100011101111
00111100111101000011001111111100
00111101100100111100110010111010
00111100011110100001100101111011
10111101001011011000001100111000
00111100011011011101101000010100
10111100100010100100010001001101
10111100100100010111001110111010
10111011100101010101111001000100
00111100100110001001011110101100
10111011110001110001111101010010
10111101011010111101010100010110
00111101001101100111000100000110
00111011111111000110001000111100
10111100111100101110111001000001
10111100010001110110111001000011
10111100110111101111001110110101
00111100100110010000001000000011
00111100100001001011011110010110
00111100001111110111010011111000
00111100011101101010010001010110
00111100110101010101000101101101
00111101000101001011110011110000
00111100110110000101000110100110
00111011001001100001001100010101
00111100110010011111000111100110
10111011000101010100101000000101
10111100111111100000010110101010
10111100111011110100000010111010
10111101010101000101010000101101
10111100100011100001101110011001
10111101010011101110110111100111
10111100010000101111110010100101
10111101010000110111101001000001
00111100100011111110111111111000
00111100100000111111010101110011
00111100111100000000100001101000
00111101001101011011011110000000
10111011101100010100011001111111
00111101010100010100011011110101
10111100100011101111110000010110
10111100110000100001010110001001
10111100000001101010000000110110
10111100011000001001100111111010
10111011000001101000101001001111
00111011111010001000011111000010
10111011110011000100100000001100
10111101000101000000101011110100
00111101011011101011101001001001
00111100110111010001000001111000
00111100011010100000111001101000
00111101100000110001011110001001
10111100110010001110001111011110
00111010110011000100001100000001
10111000100011100100111010100010
10111100010100010100111000001001
00111100111000001001110000000011
00111101000001001100101000000011
00111011111110101010011110110100
00111100001100101010101101100011
10111101100000000011111101111010
10111101010010000010011110000100
00111100101111101111101111001110
00111100101101110010100100101000
00111011000100010100000101001011
10111011111100000101000101010001
00111100110011110110010101101010
10111011101010010001001001000101
00111011110100001110111111111011
10111011110010010110011011000000
10111011101100000010110101100000
00111101011011010100100011111111
00111011010011001000110001001011
00111101011011000100010110110001
10111100100011111110010101100111
00111101000110111001101011110001
10111100101111111001001111010110
00111100101001001001001110100011
10111010010011100011100001110101
10111100011011000111100110011100
00111101010110101001010111110100
10111101001101010100011000110010
10111010001011101001010001010100
00111101000101001010001011000111
00111011101010001110111110011101
00111100110010101100110111111011
00111101000000001000011010010000
00111101011100100101101100010010
00111100010001100100110011101010
00111100110000001101100001001100
00111011101001101001000100101001
00111100000000010010000111001000
00111100001001100110000101111110
10111100011110111010011100101110
00111011101100111011101100010011
00111101000111000100111000011011
10111100011111011100001110101010
00111100111010001111010011110111
10111011001110111010100111101101
10111101000101101001100000101000
10111100101110010011001011111000
00111010100100101001110011001100
00111100010011110001100010111110
10111100111011000010011100000000
10111011111111001111111011111110
00111100011000010111011111101011
00111100111100001111110001100000
10111011100010100100110111010000
00111101001100011001110110101101
10111101011001111001011010110100
10111101000100111000010011110100
10111101000011001000111110010011
10111100111000011000111101110000
10111100101001100111101001000110
00111101010111101001001110111100
10111100110101001111010101101101
00111101000010100000110011101010
00111101000101001011101110111110
00111100100100010101110101110001
10111011001011101010000111101010
10111101000001011000001111000010
00111100100110111101101010001111
10111101001101101011111100010110
00111100111101101001100001011000
00111100001011100000100011000010
10111100001110100001111001011011
00111100100001011100111001011001
00111100100111110111010010100101
00111100101000111010011101001111
10111100010010101010100111101010
10111100011000010110010110001000
10111101011111110000000010101000
00111101101011111001010011001110
00111101100111011100010000101100
00111100110110110001010111111011
00111100111010000110001101011100
00111101011111101000110101100000
10111011100000000100110110011010
00111101001100110011111010011111
10111100100011010000111001110011
00111100101000111011000101111001
00111101000111011010101001001110
00111100111000110011110010100001
00111100000100101011001011011110
10111101010101011000001111001110
00111101001101010000011111100010
00111101001101010101010100010001
00111100100111000110011010011110
00111100101000010111000001111100
00111100100011101000010111010011
00111101000001110010001011101111
00111010011000100101111110011101
00111101001000000000110001001111
00111101010001000110010100110000
00111101000100101101111001001100
00111101001000011000001100111001
00111101000001100011110100110111
00111100111100110000011000111110
00111011101100110100100000010110
00111100101010110010000011000101
00111101011111111101000001011001
00111101000000101101010110100100
00111101001110110101100100001100
00111101001001000110000001111010
10111100000100000111010101101111
00111100010100111000011111101111
10111100100010101010101110101000
10111101010000000001111011010111
00111101010010010001110001001000
00111100001111011110011101010000
00111011001110010101111010000110
10111100100100010100010011011110
10111100010000110100011001111010
10111101000100000011011111001000
00111100100010100110100101010011
10111100010010011001101111111011
10111101000010100010100010111110
00111101001110001101111001100110
00111100001000001010011101000011
10111100001001101100001101001111
00111101001000011110110000011101
10111011111000110010111110000010
00111101100000110001100110001010
00111101010001101110100000011010
00111100010000001000011100011010
00111100101111100100101011000111
10111100101111111110101101111010
00111100101111001000011010101000
00111011111110001011100101101111
00111011100101001000100101101001
00111101011111011101011111011101
10111011100011001010101100011010
00111100001010011011110101101100
10111101001000010110100001001101
10111100111011101000100010010001
00111101100011001110011110101010
10111101000000011000011011110000
00111011110010010010001111100001
00111011111110110101111101100010
10111010100001101101111101001100
00111011010011000101000010111110
10111101011000010110001100100010
00111011000011101111101101001011
00111101010010111101110001010011
10111010100000001110101111101011
00111101001001001111100100110010
00111101000001000010111000001110
10111100100100111101001110011101
10111100110001101100100111011100
00111101010000011100001111101111
10111100000100001001010100001111
10111100001000011000100000010111
10111100101010011010010000101010
00111100001000101001011000001001
10111101001011101011000100111000
10111100100000100100100011010001
10111100101101001011100101100100
10111100110000010111010010011100
10111101000001000100111101110001
00111100010110000100000011110100
00111101000101001001111010011000
00111011110011100111101101100010
00111101010001010000100111101111
10111100100010001111001001111001
10111100001100001010100000010011
10111101011010110000010000000001
10111100010110100011110011111111
00111100101110001110000110011101
00111011100010110111001110000111
00111100100111111110100011000010
00111101001010011110111110010111
10111100000011110110110100111101
10111011100111010001111110000001
00111011100010111100011000011000
10111100011110111000101101000010
00111101001001001111110000011000
10111100000101011011100110011011
10111011000001100111000110100010
00111011111010101100011100010111
10111101010011010001011000010010
00111101011111011010111011001101
10111101000101010111000000010011
10111101000111001001100000100000
00111101011010010000010010011111
10111100110011100011101000010110
00111101001011110101001010100001
00111010110010100100010110000101
00111101000011110010000111000101
00111100111110101010110010010011
10111100000101000110011010011100
00111100000000011011001110010111
10111100010101101111111110111110
00111100100001101011001011101110
00111011100011000101110010000100
00111100110110010110000010001000
10111101011000110010100110100011
00111100100110011100010011101010
10111100010001111100101100000011
10111101000000011111001110110100
10111100010110111011101010000000
10111011101011100001111001100101
00111101000011110011111011100110
00111100001011000101011111011101
00111101000111011011010100010110
00111101001011100100011000110101
10111100010001000100111110110001
10111100010001011011100110010111
10111101000000000100001111000010
00111011111111111010000110001111
00111101001010101010011101001110
10111100110001010110000111000111
00111100101101000010101101101110
10111010100111010101101000111001
00111101010001001011001010111100
00111011100100110100010111011100
10111100101101100000101100011000
10111100110100010010100101101111
10111101010000100010000000101010
00111100000111010101110101101011
00111100011011000001100000010110
10111101010000110110100100110001
10111101000101111100000110111001
00111000101101011110010000101110
10111100110110110001111110101111
00111100101000100100001011111110
10111101100000001101101011111001
10111100001100101110110001101111
10111100110111111001000011001000
10111100110011000111010000110010
10111101000110110101000100111111
00111101010111000011000100110010
00111100100110001011000111001000
00111100110100101010101010010010
00111100100111000001000101000110
00111101000011000111110111010010
10111011100101101101111001110010
10111101010100100000001101111101
00111100110111110100001011110100
10111100000000011001011110011010
10111101001010000001111101011110
10111100100110100100100111111001
10111100010001101010010000111111
10111100010110111000101000110001
10111101000010101010110101001000
10111100011100101111000111010100
10111101001101101110110110011101
00111100101010001001000001000001
10111101001010111000100001011101
00111101001000101100000100001000
10111101011111111101111010110100
10111101011001110010011010101001
00111100110101010111111100111100
10111011101000100100101110001001
10111100111101101010100110111000
10111100101111110110010101001010
00111101010100110010000110010010
10111100110010001100010011110111
10111101011100111010110011011111
00111101010001111010011000111001
10111101001010010010010100100000
10111101001000101110111011010110
10111101000100110001111000110011
10111100111000110010000111011110
10111100100100001111100001011010
10111010101111101110101000001110
00111100110101100000100100011000
00111101000110010010000110001111
00111011100001001001110000110111
10111101001100011101010001110100
10111100000000000111101110110011
00111101011111000100110100001001
00111101001001011010000101000010
10111101000110011000111101101101
00111011110111101011110001111110
00111101000111101111011000100001
10111100100100100001000101111001
00111101010101000101011110111101
00111100101001101000110000110111
10111100101010111101011011111101
00111011110101010100000010001011
10111100110100100110001011111111
00111101011111001010101111101000
00111101000010011000111100110001
00111101011010100010111101011111
00111100100110111000000011001111
00111101100010010000110001110011
00111101100111000111110010111110
00111101001010100001000110011110
00111100100000011110101000111010
10111011111111011111110110100100
10111101000110111111100001101101
00111100100011110000001101011010
10111100000101110010111110101011
10111100110001101001000010100010
10111100101000100110010000111110
00111100010100001011010101110011
00111001100010111100101011000000
10111100111010000101100111100111
10111101001111110011011101001110
10111100010011101111101100011000
00111100111001110001001100001011
10111100100111100010001100110111
10111011110010001110011100100101
10111100011110010000110011110100
10111001101001110010101010011100
10111101000101110101010111100010
10111011011000100001111010110001
10111100100011010100001010001111
00111100010011001001111100001111
00111011111110000001001111110000
00111100111110010011000000011111
00111100110010000010101111101010
10111100111000010111100001101110
00111101000110011011110100011000
00111011101011110111010011010001
00111011111111101101111100111000
00111100110100100001000100011101
10111010000011011010110001011101
00111100001001001110001000100101
10111100011100110000001100100110
10111100111100010001011110110101
00111100010000100110101001100010
00111100111101010010100101011100
00111101000100100001101100011111
00111100101011101000000110100110
00111011111101010001010001101011
00111011010101000001010000001010
00111100100000011101100111100010
00111100100000001001000101111001
00111101000010011000101110111011
10111011101001100101101001000011
10111100001111000011001100110100
00111101000100101001110011001001
00111100101100000110100010111001
10111100000101111010010100111000
00111011011000110110011111011000
00111101011100001111011001001011
10111101011000011111101011100010
00111100111110111100000011111110
00111100110110000101001111101111
00111100110000010111011100010101
10111100010111011001011000101010
10111101100000000001100010101001
00111101011100110010000100000001
00111100000111100101111111111011
00111000111111001111010000111010
10111011001100101110010011001000
00111101000001101111111001100101
00111101001010011100101111111010
00111101010011011100010101011100
10111011110000010111101110010100
10111000011110100100010011000111
00111100011001101101001000010000
00111110010000001000111111111011
00111101011011101001010010011001
00111101011001100111101011000011
00111101101100010011101111101001
10111010101111111000001100000111
00111100110110010000111101100100
00111101000000011001100001111111
10111101001110010101100001000101
00111101010100001101101100100011
00111101000011100110000011000010
10111011110100010101000011010100
00111011010111011111011101100110
10111011101000111001001100010101
10111101000010000011001101100001
10111100110111010001111010101000
00111100110000001111011100110010
00111101010111100001000010100000
10111100011010100011110101100011
10111001101101110000111000111001
10111100011011100010111000001100
00111100001101010110011100100101
00111100101011010100000100000101
00111101001101001111101111111000
00111010110100110110110011101100
10111101010001111001001110100110
00111011100101010101001010001010
10111100111010101101101000001101
00111011101100001110110000100001
00111101000111010100010011000010
10111100100111101010100000010100
00111100101110101011101110011100
00111101001101001110000011010010
10111101010110110111011101111000
10111100110010101100100011111011
10111100110100101001110101010000
00111101110000101010110011100100
10111100011011110110010101000100
10111100110001101011000100111000
00111100100101000001000100001011
10111011101100010010101000100111
00111101100100000011111110111000
00111101101010010010010110111001
00111010110110110011110101010011
10111101000011110111110111010011
00111101010001000001111011011111
10111100010000010000000110011010
00111101001010110001111011100011
10111000000000001010001001111010
00111100100111101100000010011011
10111101010000001101001111111111
00111100100010010011101110000111
10111011111000010100000111100001
00111101010010101011011100100100
00111101000110110111000110000110
00111100110100001000011100000001
00111101010001010000010101000110
00111100001011111001000010111101
00111101101011001101110100010100
10111100100110011010101011001110
00111100101110000100001100011101
10111000011001011101001111111100
00111100000111111001001100111010
00111011110011100000010101101001
10111100110110100001000110011000
10111100100101110100110100110000
00111100100010100100111110011001
10111100011101111101010101010100
10111101000111100001001111110111
10111011011101111010110010011011
00111101000101110110001000111001
10111011111000010010000000000011
10111100001110110101011111010100
00111100101000001001000100010110
10111010011010011000001001111110
10111101010110111011101100000011
00111100000011010000001101100011
10111100010101001000110100001111
10111100100011101100111111100110
10111100101000001111001100110010
00111101001111110101100101111110
00111100101111001000110010101110
00111100111000011100001101101001
00111100001001101101001111100101
10111101000111101100101010110101
00111100101101111111110101111011
00111101011000111101100001001111
00111011001000100100010001001011
10111101000101101011101000111011
10111100110001001001100100010100
10111011111000010100111100001111
10111101001001100001010010000111
10111100001101000011111111111101
10111100100001110111010010000011
00111101011100111010110010001100
00111100100000010010110111101110
10111101001100101011000101101101
00111100100100010000100101000111
00111101010001101011101011100010
10111101000011000001110010111001
10111101011100001100111110000101
00111101001010011010111100010010
00111100010011010011100111111110
10111101000110010100110011111001
00111101001100100101111101101101
10111100010110110101100011011000
10111100000110010001011000000111
00111101100001011111101011000001
10111100101001011000100000110011
00111011101011011101110110110101
10111100011110010001110110010100
00111100100110001011010000010101
10111011100100101001110101111101
00111100100110011011010110001100
10111101000010100010011101110001
10111101001000000010101100010001
00111101110100110000011011110110
00111101111000011110100101000011
10111011101110000010110111100100
00111101110010010101000100010100
00111100000101111010000100010010
00111101101001101000111100000101
00111101101000011110000000101101
10111100011100000111110110100111
00111100011111110000100100011110
00111010100001111011011011100111
10111100110101010000110010010110
10111011111011111110011010110100
00111100111111001101001111001101
00111101100000100001001010011100
00111101000000100001000111000000
10111100011000000011100000010100
00111101001010011000110011001100
00111011011001100011110011000011
00111101000111011010001111100110
00111100001111100010111100100000
00111101010010110011001010110010
00111010100001111110010000110010
10111100101001101011111001001111
00111100111100101111100010101110
10111010101100010010101001011101
00111101011001100101000011101101
00111101000000000101011100111010
00111100010110100110100100001011
10111101011000101011000101000000
10111101011110010001000100011101
00111101001000101010111000010110
10111100110101100101010111011110
00111100010000111110100000001001
10111100101001111001011000001111
10111101101011101010111001010011
10111101010110101010111110000101
00111100100111011111010000011101
00111001000000000111011111010110
00111100001010011110000010110110
10111100101000101110000111111011
00111100001111000000100100000010
00111101000010111000010001001101
00111100111100010100000011001101
10111100110100001111010110101011
10111100001111110010010010110110
10111100111111010011100000100110
10111011111101001110111011000001
00111100011100100001110000101111
10111101001011101011010011000011
10111100111101000010000000100000
10111100101011001010000110011001
00111011101010110100011100010110
10111101010110110111100010110010
10111101100001100010111111001110
00111100110111010011111000001011
10111100011100011000110111011001
10111100111001111010111011111110
10111101011100000011000000110100
00111100111111010100011010001111
10111100010001011011001111010111
10111100010010011100001100101111
10111100011000000011001011010111
00111101010010101011011000001101
10111011000111111001110101011001
00111100100110110001100010100000
00111100100010101100100011111111
00111100100001011001000011010111
00111010100001000000101100000001
00111100100110101001001111010010
00111100100010110111100111101110
10111100101111100100010100010010
00111101011001111010001001000000
10111101100001000000101001110101
10111010111101010010011001101001
10111100011011110100101001111000
10111100000001011100100001110010
00111100100011111111111111010011
00111100110010001011001000100111
10111100101000001011110011010100
10111100111011010110101011101110
10111100111010101011101011111101
10111011000011011010001000101100
00111101011000010011100111000100
00111100110001100011111010101010
00111100010101001010110101011100
10111100110010101110000101000010
00111101010101111011010000001000
00111101011111001110001011001111
10111100111110010001100001001011
00111101100100000001011000000001
10111101000101110101101101111110
10111101100111111011001001100000
00111101011011010101000000001000
10111101000010100000111000001111
10111100101110000100111011110001
00111100110001010110111110100111
10111101011001101101001110001000
10111101000000101101011001000011
00111101010010011000100010011101
00111101100110010000110111100100
00111011000110000010101010111011
10111100101101001111010000111000
10111100000001110110001010010110
00111100011111000001001100100100
00111100011001010011111110110001
10111101000010001011111111011001
10111101000000110100000100010001
00111011111010101010001101010001
00111100101000111101010100101001
00111100101000100011100100110111
00111100011110111011000100010101
00111101010010101011101001101001
10111100011111011110101010101011
00111100101111111011010010111010
00111100110001101001010101001010
10111101001001101111111000000011
10111100110010011110011000000001
10111100001000001101001100111011
10111101001001100011000111110111
00111011110101100010011101110101
00111101000011110010111111101101
00111011111110111111101100001100
00111101000100100100100010111010
10111100111011010101001011101111
10111101011000000001011111101101
10111100100100100011000000110001
10111100010111111010001011101100
10111100101001010111110001011000
10111101100010111101100011111010
10111100110101110000101100001001
10111101000101110010000010111111
10111101100000001011001001110110
10111101000011101011101010011001
10111101010100101001111101010101
10111101010011010101101110010001
00111100111111101110110100010000
10111101000010100011110110101110
10111101010111000001110010100000
00111100000010010111110011010110
10111101000111111100000010010111
10111100010000110010110111000100
10111011110011011001101110001100
10111101000000101010010000000100
10111011000010010011010100010001
10111100001101010110010010101101
10111011001101011110001000000110
00111011111110101111000111110011
00111101001001011110011000101011
10111100101100110100011111011000
00111101001000110110001011000011
00111100111111111100111011111110
00111100110110000111010000001110
10111011000000101011110001100010
10111011111101100011011110100011
00111101001000100001001001000101
10111101010110010011100100000001
00111011100110110000000101100000
10111011101101011110111101011001
00111100100101001110010111101000
10111100100111100110000111010011
10111101101111110001001111110100
10111101111110001111110100111111
10111101001111100110100111111100
00111010110001111100111100001101
00111101100110000011101101000111
00111101001011011000100110101000
00111100000111011011101011101001
00111100101001111000111101001101
00111011100111110110101001101101
00111101010111110101100010010001
00111100000010110010100000010001
00111101001001000011110001000001
10111100010011011011101011111101
10111100110111100001000010000000
00111100100001101101100010011010
00111100011100011110101110110000
10111100101101111101101001000011
10111100101100010001111111111011
10111011111101110001111001000100
00111011000110011101100010000011
00111101001100011111010100101000
00111100110110001111010110001011
10111011000010010100110111111000
00111101100001100110010011110001
10111011001011101011000010101001
00111101000100111000100010000000
00111001011000111001101101000011
00111100110011111000101011001010
00111100101010110101110011000111
10111100011010111110011001011001
00111011101100001010011011010000
10111101000011001000011100010101
00111100010011010110100001110101
10111101001011100010000101010110
00111101000010100100011110000001
10111100100101101001110111101011
00111011100111100111000000111001
00111100100110010111001001011010
10111101011001011000111000010010
10111101001110010010001011100000
10111101000101111101100010111111
10111011100001010000010111101000
00111101000111111010000101001001
10111010110011110100111110000010
10111101010110100001001111110010
10111011101000110101000001001010
00111101011010100000101001101110
10111100110000000011100100100100
10111100000011001111100000111010
10111100111001000100101101110001
00111101001011010011000101000111
00111100011101110011101001001111
10111100100011100111111000100110
00111100111011111010100100100100
00111101100000000111101000101101
00111100111011000111010001001011
10111100101111010011000101000100
00111101011001000011110011101100
00111100010110011110010100110111
10111101000100011110111011000100
00111011100100111111100010011001
10111100011001001010101101101101
10111100101101011011011100111101
10111011101011000100011011001011
00111101010010101001010000100001
10111100101010000011001101011110
10111011100101101111010101110100
00111010101100011000100110110100
00111100111111111100011110101110
00111010100110100011111001011001
10111011101001010011000100100110
10111101010100001111101111010010
10111101001110001101101101010010
00111101001011001110000101011000
10111100101001001011001101000000
10111101000111111000001010000111
00111011111000101001011001010110
10111100111001101110000111011101
10111100110101010000100111100000
10111100000011011100011000010010
00111100110100010101001100100001
10111100110011100110010010011010
10111100111001101001101001110001
00111100111000100100011001010000
00111101010100110111111110101111
00111011010110100000000001001000
00111100100110110111000111110001
00111101000111001011000010110010
10111100111011000001111010110101
10111101000001100100000010000101
00111100111001010011110101010101
10111101000100001010111010011110
10111011101001101000001001000111
10111101001100100100010101100011
00111011111100111111010000100101
10111100100101010111100111010110
00111010000010100111101101110001
10111100110011111100000100100111
00111101000111101110001000110110
00111100010000111110011100000000
10111101000011010001111110100101
00111100110110000000001010110110
00111011100011100101100101100011
10111100010100010111100101010001
10111101001101001011110001101000
00111100010101001100000001010101
10111100100011011010101111011101
00111101001000110110011111110001
10111100110110110110100010001111
00111100001111101011000110110001
10111101010010101101011110000111
10111101010011001010100010101000
10111101000110001011110101101100
10111101100011110101100101000101
10111100110111110010010100111010
00111100000100010010010000000001
10111101000011100100111011101100
10111100101001100101011011011100
00111100100001000110001100101110
10111100110001000100010010110111
10111001100111110111111101010000
10111100001100101001010011001000
00111100100111001000111100100111
00111101010010010110001001001011
10111101001011110011000001110100
10111101100011110110011011011101
10111011001001111101111101011010
10111101000100001000110111101001
00111100110010111001001101010101
10111101001000111001100000110000
00111011100010111001011001000011
10111100111011001111011000111011
00111011110100101100001000111000
10111100011010100010001001110011
10111011001100010011101010010111
10111100010011000100001100100010
10111101010011000110100110000101
10111101100000101110101100010010
00111011100010101001110000010001
10111100011011010111011110000010
10111101001110010100101111000010
10111101001111100100011010101111
10111101101010111110000111001001
10111100110101111000101010111100
00111011101011110011000111001111
00111101011110101101010111101100
00111011010010100101110111001010
00111100100010101101011100100110
10111100110110100111110101100011
00111101000000011110111010010101
10111100001101101011000010010100
00111100100101010000010111011000
10111100011000000001010110101010
10111100010111110011000010100111
10111101010001111010111010011100
10111011010010001010111110111010
00111101100000011111101100010110
00111101000001101110011010001101
00111101100111011110101001010000
10111100111011000001110011010011
00111001101111110000101000010010
00111101010011110011111000101111
00111100111111111001100000101001
00111101010001011111101101110011
00111100000111000111011011010101
10111101000001010100001111111001
00111100000100110001010101111010
10111101001001001110100000101110
00111100101101000110110001101000
10111100110001111001011011110010
10111101100010100011110101101000
10111101010000010000101110001111
10111100010001111010100101111011
00111100100111000010111100011110
00111101010000001010111001110001
00111100110110011001000101101001
10111101000111111111101100001110
10111011111010100010101010101010
00111100110011111011000000000011
00111101001001010010110110111001
00111100100011111111111000001010
00111011111111011101001100110010
00111001100110100110001100101011
10111100100001100111100100010011
00111010011101011100101111000100
00111101100001001000001001110000
00111101100111010111010100100001
00111011011101010110100011111011
00111100110100011101101000111001
00111101011000000100101110010000
00111100000111001110100000100001
00111011110111110101111011111001
00111100111001011011100010011011
00111100011110010001100101011111
00111101000111001111001110110001
00111101000000001111000101110111
10111100100001001100110100100010
00111101001101110110111010100100
00111100110010111001100100010011
10111011101001000001001010011011
00111100110111010011001000101001
10111100111111010101001011111010
00111101100000011111101011001101
10111101011110001000101011110000
00111100101110101000110000001101
00111100011001011010010100101111
00111100111111011111010100111111
10111100100000111100001011001010
00111100000001110101100101011111
00111100100011111111100100010110
00111101011011011011111101010110
10111011010110111111000001000000
00111100010101100111010111001010
10111101001100001000010100110001
00111010101100110010111101101001
00111100011010101011110000110001
00111100101111100110100000110100
00111011110111101110011101110010
10111101011001001100000000111110
10111100001000001111011010011101
00111011100001000010001111010001
10111100000000111001000111100110
00111101001011101101110011110110
10111100100001000101011010101100
00111100010100110111010111010001
00111100110011011110011001101100
00111101000001100101101011101101
00111100111011110010000111001111
00111011001000101011101011001000
00111011110000100010011100001101
10111100111100000100011010010011
10111011110110011100011100110100
00111010111111101001011110010111
00111100100001011001111101011000
00111011001111000111111110000001
10111100111110010110000100101011
00111101000111000010010101101000
10111100100101010100100011110000
00111100000101111000001011000010
00111100110000001000010101000000
00111101100010100101000110111100
10111100000010000011000011010101
10111101000010011111110111000010
00111101011110010100111010001110
00111100000111011100101010001111
10111011001101111001100010110101
10111101000100011111010111011011
10111011010101010001001011111100
00111100110111000110110111011101
10111100101011100110100010011010
00111100100101010110011001111011
10111011110010111010101001100000
00111100010010011010010110000110
00111101011010101001010101111101
00111010011111110101001010100011
00111011001101001101001011101111
00111101001011001111010110100010
00111100100101011101000101110000
00111100001000101101010101100110
00111100001110000111101001100001
00111101100000100001010000110110
10111011101000110011000101111100
10111100011110111110011001111010
00111100010111010001010101100010
00111101010011111000110100000001
10111100100100100100000011110100
10111100010101010000001010110000
10111101000001100010011111001011
00111011100011100101110000111010
10111011111101010100000010100111
00111100110110010000000101110001
00111100011001000101110111010000
00111100011000101000011001000001
00111100010111000011110010000110
00111100011010000011001101000001
10111100011001000101000001111011
00111101011011100001000110101110
10111101001011001110110111111001
00111101001010110000010111000011
10111100111100101101101000111001
00111100111001101011011001100111
00111100010001011000010001011101
00111011110101000010001101101101
10111100101010100000001010011001
00111101011001101000001010110111
10111100100100000110100010100000
00111100101011101011111001111101
00111100010001000011001101100011
00111100101000001101000101010111
10111101101010000000111010110011
00111100110101100011110000011101
00111100110000110001111010001111
10111100101111110100011110011010
10111101001000000110111101100101
10111101011000100101111000000010
10111101000100101101000101001000
10111100100101100000111011001111
10111101010111110100111101001100
10111010110001001101011010000001
00111100011000100101000101000001
10111100100010110100111111100111
10111101000001001101010011001001
10111011111110011100100100000010
00111011100010000100011001110011
10111100100011001000000011111001
10111011101101000111100111000100
00111100010010001100000011101000
10111101000111001100110100001010
10111101001011011101011100100011
00111100010110011000101111000110
00111101000000110000000011000010
00111011011110010000001110100011
10111011011011000100101000010001
00111100110110011000111010001101
00111100101111000011101110101100
10111010101011011011111101010100
00111100100011001110010010101000
00111100000001100001100011111100
10111011110101010000110000100100
10111010100000010000111111100000
00111101011100000000111110001111
00111101000111011001001011000011
00111001110101010101011010110011
00111100110100101001001100001010
00111100100101000101010010000101
00111101001110100000111111001000
00111100111011001000110101001001
00111101001101001000100010000001
10111011111110100000001011101000
10111011110010110100000001010001
10111101010001010010000111001001
00111101010010001111001101001001
10111101011001010110011000111010
10111100101100000001100111001010
10111100101000011110000101001000
10111100000001101001010100000100
00111100110001111000010001001110
10111101000011101001101001111101
10111011111000111101101000100010
00111100101000100000010001110010
00111101101110111001110011010100
00111101100011000011000111101000
00111101010101011011000000011010
00111101001100110100101100100001
10111101011010010101010100111011
00111100101010111100011000111011
10111101000110101100010011010001
10111100111110011001110011000011
10111011110001011000110010001001
00111011110001101000010010010001
00111101100011101110001100110110
00111100111000000111110101101001
00111100000000110110001001100100
00111101000011110100001000101101
00111101011000000001001100001011
00111100011000011100111000111111
00111101010101001011011000100101
10111011101001000111011110000101
00111101001011100010000001011110
10111100011101001100011100101011
10111101000001101100000111001010
00111101010010100010100100110001
00111100101001011001100110001101
10111101000100010101001010000100
00111011011001000011110100010101
00111100110110110100110010011010
10111101000011101000100010101110
00111101000101000100000010111000
00111011101011001101110101101000
00111101000101001101001011100011
00111101001000011000100000100111
10111100010100101010111110001000
10111001000100111000000101011100
10111101000010111010100010000101
00111101011011001001100011011100
10111011111100010011001111001100
00111101000110101000110101111111
10111100100110000010111001010101
00111101000010101011010110010100
10111100111010100101110101000111
00111101010100100110001101111110
00111101100010010101111010011100
00111101000101110011100011101111
10111100100101110010000011001000
00111101001010010001100110000010
10111001111010010000010011100100
00111101010101100110001000001110
00111101000010001011100101001110
00111100110001010101010111010111
00111101100100011111101000001001
00111101001110000101110011100100
00111101011101110110000010001110
00111100110100001111111100000110
00111101000000110010111101000101
10111101010001110101101100000000
10111100100110011101011000011101
10111100010011010100110001010011
00111101011001101100110011111110
00111101101101100001110001110001
00111101010101101111101010010100
10111100111011000001001110111110
00111101010100011010010000100000
10111100001010010111111011101110
10111101010000001110011010010100
00111101100100000001000001000101
10111100100010101010011111011001
10111101011110001000101011011000
10111100101100110110111110110011
00111100110110010111001000000000
10111101101010111000000001011001
00111011111110010101111111111111
10111010111111100111011000011000
00111011111101001000010010010101
10111101000110010011011100010000
00111011001011100100010111101111
10111101010100110011110101001100
10111101001100111011011111111110
00111101001011111000100111110000
00111100100110111010001111011000
10111011111011001001100100011110
10111100101010100100010001010101
00111010000101000101101010100011
10111100110001100000101000101001
00111100111101000111100010101110
10111100100101001100100110001100
10111101011101110010101111100101
10111011101111010111101111110001
00111100000010011101000011010101
00111010111001110001101111001010
00111011111011101011001010110110
00111100111011110001001011100010
10111100110110111001100001101100
10111101000000001010110100110100
00111100101001000110011101010011
00111101001100111010001110011011
10111101000101111000111011110011
10111101010111000010011011001111
00111101100110110011101100101110
00111100110000111111011100010001
10111100010111010101110010011010
00111101001100100100000100110000
10111100011110000110100000000010
10111011100000100000000101010011
00111101000011001111110001111010
10111100110111011110011001110001
00111101000110111100110010110010
10111100100011000101000110000011
10111100110000010111001111001010
10111100110110011100011010101111
10111100001000111110001001111101
00111010100101011001100000010011
10111010100100011011011111100001
00111100100100010101111000010110
00111101000111000001000110010011
00111010111000010100101100111110
10111011000101111011101010101011
10111100000101111110101100111100
10111100100001000110010010000001
00111100001110000111101000101100
00111100100111001011111110101001
10111100101111100010101101000010
10111010111111001010001110110011
00111100110111010110111010010000
10111101010001100100101110011011
10111011110100100111100011001010
10111100010010011001100100111010
10111101010010010101101000011101
10111101001010011111010011110001
10111101100101100110110011011011
10111101000011001010101110100110
00111101000000100001110100000011
00111100111101111010100101101111
10111101011011000111001001111110
00111011100011100100001000111011
00111100010011001001000100000000
00111011110010110010111100110111
00111100111100001110001010001001
00111100100011101101100010001011
00111101010011111110110001000000
00111010001110110001100111111100
10111101011101111001011100100101
10111011100101001101110000011001
10111101001000100110011010000001
10111101011011010101010100010000
10111101100010110001011011001001
10111101111101100100010000011001
10111101001101010100101100110000
10111101110000011000011101111010
10111100100011101101111111110011
10111011000000101001010101000010
00111100101010101111001111110111
10111100001100101011100111001010
00111100111111110110111101000101
00111101000101001000011100000110
00111101100100101010010011101111
00111100100010101110100111011101
00111100111011101100101001001011
00111100110010011101111000111110
10111100100111101010000001000000
00111011111100000110111111010100
00111100000101110011101100101101
00111011111111110010010110110000
00111101000010000111001001001100
00111100100110011011001110110001
00111101010100000011000110011101
00111110000001011110100101101010
00111101000100101100111101000111
00111101011010011000001101011100
10111100110110111001000000000010
10111100111110000011110101010100
10111101001000100011010100000110
10111100101011101111000100010000
10111100000010111000111010010011
00111100000101111101101111111110
00111100101111100100110010110010
10111101010011000000111011100101
10111100010101111111010000111010
00111100101001011001010100111110
10111101010101100111000111111101
10111101001101110111101101010000
10111100001000011100000100000011
10111101001001111011101110000111
10111100101001111010101110100011
00111101000111001100001001001001
00111100100111100000101110001011
00111011110101110001000001011000
00111101001000011111110010100001
10111101010010001011010100111111
00111100111011010000010111001000
00111100001110110010011000100110
10111101010101000100110001010001
10111101011100100010100010100011
00111101000001110010111110110110
00111101010100111101000111010110
10111011110111011010111110010110
00111101000110110110011101000010
10111011010001100110101101001101
10111100111101011011001101111101
00111101011101001000010100001101
10111101001101100101010010100111
10111011000101000010111110101011
00111101001010101101010011101010
00111100000000000100000000001101
00111101000001111111010111111110
00111101101010011000000101011010
00111101010011001001111000111111
00111101010100101101100110001110
00111100011101111010000010100011
00111100101011011001011111011000
00111010110001111101000001001110
10111100001001111111000000001111
10111101010100101000110100110001
00111100010000010000011100110000
00111101001100011010100011011001
10111100110111100101101100111001
00111101011101110011111010101100
10111101000000010000111011001010
10111101001000010110111000111101
00111100010001011001110010110001
00111101010001010001011010010110
00111101001001011001011100110011
00111100001001000100100000010010
10111101001111000010010010111011
10111101000100110001100010101000
10111011111000110100011001000111
10111101010010000111001111010011
00111101010011111101110000101011
00111100100011111110100011011001
10111100100111100001101111010101
10111101000010111001110001000101
00111100001010111011101000100001
10111101010110111101101101100010
10111101000010110101010000101110
00111101100010001010011100010010
10111100110101001101100010110000
00111100010000101001110010010111
10111100001111010011111101011100
10111100100110000001011111100010
00111011100110101001001001111010
00111101000011000100100011001011
00111011111110111010111001100001
00111100101000010001101010000011
00111101011100111001111011111110
00111011100100011111101100110111
00111100111111010110111001101000
00111101100000101000100101011100
00111100101010001110000111001101
00111100111011000101010101101110
00111101000111101011010000111001
00111101011111100100000110010011
00111100110001011111001001011100
00111100010110110101101101111010
10111100100101001011001110100010
00111101001001000011010001100010
10111100100101001011011100110111
00111101011001001101100110101001
10111100110010110010001100100100
00111101000011101100111010000000
00111100001111100000101100011100
10111101000001100101010100101100
10111010111000010010011101010011
10111100000011001011001100001000
10111101100111110101000000011010
10111100110001010110000010100111
00111101011011000100101101100001
10111100111111000001101001000000
00111100100001011101001001101001
10111101001111011101001110101100
00111100101011010010100011100110
00111101100100010001110000011001
00111101001001001100110100001000
10111100111011111000011010000101
00111100100111111111011000000110
10111011011101111001110100001110
00111100100001000101001101011010
10111100101111011000001100101101
00111011101110100011001111100101
00111100011001111011011011010111
00111011010011100000011010001011
00111101010101001010111100111110
10111010010000101111111100110111
00111101000001100000001100110110
00111101001000111101010110100111
00111101100100011000110101001011
00111011101100010000101001011011
00111101000100100110001111001110
00111011011110110110000101001011
10111101011010001000000110110100
10111011110010111111100111100101
10111100111011000100110001100001
10111101001001111100110000011010
00111101011000110000010110010010
00111011110000110010110000101110
10111101010101110011010001110000
00111100110111000011011010011100
00111100100111110110011100110001
00111100001101100101011111011110
00111100000111100101101110101100
00111001011000100000010000010000
00111101010010010001000100010010
10111100011011100010011100111110
00111101010010111001010101011001
00111101010111000111111110111110
00111101001111110100011100010010
00111101100000101101001011101100
00111100111111001010000101110011
10111100010001011010010100110001
00111010000101100111011110001101
10111100001101011001000000001010
10111101100010110110001100010111
