00111100011010101111101000110010
00111011001100010000111011001100
00111100100111000000001101011110
00111010100101110110011111001111
10111100000100011111010100111010
00111011000101010000000101001100
10111100100101110001000100001101
10111101011111011000000101001111
00111100111011111011101010110110
10111101010000011001001101001010
00111100101101001101100101111000
00111011101001011110011111111011
00111100010111010000010101101011
00111100111101110100000010011110
10111101010110000001110100101010
00111101000011100110111100011011
00111000101010010101110101001100
10111101011100110011101011001011
10111100110111011110000110110000
10111011100110011111110010001100
00111101001001111110011010101111
10111101010000011001111000000001
10111100100100000001001101110100
00111101001000111111110000010100
10111101000000000011100010001001
10111100110001010101011100111111
00111100101101010111100100001101
10111101001111110010101100010111
10111100101110111010000001000101
00111010000101101111001101010010
10111100010110011100011001000000
10111101011111011010101001110001
00111010101100100010110000110101
00111100111001001011111001001110
10111100010100000110010000110010
00111011001101011111101001100111
10111101000100011111110111001011
10111100101100010001101101110110
00111100100010111101011001101010
10111101000100111010110110110000
00111101001100001101001001010101
10111100100101011101100100011010
10111010011001010011001010111111
10111101011000101101111000001100
00111011000110111110110010100110
10111101000101100001111111001101
10111101000001001011100100111100
00111100100110010101010111010111
10111100101000100110000011011110
00111100100110100010000111000100
00111100010011000011101100100111
10111100011000111010111111000110
00111011101011111010010101100100
00111100001000100100010001101111
00111101000000010101110000110110
00111101000100010101101011110011
10111101100001010010100010000100
00111101001001001011111101001111
10111100110010010111010100110000
10111101010011100011101110000100
10111100100111110010010000011100
00111101000001001100100100000000
00111100101001101111110111111110
00111101001111000101111110010001
10111101100010111010001001100110
00111100010100101011011100010110
10111100111000000100001000001101
10111101010001011110110000110111
10111100101001111010001101010001
10111010101001110010101000011001
00111100000010111110101000110001
00111011100000001110110000001011
10111100101010101111001110000110
10111011110010011000100111011011
00111100100000101000010100110100
10111011101111001111101111000111
10111100100101111100100010000010
00111100001101101111101110101111
00111100101001011011111001100100
10111011111011010001111011110001
10111101100001000100101101001001
00111101010000111110010011100111
00111101001111100110010010000110
00111100011111101011100000010000
00111101000101100111001000100001
10111101000100110100100000101111
10111101000101101010010010111000
10111101001011000111001001100100
00111100100001110100110101010010
00111101000010000100110011111110
10111101001101011100111101001000
00111100100000001010110010110110
10111101100000100100010100000011
10111101000110101001101110000011
00111101001011101110101101111101
10111100001010001011101101010100
10111100011010011000000100010111
00111100101010111000000001101111
10111101000010100010100000100001
10111100100110011100111110101011
10111100110000110101000110100111
00111100010100101011000111011010
10111100000100010100101001110001
10111100011010100111110101010100
10111101010000101110111100111000
10111101100001001001110100010000
00111011101101000110000110101000
10111100010001000001110100111100
00111011101110001100111111110011
10111011111111010110111000001001
10111100010001101001010010000110
00111010111010101100011001010110
10111100111100010110101011100100
10111011111101001101101100111100
00111101000000011111111110100011
10111100001001001010010111000000
10111011001101100110110100001010
10111101011100010011101111010000
00111100010110111011111100000011
10111101001110010110001110110110
00111011101001111001010110100100
10111100001011010010100011111010
10111011101001111011101100111001
10111100111000000101101101000100
10111101010000001111111101110011
10111100110000001100010100001111
00111011000111011110001000010011
10111101000000100011110011001101
00111010101000110101000101110001
00111100100101001011011000100110
10111100110111111111100011000110
00111101000001010011100100110010
10111100011111010000011101101011
10111100001111111010111101100110
00111100110101001100010100110100
00111100100010001010101100100000
10111100010110001001110010111101
10111011100000000011100011100100
00111001101111000111100110011110
10111100001111001110101110110010
10111011010100100010101101011111
00111011100100111011100101101010
10111100011111000011101010101101
10111100100110100110001010001100
10111101000001010011101100111011
00111101000011100000101100011101
00111101001111011011001000000100
10111011100010010010011001110111
10111101000011000101111011110011
10111100101011001110010111100111
10111100011101100011100110001000
10111100001010111111010100101010
10111100101001010110111101001010
00111100100011111011000111001001
00111100010000001000100000010111
10111101000001111100111111001000
10111011100111010001010100011011
00111100110110101101100010101110
00111100101100011000111001001000
00111011100010010101111011100000
00111101000000110000101100000001
10111101001000110110101010111000
10111100100001010000110011110010
10111101001100000110111011000011
00111010101011100111101110011111
10111101011000111011110011100110
00111011011110100011011110101001
10111100100101101111011100011111
10111010111001011111110101000011
00111011101110011110110111011011
10111100101111110011101000110001
10111101010101110001110111001011
00111100011111111101100100101110
10111101001010011111001000001011
00111101001001011100000100101011
10111100110110110100111111101100
00111100001111001111110101011110
10111101000010001001000100100000
00111101000101111100101100101111
10111100110011000010001100000100
10111100110101100111001001000110
10111101001011000000010000001001
10111100000011011101101111001001
00111100100001000001011101110111
10111101001100100100101111000010
00111101000011111110101011111011
00111101000000111001001000110000
10111101010101010010111000110000
10111100101111010011110100010111
10111101000111101011111101111001
10111100100000111010111011101001
10111101010010111110001111011111
00111100100001100001101100111011
10111101000100100101100010100001
10111100000000101001100011001110
00111101000100001101111010010111
10111100011111111001011101000101
00111101000111001011110010111000
00111100000111011110010000111100
10111100101001011011010110010000
00111101000001101100101101101000
10111101011100100001000100110011
10111101010001010000001011111101
10111100000101010110011101101010
10111101000010001101101101001001
10111100011110000101011101011010
10111101011010101011011111000110
00111101011010110010111110001000
00111100011101100001101011111111
10111100110110101100110010100110
10111101000000111111100010011000
10111101000101110100000010000111
00111100110011110101110010011011
00111101010110101101011001011000
10111100111000001100001100110110
10111010100100100010000101100100
10111011100110001010100000100000
00111011011000010110110000011010
10111100010011101101001010000100
00111010100111100101000100110001
00111001101100101001100100010110
00111101000010010000011101101100
10111101010011110111011011010111
10111101011000101111111111000110
00111101010001011001000000010000
10111001101010100110010011010001
00111100001101010101000110010011
00111101000110000111100110001001
00111100101001011110010010101111
00111100111010110010110010010101
00111100100111100111010000001011
00111100111101100111011110010101
10111101011110100111010010011000
10111100001010101111110110001011
00111101001000100100100101011110
10111101000001011101001110010101
10111100000111011001001110100000
10111011100000010100101010010101
00111100111000110101000011110111
10111101100000111100010010111000
10111100111100100110100101011001
10111100100111101000111001001001
00111100100001100111100001000101
10111101000100100110011111011111
10111100101001011010000011111000
10111011000000010011110110001100
10111101011111011000110001011110
10111011110100111110011100101110
00111100100011001100111101010110
10111100100010111010010100110011
00111101010000011110001101000001
00111101000100101000011110000001
10111100100100110011100011010000
10111101001011000001011111001110
10111101100101110101111001100010
10111100010101100001110011010001
10111101011100010111100011001000
00111101000000100110001100100000
00111011110100110111110101011110
00111100111000100110110011100011
10111100100010100101110111001011
00111100000101100110000011100110
10111100100100110011100010011011
00111101010110111001011011011110
00111100010111100000110101110011
00111101000001010001100101100001
00111100101011001100110010101110
00111100111010010000100010110101
10111011001000000111111101101110
10111100101101010111100000101001
10111101100011101111101101110101
00111100001100000110100011100010
10111100001010100000000011110110
00111101010111011100100000100000
00111101001000101100100010110000
10111100011010001101100001010011
10111010011011100011000001100001
10111011010110110000011110101001
10111100111100101000011011010011
10111101001110110111000001011011
00111100011010000010110111010000
10111100100011001000111101011011
10111101000001001100111010100010
10111101000100101001001110110010
10111101001000011101110100000010
10111100010010001001100000110100
10111101000001111100011010101101
10111100110101110100000001100101
10111100000101000001100001110110
10111100011010101110110010011111
00111100000000111000001001001011
10111100001011110101100001101110
10111101000101100001111101110100
00111100111010010100001000101010
10111100111110100111000110000010
00111101001101010001110000011100
10111010100101111001000000010100
00111101000100110111110110100101
10111101011101100001101111111111
00111100111000101100110100111110
00111100111101010110000100100011
10111011110010000000011111110010
00111011011000010010100000000101
00111101000010101111011100011001
10111101000100001010010111001000
00111100000001000101101011000101
00111101010101111100011011000100
10111010101011111011000000110100
10111100011011011010001111101101
10111100001101010001011000111001
10111100101011110010101111011111
00111100111010110000000101111100
00111100100011111110001001101100
00111100010111101011000100000111
00111100010000110010111000111001
00111100010111000110101100110001
10111100000000110001001001111100
10111101000110100101000100110111
00111100000011111100010010111010
10111100111100101010111001110001
10111100110000110110111111101110
10111101001010001001101100101011
10111100110111100000110010011111
10111100110111010101000100101000
00111100001101011111111110101011
00111011010101001000010111011101
00111011011011110111011100101010
00111101001000110111110101111100
00111100100001110110101101110100
10111100100001000010000101110100
00111100111000101010001010000010
10111101100011000011010100101011
10111101010010001010000110000011
10111100110010000010110101101101
10111011101010001111001110011010
00111100110011111001100100111000
10111011110011011100110001000100
10111100110001100011100110001000
10111101010000010100100011101100
00111100110101101011001111011011
10111100010000000110011011011100
10111100111000100110100101010001
10111001010011101100001010101000
10111100101100011101010101110110
10111011110001100111101001111101
10111010100010010111111110010011
00111011011010110010010011110101
00111100101010001111001101101101
00111100000011101100011111111011
00111100001100111100110010101010
00111100110000110101011010101100
10111101000011101101001111101101
00111100011110101110010101100101
10111100001011100010111010100111
10111100110011111011010111001000
00111100011010011001110100110110
00111100101001011011101001011111
00111101000101111100011000111111
00111011111101000101100100000101
00111101011101111001101100111001
10111100011101011101011100100001
10111100101110000010011101010101
00111011111110001100011010111101
00111101011111011101100101110101
00111011100110110101101000110100
10111100101011111010011101100110
10111100100000100000111100010011
10111100111000010110000000100010
00111101000100000011100101100111
00111100100100001011111100000011
10111100110111011111010000111101
10111100110001001100111011011110
00111100110111011011001111000000
10111101001100000001010101100101
10111011010001100111101110101101
10111100000011001011110101000100
10111011110000111011101100010010
00111101000010110010100000011000
10111100101011101011101011110011
10111101011100010010011110110111
10111100101001011000110001011110
00111011110101010000111110011110
10111101011100001010111111110000
00111100000011001001101011001010
10111101100011110011111111101111
10111101000111100011100100101011
00111101000001100101001010000100
10111101001111000110111100110001
10111101010100101010011101111001
00111100101110010111110011110011
10111101011110000010100001011110
00111011000011001111011111100100
10111101100001000101101100010100
00111100111110001100001001100100
00111100011100111000010100010101
00111100101100001000110011101111
10111011101100001100110000101110
00111100011010110001010011001110
10111100110011110010000110000010
10111100011101010111010110011110
00111100110100000101110100110100
00111101000111111000110001001111
10111011101111010100101100101100
00111100101110000010110001010011
10111100110001001100101111000011
10111100111000010101111111001011
00111101000010100000001110101011
10111101000000010011010000000010
00111101000000011010011001110000
10111011000010001110111000001111
00111100111110111011100001111101
00111100010100010101000001001001
10111100101111000000101111101000
10111100010010111011001110101010
10111100010011101101011011101110
00111101010011101110111100010010
00111100010110100111111100000010
10111011100001010010110110110110
10111011000001111011010011110000
00111100000100000001000111000100
00111100010100101100010111101000
00111100011100001010010011100000
10111100011010001011100110100001
10111011111101000110101011100111
00111101010010100111001000001111
10111100100101100011011110000001
10111101001001110011000101011110
00111011100111001100011010100010
00111101100000000001010000110011
10111100101011111010000000100000
00111100111101000100100011010110
00111100111111100011100000111011
10111100110111011011010111100001
10111101000110110111010010000101
00111100010011010001000011010110
00111100101100100001000011000101
10111101001110111001101011011010
10111101011000100011001011100011
00111010111011011101100110111111
10111101010000100110000110000111
00111011101101110101111000111010
00111101000100010100111011111110
10111100010000111001100100001100
10111011010000000001000111011100
00111100110010011110011000011000
10111011111000010010001000000110
00111100100101100001001110111110
10111101000011011000110110111010
00111100101111101001101111000010
10111100111110101101000011001010
00111100110000001111010011101100
00111101001000011011101010101100
10111100011010100011111110110001
00111011001101110110010001111100
10111100111000110110101111110010
10111100110110101000100111001010
00111011100000100101001101110010
00111100111000010110010000101000
10111100111001011101010111010101
10111101011111111111110000010101
10111100110001101101000110110011
00111100100100000110111011001110
00111011110101010011000101001110
10111100101111110001001111011010
00111101000000011101010001001010
00111011110110101001101111111011
00111100010011111110010000110101
10111100101101011000100011101100
10111101001101001011101110011011
00111101000010000110011001011110
10111100100011001001000100111100
10111100111100100010100111010000
10111101010101111001111111001101
10111100110110101010000101100100
00111100011100011010111111100100
00111100111011111110011111010100
00111101010100111010011011000111
00111101001101000000110110100011
10111100001000101101011111000001
10111100101110100001111100000100
10111100000111011111011001001000
10111101001111010001101110001001
00111100001101101011010101111000
00111101010110000001100011101111
00111100100000111001010000101001
10111011110101110101110110100011
00111011110110001110000101000001
10111100100011000110011111010100
10111101010001000000111000001000
10111101100001011110101001010010
00111101011101011101101000000011
10111101000110101101000100001001
00111011100011010000101100111010
10111011100110100101111110111010
00111101000010111000101111100110
00111100001010001011010000011010
00111011101000111110000111110111
00111011101000001101000011100011
10111100110111010000011110111100
00111101001010111101101010010000
00111100010111000101001000100010
10111100001010010110100000111011
10111101001010011011011100111111
10111100100101101110001101001101
00111100100101001110101111001111
10111011100001010000111101100000
10111100011000111001111111001100
10111100100001111000111110100101
00111100100101000000011100001000
00111011100001001000110110101000
00111100111110111110111111110100
10111100100100110101100000010100
10111101001001010100010101000111
00111001111100010001110110111101
00111101010000110100110110110001
00111100100001100101100111110011
10111100111000011100000110010001
00111100111010111110000000000111
00111101011101011111010001101110
10111011010101011000011111001100
10111101010110000110101110011011
00111011011101000011011111011011
10111100111100111010111110110111
00111100110011110010011011001101
00111101001110000010001101010001
10111011101011101011011001111101
10111101010010101011110011110101
00111101010010011111001110011110
00111011110010001011110001101100
00111100101111111000010001001110
00111100001001001001101111101101
10111101001010000010000010010001
10111100110010100010111101011100
10111100110000000100001110111110
10111100010000111101100111011000
00111100000000011110110001101011
10111101001000001100011110110001
10111100111001101111110110111101
10111101010000000001000001111011
10111011111001101101010101101111
10111011110011001010101001000101
00111101010011000000000001101101
00111010110010101101011000110101
10111101000101010001111110011001
00111100111010001000010001110101
00111100001101100011001100001010
10111101001000011011000010111100
00111100001110010011100011001011
10111101000111100110001010100101
10111100000100001111100001000010
10111101011111101001100000110111
10111100001100011101001010010111
10111100101001101011010010010110
10111101100010100111100101110000
10111101000011111101101110001011
10111101010100011111111011110110
00111011110010100111001111010001
10111100001001010111100011110100
00111100000100100100000110010001
10111100110111111100000110101000
00111101000010001100000001110111
10111100110100110010000000100100
10111100101001110001111010011000
00111100000110011001001111010111
10111101100000011001110011010010
00111101010001100100000000101101
10111101000001000000010010111000
00111101000000110111010011110111
00111100001000110100101011101101
00111100100110000000001101001010
00111101000110011100010000111011
10111100111110111010011111011001
10111011100000100100100011011010
10111101010010001001110101101001
10111101010011111111000110010000
00111101000000100110001011010101
00111100001011111100111010010011
10111011111101101110111010111111
00111101000001101001100010011001
00111100000010011001100110000111
00111100110011000101000001101110
10111100100100000100000111110001
10111101001000110101111101011100
00111011111001010110010000011000
00111100100101111101101010001101
10111100101111111001011011100110
10111101100011100101010110100100
10111011110000010110110110101100
10111011110000011000001110011000
00111011100000000110100001100110
00111100100010010100100000010110
10111101001000011110100111101011
10111100110101111011101111001011
00111101001001000101100011010111
10111100111110100011010110111110
00111011101001011110111110100101
10111100010001000000010001101011
10111101010111011010110110110110
10111100010010011011100010010001
00111100010011101001100111011011
00111100110001100011110100011010
00111101000101001110100000111100
10111101001101100000111011110011
10111100011000100111101001110101
10111011110011101111011101100001
10111011101001010000110101000000
10111011011000111100101000101000
00111100110101000001110011000010
00111100010111100101111111100110
10111011000010110010010101100110
10111101010000011001111110101000
00111011100111011111000001010100
10111101010100010110011110111100
00111011000000010011111011000000
00111010100110101110110000101011
00111100111010111011110101100010
10111101010111001010101000001110
10111011111011000000000001111010
00111101001001111011000100000101
10111100101001001000010111001011
10111100010001101110111010101100
10111100000000011001111110000000
10111101010011010111100000011001
10111011110110111110000010111000
00111011000011011101100011011001
10111100111111111010100001010111
00111101011011001110101100000101
10111101001111000000100101100011
10111011110010000100110100001100
00111101000111111110010110100000
00111011101101000011101100010001
00111101001001101011100100001011
10111101010011101000100000111011
10111101000110110110101110001101
10111100101111101000110001001011
00111100000100000011101000110010
10111101011011110110110000100001
10111011110001001110110001111101
00111100010011110111100111001110
10111100111000100000000100001011
10111100110011101000110001110111
10111100100110011101100111101100
00111010011011000010001010010110
10111101010100100101101000001100
10111100101111111001101000010001
10111010000000000001000100001011
00111010101000100000100011000000
10111101011100100010001101000100
00111010100101101101110001110010
00111010110000111011011001010000
00111101000110110010110111110010
10111100111001101000010001010111
10111101010110100110101011010011
10111101010111001000000111000100
00111011101111001001000100101001
00111101001001100011111110010010
00111101001010100111001001110010
10111100110110010000011101000000
10111100011000110100101101000101
10111100001010001001101001100101
10111101010100101100011001101001
00111100100101011111101111001000
10111011110000111011011001010010
10111100000110011011010000001100
10111100001010110111000001101101
10111100100010000011110111000011
00111001010100000010111000011101
10111100100111111000000110101000
10111100101010111001001011110101
00111101000010000100110010011111
10111101000001010000110110111011
10111101100110011101111001001101
00111100011110111010110111100101
10111100110110100100110001000010
10111100100111000110110000100010
10111100010111001001011101100100
10111011111001011110011101001111
10111100010010101111101011000111
10111100011001010010000001010101
00111011010100100000111010000000
10111100101011001100010011110100
10111011111110001001011011011100
10111011101101111101010100010010
10111101001101110011010011111010
00111100111001100010100100001101
00111100001110011110110100011110
10111101011011011011011001011000
00111011101100001111001011101000
10111101001000101000001000010010
00111101000100110001001101001101
10111101010110101001111000010111
10111101001010010010000111010000
00111100101110010001110010100101
10111011010110101111110100100100
10111100101111011000001000101011
00111011100111100010100000010110
00111100000110110100000110100111
00111100110001001111101000000100
10111100110110111110000100010011
10111101000001000001111001000001
10111100000101000000011111010001
00111011100001110111010011101100
10111100001010111110101010011001
10111101010111100000000011011110
00111101010000010001011010001101
10111101000100011101010110111001
10111010111011110111100010110011
10111100001100110001111111111001
00111101010000000001001001011001
10111101000100010111011101011110
10111101100000110111111110000010
10111100111110101101111110010101
10111100101110010001001011100000
10111101000111110111101010001001
00111100100101010111001010100000
10111101001111001111100011000011
10111100100100110000101100101100
00111100111000101111001111100101
10111101000100000011001010001111
10111101101000011000001000011101
10111100110101001010001111000000
10111101001100001011000101001011
10111100101100010010010101001000
10111101100100011110001010000001
10111100100001010111010101100001
00111100100011010111110001001001
10111100000000111111010001000000
00111100110101000010110010100001
10111100101011000010010100100010
10111100001011110110001010110000
10111101010010110111001101001100
00111011011101100000011001000001
10111100110010010110000110100011
00111101000100001010001010011100
10111100100001001110000101111011
10111101000011000111011001101100
00111100100101110000110110011000
00111100110010011000011110100111
10111100100110011010001011010111
10111101000100111010110000001011
00111100101001101010011000001000
10111100111011010001000110101001
10111100101010100011011010101101
10111101010000010100001111001011
00111101000000000111101001011010
10111100101011110000101111111000
00111011010010100010010100101010
00111011000111101100010001000101
10111101001011110110000001011101
10111100101010111100000001011001
10111011110001010110110101000101
00111101010110110011010010010100
10111101100001110010001111010011
10111100001110110110010011101001
10111101000110000111100100111010
10111101001010101111000101010000
10111100000111100100010011111110
00111011010001111101101000000111
00111100110110000001100001011100
10111101010001100110001101011000
00111101000000011011001001111011
00111100011111011010000110110001
00111101000110000001111011101010
10111011111000110010011010101000
00111100110010110100110010111100
00111100111001110000111011000001
00111100100110111100100010011111
10111100000011101101000111001000
10111100011001001111110011100001
00111100100000111001011001000010
10111100100000001110011011110000
00111100101000111101010111010110
10111101011011011101110001010010
10111100110011101101010000101101
00111101001000000100111111111011
10111101000001001010011010100011
10111100011111000110110100100000
00111101000111001010110001010101
10111101000111001101110110100010
00111100110011001010001101000111
10111101000101000010001001110101
00111100111111101111010000011011
10111101001001111101001101100001
10111101010100000111110110100001
00111100101010100001111000011110
10111101000001110010100000010001
10111011111000011111110010000011
10111101100010011111110000101101
10111100101101000000010010101101
00111100100100100000110100001000
00111011110010001000111110110000
10111100011101001110101011111001
00111001110111010010000011101100
00111011110011111111011111101011
10111100100001100100111001011111
00111011111001100111000000011101
00111100110010110100001101110111
00111100111010001110011100100111
00111101000001000101000110011100
10111101000101100011000111100101
10111100111000001001001111001101
10111011110110010100110000010011
10111101100100101010111110001100
10111100010101110011110000011100
00111101001111000011111000010000
10111101100101010000111000001000
00111101000010101100110001011011
10111101000011010111110011011101
10111011100111000011011001110000
10111011111101101110001110000010
00111100111000001111100010001101
00111100010010111010000101101111
10111100010111101000001100110010
00111101001101001001101110010111
10111101001101000101110000110101
10111011110110110000111001100101
00111101010011010100001100100011
10111011011011000001010101100000
10111100110011100110001100011011
10111011100001010010011101001100
00111101000001100000011110000100
10111010001111000010100110010000
10111011111000001111000000110000
00111101000001000001111101010010
00111100000110110111100011000101
00111011100101010100000100100110
00111101001011010011010111001101
10111100101000111000111101101101
00111100001000101000000101010100
10111100101011111010001011000111
00111100001100100001010001000111
10111011111001001111101000001011
10111010101011111010011110011100
10111100101110011101011111111101
00111100011101011101001001010011
00111001001001100001101011100010
10111100011100010110101000000110
10111101000010110010000001111101
10111100100000001111000001100101
10111100010101101100100010001000
00111100001100010000101111001011
10111001110110011010001011001101
10111011000000000110011111010100
10111100101001000100100001100001
00111100010100000110110110101100
00111101001000000101001110001101
10111101100000000010001011010110
00111100000101001010010011101101
10111101000100100001010010001101
10111101000001010111010010001000
10111100010111010000011000000001
10111100010010011001010110100100
00111011111011111100000011001111
00111101000011111100101100110001
00111100101011010100110111011100
00111100111101101111111111000101
10111011001010110001111100101010
10111101000111110010010011011110
10111100110000011011111110110101
10111100000111001010110110101001
10111100010110000100011111011001
00111100010110111011010110010110
00111011111110000110001101000101
10111101100000001100011110000110
10111101000000100000100111001000
00111011000001010011010010011110
00111101001101111111000100001000
10111101010101111001100111000010
10111100101111000100010000110000
00111100101111100100111110011100
00111101000011011101011100110101
10111100100001000010001110000010
10111101010100001011000011000001
00111101000101111100110010101101
10111101001000010011111110010111
10111100111001111100101100110001
10111100101100100111111010100100
10111100011010101111111111011000
10111010011111010000100000010000
00111100010100111000001010111101
00111010001101010101111110110111
00111100110011000100000110011100
10111100101111001000001111001010
10111011000000100111110111001010
00111101010000100111100000000100
00111101000011110110111111101100
00111101000000000111100000000111
10111101100110000011001100000011
10111101100001011010000100011010
10111101001001001011010111001111
10111001100111001000000111011001
10111011100000011000010000101100
10111011110100001111011110110001
10111100101000010101011101101110
00111011101010110001010101111000
10111100110110011111100111100011
00111100010011101010110111000111
00111011000111110100100110011011
10111100000101010010000111010001
10111101100100101100010101010101
00111101011000001101010000010010
00111011111011100110000011101001
10111011111010011000001011110111
10111100001011010001010011010010
10111101000001010110010000000000
10111101001000100011000110100010
00111101001011011100001011001000
10111100100000101010111010010101
00111100110011101000011010100110
00111011101101010010101011111111
10111100110011100001111001011011
00111100100110011001111001101001
10111101010101111010101110110000
00111101000111010110001100100010
00111101001100011101001111000011
00111100110001001101101011101000
00111100110001110110111110010101
00111101010101001110111011011110
00111001001010011000000001110000
10111011101010001110010001100011
10111100010111111000110100000110
00111101000011001011000101110010
00111100111100100000111011100101
10111011100101010110101101011111
10111101100011101001000101100010
10111101100001010100111110010101
10111100011010110001111000010010
10111100110101001101101111101100
00111100000100011111111111111100
00111101000111010100110000110101
10111101000101100100101000101110
00111100101101100011110111101000
10111101001111110000111100011000
00111101000010011011010000000000
10111100111111011110011011100100
10111100110100110001100111110100
00111100111011110110001100111111
00111101001100001100100111100001
10111101000110000101011000000010
10111011000010100001110110001101
10111100111111101000100011010001
10111101011000101010011010100011
00111100000000000001111110001011
10111100000000110000101101111100
10111011001111011010101110100010
00111100001111001010000011010001
10111100101001101100101111011010
10111100001011000101001111100111
00111010111101111001101011011100
10111100011100011011100110010001
10111100110101111011111101000110
10111100001111110110001110110111
10111101000000010000001110010100
00111011001011100100010101111110
00111100000111111010010111100000
10111011110111100111111101000111
00111100100111011010010101111011
00111100100010011010011001000110
00111100111101010111000001010011
10111101001111111011010001100111
00111100000111101110011100010001
00111101010011011000011110111101
00111011110011100100101010001001
00111011100010000110010010100001
10111101000001010101000010110011
10111100000110010001111000010010
10111100100001111010100011101100
10111100101011110010011110000100
00111100011011010100101100100111
00111101011101001010110100000100
00111100111000111010001000111000
00111010110001100100100000100000
10111100001010100001000110010000
00111011011100011111110110000010
10111101000001011110111110010010
10111100100000001110001110110000
00111100101101110100010100110111
10111100011001101101111010001111
00110111000010111011010111101000
10111100100000010110001001010001
10111100011100110001010000101101
00111100010011110111110110110100
10111100011001000100110011011001
10111100101001011100011000100001
00111100110111000101010100001100
10111100100010000000100110110100
10111100111111101100110110110011
10111100011110110011110111100100
10111101000000111000010110000000
10111100010110010101101101010110
10111101000100110001010001100011
00111101000111011010111010100101
10111100100110000001011101010101
10111100011001101011111010001011
00111101010100100101111001000100
10111100001110100111001000010110
00111100101111000010010000101100
10111010001000101100000001100100
00111100110110011011000100111101
00111100101010010000001100010101
10111010001110000100011111001000
00111100000111000111001000001011
10111101001111110001101100001001
10111101001100101101111000010110
00111101010011101011110000011010
10111100101101000001000101010100
00111100110111011010001101100000
00111100100100111110101011000101
10111011100111111000101011111111
00111101001010001110000111111100
10111101001001001001011001101010
10111100000001000111110111101001
10111101001110100001011001101011
00111011000011010001001110000011
10111011000101011011110000010101
10111100110111010001011010100010
10111100100001111000101100011110
00111100010111010111101001000011
00111100000011001110010000111011
10111101001000000011110000100011
10111100011101100001111101111100
00111011111010011010000110110010
00111101010010011100010110111100
10111101000010001010001000111010
10111101001010010100011101001011
00111011111100001101101011001100
10111101010101100001101000100110
00111101010111110010011010011001
10111010000111100110101010100010
00111101000100000101010010001100
00111100101010110000001101000110
00111011010110001101010111110111
00111010110100000000010100010110
10111101100001111010001001001101
10111100001101100110011110101011
00111100101001011000011010000111
10111101100000110000110110010001
10111011110111010000100011001111
10111101001100111100101110000100
10111100011010001010010010010000
10111101010011011011000101100100
00111011010000000111101000010111
10111100000110101111101101111110
00111100011100110001001111000000
10111101000011000010100000101001
00111011101101010101000000110101
10111101000101000111000111011101
10111100100110111111001100101100
10111101010010111010101100101000
10111100000110100000011000000000
00111100101110111011111011011011
00111101011000011110100000101101
00111011110000000101101010100000
10111100100001110111001101001100
00111010111111000010101011001110
10111100100000011001000010010001
10111101000010101100100111101110
00111100111111111101000110010000
10111101000011001111010111100000
00111011110101010100101001011011
10111100011011110001011111110011
10111101101001110111011101111101
10111100100011001001001100010000
10111101000001110000100101110011
00111010011101011110110100010111
00111100111011000000001111111111
00111010010010011010001000101000
10111100010111111101000010100000
10111101000001000110100001100000
10111100001011010100111111100011
00111100111101100011101000011100
00111100001101011000001101000101
00111011011101010000010000000110
10111100110101101110010100100001
10111011100000010100001111000011
10111101000001100011111000100000
10111100101010010111111111001100
00111100100011110100110111101101
00111100100000110000011110001010
00111100111110000000001001101110
10111101010011000101111100011010
00111100110001010011111110000101
10111101000011010100011011000110
00111011000111111010111001111101
10111101100101011001010001111110
00111011110111011001111010101110
00111100100011010111011101100010
10111100100000100010010110111010
00111100110100100001100101000101
00111100010010001101101110101101
00111010111000110000111111010001
00111100010111101010000110001011
10111100011010000000011100001001
10111011111001011010010011010100
10111101100001111001110000001110
00111100110100101111010100110000
00111100100000011000100010010010
10111101000001000011111100100010
00111011001110010100000000011100
10111100111000001111101110111001
10111101000110101000000000111100
00111100010110001111001010101111
10111011111101100011001111101100
10111011111101101000011101111111
10111011110111001100110010100000
10111101000011010000001101110011
10111101000101001111000100011101
10111100101111000011010100111010
10111101011101100010101110000101
10111101010100000110101101111011
10111100101110000100000011101001
10111101000010101010000101010111
00111100100111101110000100001100
00111101000000110001111111011100
00111101011101101101100011001111
00111101001010101111100000100101
00111100001111010110010010000100
00111100101110110100111000010000
00111101000110011110101101000001
10111101000011100010111111001110
00111011010111001000010110100001
00111100011111111100011010010010
00111011101101010010001011010000
10111101000111000011011110100101
10111101000011101000111100001110
00111100011101110100110101110001
00111011101011000001001001001111
10111100111011000110011001101101
10111100111010110100000101001101
10111100111111111111000111010111
10111100101000010110100110101011
00111011110100001101010111110000
10111101000111100111110000000011
00111100001101110100011110001110
00111101001100101011100011100101
00111100111011000000110000111101
00111101000110101010110001101110
10111011000100101000000111100100
10111100100010110010101111110001
00111100000001011111100111111010
00111101001000111111000110101010
10111011001011001100100000111101
00111100110000100110001001100000
10111100010001101110111010001111
00111011010111001101000010001101
10111101010110000101100111101110
00111011101011100010001000011100
10111101000101100100101010001010
10111011100010111001001110000000
10111011100110100011000110011110
10111011100111100101101110010001
10111100110001111010111111001101
00111100100111100000000100110010
00111100101110001111010010110101
10111010010100011111110110000101
10111100100100001000011010001100
00111101001001111001101100101011
10111011001000100001101101011001
10111101010111010000010010111100
10111101100011011010010011110010
10111101000000000101011000111010
00111100100101001010101010101000
10111101001111010000001000110010
10111101011111001111010111110101
00111100000010000101100011111101
10111101011011110101111011101001
10111100000100001010101111011011
10111100000010110000000000011001
10111100101011000100001011111100
00111011101111001001000001001101
10111101101010111000100000001110
10111100100110100100001111000110
00111100101110111111111010110111
10111100101100110111110111010110
00111100100110000001101111100001
10111101000011100000010010001010
10111011101011000100011011110100
10111101000010110011100000001011
00111100101010000101000110010011
00111100101100001001100011100000
10111011101000100101100001101000
00111101001100111000001110000111
10111100110010000100101011101010
10111101011111110100000000101101
00111101011100001110000001011000
10111101001101101110110111101111
00111101001111111111001011100010
00111100001001001010000101000110
00111101000101100011101110101100
00111100110111111011001101110100
10111101000100110110100011010000
00111100100101111110000110011100
10111100100000110111111100110001
10111100111111101010111001111100
00111100111001101001001000101101
00111100010110100111000010010011
00111100111011011001000111111100
10111101000000100100111001000101
00111101001001011111000100100000
00111011000011001010110010111100
10111011111110011110000101100110
10111100111000000101110001101010
00111100111001001110110010111111
00111100011010011110001100101000
10111100111001001001100011001001
00111100010000101100000110100011
10111011111111001101100001001101
10111100100100100001101101111100
00111011000111010111011110110010
10111101011011100010011100000000
00111100101011000111100011010100
10111101000011100001111110101000
10111100010100001001001111000010
00111100101000111100011111110000
10111101001110110100101011000110
00111101000001111010110010001001
00111100100111111111001100111010
00111101001110001011010110011100
00111100011101010101110111000010
10111101000111011010011111001010
10111011110001011011000111000010
10111101001101000110100100000101
00111101000110001000101000000000
00111100000110100010111100011110
10111011101000111011101111011101
00111100010111011100111101110110
10111100011001111101000011000011
10111101011111000000000111110011
10111101001110011010101000101001
10111101100000101110000110100111
10111101001011011100010000010111
10111101000111101101010001001011
00111100011111101010100000110001
00111011100111101001110001000001
10111100100000100111100001011000
10111010100100010010110101000001
10111101011011011100000111000100
00111100011101101001101001100101
00111100001111100100111010011001
10111100001000110101001011100010
10111100100101110110011000011100
10111101001000001000010101101000
00111100000011010010111000100001
10111100010000111110101110101101
00111101001010011111111011010011
00111100001110111001101010111011
10111100010100001011001010000011
10111011100010110001001101001010
00111101010011110110000011110010
00111100100111110100001010011110
10111100111110011010101101111101
10111101000100011101011110111000
00111101010000100000101101011110
00111100101110010011010110000001
00111101001000101001001011100001
10111101011010001010011101000000
00111010111110110011100111110111
00111101000010000110100001011001
10111101001010000100100000100101
00111101000000101011000000010000
10111101001100110000111110010100
10111101000101000111100100110110
00111100010010110011000110110000
00111010011011110101101111000101
10111101000100010100101100000000
00111100111101010111101110100110
10111100101110010001100110111110
00111010111010101101100010001111
10111101010000011011001101000101
00111100000001101011100010100111
10111011110100111011011111000101
00111100000000110111101110100000
10111010110110011100010011011011
10111011110111101110100110000011
00111101000101011001010110010100
10111100110111110010010011100100
10111101010010100010010001110110
10111101000100110100111000011000
00111100100000011010010010110001
10111101011000100110100100111111
00111100110100110101011011011011
10111011111001001101010010101010
10111101100010101110100010101101
10111101001111000101110001001111
10111101001101101101011111001010
00111100101011011110100100001001
10111100110110110011110101101100
10111100111010000010001010100101
00111100010011110000000001100111
10111011101100001000101001001110
10111101100000001011011010100000
00111100101110101001101010110011
10111101010100111010110101001001
00111101011100101111010110001100
00111100111100110111010010000101
00111101010001111001011000010110
10111010110010000001101000010110
00111011100110111010010100001000
00111100101010010000010000001001
00111100011111000101000011100001
00111011011100010101111110101000
10111100100100100000011010100011
10111101000110001010000001111111
10111001011100001000111010001110
00111100100101101101101111001110
10111101011100100010000001100001
10111101000011111111001100100000
00111100110011010111100110011010
10111011011001000110111010110001
10111100111011001111011110110110
00111011101101000011010010101000
10111100100001101011100101001101
00111100110000101000110110100101
10111100000000011101011110011110
10111011101000010000111100100100
10111101010101111010001101011000
10111101000010011111101110000011
00111100110011011100101001001010
00111101011001000011010011000001
10111100111010000011001111111100
00111011001100101101001101111001
00111011111100100000111000100100
10111100101010101010101001001000
10111101010000010010100110100010
00111100100001001111100101111111
10111100010100000001000111111110
00111011100101001101110011010010
10111101100011110101100101000100
10111101000110010010001110100001
10111100100110111101111110010111
10111101001110100101010010010101
10111101001000111100111011001010
00111011011000110000100010101010
00111100100111010000001001001010
10111100100011001000110111101000
10111101010011011001111010110101
10111101000010001010111111101001
00111100100101100111101101110110
10111101011110001111100101111001
00111100011111010111111001010111
10111100101000011001000010100100
10111100111110011101111100101001
00111101000110010010111000011010
10111100110101111011010010110001
00111010001111110101001000011110
00111100100111000001101011101001
10111011111101101001110011000111
10111100110011101011111010001011
10111011110100010110000001111000
10111100000001110110001001101110
00111100111101100001001111000110
10111100011111111001011111111111
10111100101001011101000100001100
10111100110110110111111101000010
10111100100111000111101001010010
00111100100001111011001111101101
10111100101110010110001000000011
00111010101000111000010110101011
10111101010100011111101111010111
00111101001011111000110010101001
10111100111010010101101101111011
10111101001001010010100101011110
10111100001010011000100110110110
00111101001100111000000101111011
00111100100010101011011010000111
00111011101100101111111101101101
10111100101100101011100011011100
10111100111110010001110001000011
00111100011111111101111011001000
10111100011000101010101011100110
10111101001000001111110110100111
00111101010011010111000011011000
10111100100110111010101101111110
00111100010111010100101011010101
00111101011000011100101000111111
10111100100010000111000100010000
10111100010001000000101011000111
10111100101110111101010110010010
10111101010010110111101111101101
00111100111011000101111110001001
00111100011110010010000110000011
00111100100000000000101110111100
00111100011000100100101110110111
10111100101110111101000100010011
10111011101101100010000100101111
00111100010010111111111100100111
10111011111111111110100111011100
10111100011001011111001000010110
00111100110011011110110110011100
00111101001001100111011100101000
10111101000111000011100101101101
10111100111110110111011001011100
00111101011100011001111110000000
10111100011111110010001001100110
10111100010100000011000011011001
00111011110001100110000001010011
10111101100010000011111011101010
10111100111011010000110010010101
10111100100000111010101100100100
00111100100001110111101111000111
10111100110110011111000111100011
10111101000100001101100110101111
10111101001001000110101110000001
10111101001100001001011011111100
10111011111000100101111001011110
00111011100110110110010001111111
00111100001001010101110110000101
10111101000000000110110001011100
10111101000101001011110110111110
00111101000011010110101110010011
10111001101111100010110010000010
00111100000000010000001000100011
10111100101110110000110110001000
00111010010001101111010111101011
10111101001000100110101111100111
10111101001001110001110001111111
10111101001011101001101110111101
10111101010111100011110000111111
10111101001100111111100000110011
10111101100100000001110110000100
10111100100010101010110111001100
10111100110010101000100111011011
10111010000001111100100111101000
10111100101111100001011010001101
10111101000010010011111010010111
10111100101111000111101110011010
10111100100111101110111110000001
00111100111001111101000101011001
00111100110000011111011100001100
10111101010001100010010101100101
10111100010000001100110101110011
10111101010000001010000000001101
10111101010111001111100001111011
00111010010111100100001001111111
10111101000010111110001000110010
00111100111101011110010000101001
10111100111010110001000111111101
00111100111010111010001100110010
10111101001011110010001011110101
10111101001101111101111000011010
10111100001011110101111010101001
10111100111111110111111100100101
00111100000101111111000011100101
00111011001101010010011001001001
10111101010011110100011100110110
00111011101101010100011110101001
00111100110010000011101010010010
00111011010001100010101001110001
00111100100101010101100010010101
00111100111101110110111111010010
00111100110011100000010110000110
10111100111101010001000001101111
10111101000010111001010101000001
10111101000111010110111000000011
10111101001110001100110010011011
10111011101000101010000010101010
10111011001010110100101010010100
10111101000110011001001110110111
10111101000101001000110111100001
00111100000000111011111111110100
00111011001010101101010011100010
00111100001101001100011101110101
10111011011000111001001000101111
00111100001001100101100001000000
00111101000010110111011000011011
10111101001100010110011101111000
10111101000001110000011100110000
00111101000111111101011101101011
10111100011100001000010100111011
00111100101100111011010001001101
10111100101001111101001010001111
10111101000001000110010111111100
10111101100011011000110001000000
10111101011000000000110110010011
10111100111000011011010001100010
10111101010010101100110010101110
10111100000011001000011011000010
10111101000000010001001101010110
10111101010010000001100000011111
10111100100001111011010000001011
10111011000001110001001011101001
00111011101111101100010101011011
10111101010111000011111101011100
00111101010101000110100001011101
10111011011111100111111001010011
00111101000001111111101100101100
00111010101100101100111010011000
10111100100100110000100111101001
00111100001110000001001010101000
00111010101101011011000111101010
10111100110100001111100101000101
00111100011011001110001000001111
10111100100001101001000110001100
10111101010111110111101011110010
00111100100111111101110101100101
10111101000101110011100100101111
10111100110111100110100110101000
10111101000010010001011100010001
00111101001001010111101010100110
10111100110110111011111111010111
10111101011111101000111001111110
10111100110001110010001100110111
00111100000000011000101110101110
10111100110000001101000011111100
00111101000010111100101001100001
10111100011101010000000001111011
10111101000100111101010110110110
00111100110101100111011011001001
10111100110111100111100110011101
10111101000010010111000101001001
00111101010010011011111000101011
10111101100001010010010101110101
00111100010001010100101001010101
10111100100101001001111010110011
00111101010010001100011101100010
10111100110011001100001100000101
00111011010100011001100000100110
10111101010001011111111100010000
00111011001001100101110011000111
10111101011000100001001101101101
00111011100100100101100110001010
10111101001111111000111101100000
00111100101010100101100000001011
10111100010110000100010111111101
10111100010011001011100101101100
10111100001011011001110000001111
00111011100111001101111100101000
10111100011111111011001001011100
00111011111100100110111001101000
10111101000011101101000101000000
00111100110101100110001001011000
00111001000011000011110000110001
00111011000110110010111011101101
00111011001100110100101010101001
10111011010111101000101101000010
10111101001010100011011011101110
10111101000011011100110100010110
10111101000000110011110011101110
00111100100110001111110011110010
10111100100110010011010110001011
10111100110111100100110100101110
10111011110010101100110001000111
10111100011101000000101001011011
10111101010000101110010001100010
10111101010011111010110001101000
10111100110010101110010011100101
00111100000001011000110111100110
00111100001000111010101010101011
00111100000011010010111111100100
00111101001110111110100010001001
10111011110011001111001000100101
10111100101101100100101101111110
00111100110010011110110100001001
10111101100100010001110010110100
00111100000110111011001010011010
10111101000010001011001001010010
10111100100101100000111100001110
00111011111101011010100101000101
00111100101000000111110111101000
00111011101011110111001101100110
10111100000010101010111101100110
10111010000111001101001111110010
10111011010101100100011100110101
10111100000010100010000110011011
10111011001011000001010011000010
00111100001100001101100011110011
00111100101100000100001011001010
10111011111001010111001110011011
00111100100100100110010110011111
00111100010000111110101101101111
10111101100000100111110001111111
10111101001011111111000100111110
10111100110000111011110101111101
00111011111101000100101011000101
00111101001110111010011110010001
10111100111100010111101001110111
10111100101111110000010110010101
00111011100111010100110001011111
10111101011001111010110111010101
10111010000000110110001011101000
00111100010100100000101010001001
10111101001001000010001001011000
00111100100110100101100100110000
00111101000101101001000101111011
00111101000000110101011001111100
00111101000001100100110000100111
00111011011101010110010111010001
10111101100000101111001111100111
10111101000010100001011001000110
00111011111011101010011111001000
00111101000011001000001111010101
10111101000111011111111010111100
10111100110011101001101000101001
00111100011111101010101110011101
10111011101101010011001100101110
00111011101110010111000111010100
10111101001001100010111000110000
10111100101001110101110011001110
00111010101100010001010000001001
10111100001101010011100111001010
10111100010001101001000010000001
00111100110111100100111010010110
00111100111011010110110110010010
00111100111010001110011001011000
10111011100100100011000000100110
10111100100100100011011011001111
00111100101110011110011101111010
00111100000101000001110101001011
10111100111001110001111010001110
00111100000101011111011010001010
10111100111100101110100111100101
00111101001011010101110100111101
00111101000000111101011111010010
10111101001100011010001000111101
10111101011101011111100100111001
10111101000111100100011111011010
00111100101010001111011010110100
10111100001010011110010001010111
10111101001000001000110010011110
10111101011010011101111101011001
00111011110000100000000111000110
00111100010010001000011001010111
10111011101010011011011001110111
00111011101010101011001101000010
10111100111111110000101100010111
00111011110010011011010010001010
10111011010100110000010000001001
00111101010001110010110100111011
10111100000111101101101000101101
00111100011000011100101010010001
00111101010010001010010010111100
00111101001010110001100100110101
10111011100100110100100000100100
00111100001011101001000010110011
10111011100110011011100011111110
10111100001010111000111110110111
10111101001110010010101000000001
10111011100100010000000111100000
00111100110100101010110101011100
00111010101110100101011010010010
00111100111101001111001101101101
10111101001110000111100110111101
10111100000111100111100010110101
10111100111010011101100001001101
10111100111110010010111100110010
10111101000010001110101111011011
10111101010011111001011101011011
10111100010100001001100100101001
00111011100001100101101011100110
10111100111110010011011111011010
00111101010100000011001001101101
10111101010000100110100001011000
10111101100000100010010101101011
00111011000110001010100100100001
00111100010000101101100110000101
10111010110010110010111000000011
10111100111011011000100111000100
00111100111100101010111000110110
10111011011010000110111000011110
10111101000111010011000011110011
10111101010101011000010101110011
10111101100010111101011011101011
10111100011100110010111000111000
10111101100100011110101011110110
00111011010010001011100010000000
10111101001111111011011001101101
10111100101111011100100001011111
00111101010101100101001000110111
10111011010110101011011100010011
10111101001001101110111001011101
00111100001110001100011101010100
00111010011000111011111001010010
10111010000100000011110010011111
10111011010110000110010100000101
10111101011001000101100111101001
10111100110000001101110100000000
10111101010000100010100101001011
10111100011001111011000011011010
10111100000111100111011110001110
00111100110110110000000001100100
10111100110111101111001001101110
10111101000001110111100010000111
00111100111111110101101011110100
10111011101110000110110001111000
00111100010000010010010111111100
00111001111011000110101110011001
00111100011010110100000110001001
00111101010110000010101010110110
10111100101001010001100001001100
10111100000111110111100000001010
10111100001011100101101000000000
00111100100100000011111000001101
00111101001111101111011011001111
10111100100010001110011100011011
10111100111000110100110100111001
00111100000110101111001110001001
10111100011010110001101101111111
10111100011100001101001100100010
10111100101010110101110001110100
00111100011010011111100110000011
00111101000101010100111001110010
00111101000101101100001000100010
00111100110011111100101100000110
10111100101100000001000101100010
10111101000001111111000100110011
10111011100101000110011100110111
10111011101111111111010100101010
00111100000100001001101010100000
00111100001010111011001110100010
10111100100011101000101011000010
10111101010111001100011101100100
00111100111110101010000111011100
10111100010010101011110011100110
00111100110101000110000100111001
00111100001101010110010011110111
10111100101010000100100000100111
10111101001011111010100001111001
10111100100011100001110100001111
00111100110011000101010000010100
00111100010110000111000110011100
00111100100001100001111110010000
00111101010011000010001110010001
00111100101010010010011001100110
00111011111000111010010101010010
00111011000001101001011110001010
00111010001010110011011110101001
00111100100110011011000001110000
00111100100110000001110101000101
10111100101011000100010010101111
00111101010011100111101011010111
00111101000000110100101110101110
00111101011101001001001110011111
10111011001101100111010011110010
00111101000111110111111110011100
10111101100010011001011111101010
10111100101111101111100000001010
10111010111111001100100110111001
10111011100010011101110001001111
10111011100010001010100011001111
00111100011001010101100100011101
00111100111100011001000010110100
10111100100000011110010001010011
10111101100110110011111010000010
10111100101101000111100110110110
00111100001100001111000001110000
10111100110110000010001111011011
00111101000110111100111101001010
10111011001111111000010111010011
00111100100111111101111101010000
10111100101100100110010101001101
10111100101111101011011101011011
00111100100110100010111010111100
10111100001111010011010111100111
00111100010111100011111101011101
00111100111001101100100110111100
10111101010010111111110111011101
00111100010100101111000011110100
10111100011010000101111001001100
00111101010111001100010100011101
10111101000000111011110010111101
00111101001001100010001001010001
10111100110010101111110101000101
00111100111100011010011001000110
10111100110011001111100011010111
00111100011101111110001100111011
00111100100110101101110000111000
10111011100001000010100010110011
00111101010110100010000001000101
10111100111111101111110111001110
00111101011011000111111111111101
10111101010101110111100110100110
10111100011100100100000000001000
10111100111000111001110111110000
00111100000010101100000100000101
00111100001000100110100001001001
10111101000011000001010110010110
00111101010001111000011011101000
00111101001100111101101101010011
10111011110000111111011001101101
10111101100010110000101001100011
10111100100010110011100111111010
00111011010111100011000000100111
10111100001101010001101011110100
10111100011001110101001000100111
00111011010101111001010011110000
10111101010100100100000011001100
00111100100100111000010110111011
00111100111010111010000110111111
00111100100100001000101001101001
10111010101110000101010111110111
00111011111000111101000111111000
10111100001111110001001101010001
10111100100001100010010101110000
00111100011000011011100111100001
10111100100011110111110111010110
10111100010011001111101011110111
00111100011111110010001110011001
00111101001010100111000001010101
10111100111000100001111101010010
00111011101010100101010001001001
10111100100000011011110110000000
10111100110011010101011010100110
00111101001001010101111111101110
10111101100011011110001100100100
00111011101001011001111111000001
10111100001110101101000001000001
00111100000011010011101110011010
10111101000001010110010111011010
00111100110100011001011110000100
00111100110011010000011110011110
10111100101110000000010011110111
10111101001001011111100011000101
10111100111101111011111001010110
00111100110011101011111001101100
10111100100000101100000011100001
00111100101010011001110011111100
10111101000101001100000000110000
00111100101110010100000110011101
00111011101001011101101110100011
10111100011100001010010000010001
00111100010101111010100110010101
00111100111111100001110010100101
10111100100111111110011001001110
00111011001011101011100010110000
00111100010010011101011110110101
00111011000111110011000011100011
10111100011101000011001100001001
00111100110011101000101101000110
10111101001000001101100111000000
10111100110110100011100101010010
00111100100110010110001001011111
00111100100111111010101011001110
00111100000110111111110000101010
00111100111010000110110010111010
10111101010111101001101011111111
00111101000110000100011111001110
10111011010111111100001100101111
00111100011110100001100010011100
00111100110111101010011110011101
10111100010010011111111001001111
00111100000010001011010110000011
10111100000001001001100100110000
00111100100110010001000101111110
10111011111101101000111101101011
00111100100110001010000010100111
10111101010000000011001111101100
10111101010110001010100010011010
10111101100110000101010001101101
10111101001111000110111000010001
10111101000100011110101010000111
10111100111010110110000100101001
00111011010111111101101010001110
10111101100100001110000000010101
10111011101001010010111111110011
00111100011000111101111011101011
10111100100101001100100100010101
00111100111000101010011011110101
10111101011000011000101010001011
00111101000101101101101100101000
10111100100000000101111110011000
00111100101000001101000110101100
10111100010100011101101100100110
00111100010011000001111110011111
00111100000010001101100110010111
00111100011111000010011011011000
00111100000001111001010010000000
00111011001000101001101100111010
00111100110010010101111100010111
10111011100111101011010001101110
10111100110100101001010010000010
10111100111000111000100111100000
00111100010000000000000110100101
00111011100101101010011101011000
10111011101001000000100101010011
10111100100100011000101111111001
10111100100000011001000001101011
10111011101000111101011111001000
10111101011111111111110001010000
00111100110101001100101111101111
00111010011100101111111000000011
10111101001010010110000101000111
10111100001010001101111001011010
00111100100000011010111000101001
00111101000100100110100101010110
00111100111011111111010100101110
00111100100101001011100101001001
10111100111001111110100111001111
00111101000011110010100001001100
00111011100011001101011001111101
10111101000101100101001010111110
10111011011010010011010011011001
00111100000000010110001101011010
00111100000101110111000101010100
10111100111111000111110011101011
00111101001011111011100001001100
00111101000000011001010110010001
00111100101011010011001010110110
10111010111100110011110000011100
10111100111100001001001011011100
00111101001110011001111001111000
00111101000100011110010100000001
00111100100010101110010011111000
10111011000100011000110010111010
10111101000010110101011001110010
10111101001111100110001000100001
10111100010101111100100111010111
00111011011000101001110000011010
00111011011001011011111001111110
10111100100111111011001110100011
10111101011010011111101100000111
10111100101110101010111001000100
00111011111000001100000101010011
00111100100001101100110110100001
10111100100011010011000000000110
00111101010001110000100100001000
10111101000100100111111101001111
10111011000011110000111011011110
10111100000010011101000101001000
00111011110100110000001011000001
10111100111000100100001001001001
10111100011100111101110010011101
10111101010011001100101000011111
10111100100101100001010110111111
10111010001110101001011011011011
10111100001110101011000001100110
00111100110110010101010101001011
10111101010011100101101001110010
00111100011011100001011000100001
10111100000011100111011101000110
00111100100101100100001110110111
00111101000001111010001110111000
10111100111001110011100100101010
10111010000110010110011011100001
10111101001100000011011100111110
10111100100011000100010111001000
10111100001001001101001110001111
10111100101110001100111000100010
00111100101001000100011101100000
00111100000111011001000110000011
00111100100001001001100001110011
00111101011110110001101100111111
10111101000011101111010100110010
00111100000011100111100001011101
10111100011010011101000011101100
10111101000001110000011010010110
10111100111111110111010001011111
10111001110010110100010011011010
10111100100011010011111000011010
10111101000101100100011101011101
10111100101111010001111110100111
10111100000100111010000001100010
00111100111110111101100001010111
00111100110110100101000010000011
00111100100100111001011001101010
10111100100001001110010110101010
00111100001100100001001010100110
10111011111011100000111011101100
10111100111000110111110001100001
00111100000010100000000011010010
10111100110010100010100000100000
00111101001010010010010010010001
00111101001111110001000000100101
00111100111000111111000001001100
10111101001111101011101101010001
10111011100010100001010100100000
10111101011011011110111100111001
10111101100010110010101011101001
10111101001101111101000000100110
10111100011101010010100010001011
10111100011011110100100011000011
00111100101101100110100001011001
00111100100101100100001111110000
10111011001110000110110010101000
00111101100010010001100010000000
00111101000001011101000111100101
10111011111000000100010100100110
00111100101010001011110011001001
00111101001011101010111111010111
00111100111001010001101010100001
00111101010000011100001001101110
00111100111010001101110010111010
00111011110100111111001001111010
00111100001001011110111100000100
00111011011110110111111011110101
10111100100000110110001100000110
00111101011001110001111100101101
10111100101001010100010010100111
10111011010110001000000000000001
10111011011011000001110010101111
10111100101101011000100101011111
10111100101000110000110001110110
10111101000110111101110000001010
10111101100100101101111010011110
10111100100000011010001100010100
00111100011001111000100000111100
10111010110011100111100110110001
10111100110111111101101000001110
10111100101110001001101111011110
00111100010100000011100001110100
10111101000000001111101110000001
00111100110000000100110101001000
10111100001011010010111000011100
10111100110011101101000110000010
00111100110111011111000010011111
10111011000111011110110011011101
10111100110111001011110101001110
00111100101000110111000110101110
00111100101110110000101001001111
10111100100100100010000111011001
10111101000111110110111101111001
00111101010110110001000011111100
10111100100010001001011010000001
10111101010010110001110011000011
00111011011111001011101101001010
00111101000011110010110001010101
00111101000011000011101011110000
10111100000011100101101101110101
00111100000101100010011100011100
10111011111001110100010110110010
00111100001100100111101101110101
10111101000111011000101110110001
00111100001001110000110010001001
00111100101011101101010001111111
00111100111101111011111010011101
00111011110100101110011111110110
10111100101111101000100010100000
00111011110001110110000000111000
00111100100011111111101001111100
00111010000100000101101001000111
00111011100010010001101000001001
00111100100001100001101010110110
00111010101101100000101000001101
10111100100000111010001110100010
00111100111110111100000000110111
10111101011101100001010100011111
00111101011000110110101000010101
10111101000010000101101011110101
00111100111100110001000101000011
10111101000001100110010000010110
10111101010110100110011100001001
00111100100111101010011111000101
10111101000011110000110101100100
10111101001011111101111001101000
10111101011011110011000001110000
00111101010110100101100111111001
10111101101010111101110011101010
00111101001001100010011110001100
10111100011000111110100010000100
10111011011011101111111000100001
10111101000101000100000010010110
00111100000011111010000010101011
00111101100001111000100111100111
00111100111111011111100110110110
10111100110011110100010011001011
10111100000100111001011101000101
10111011001000011011101011100000
10111101010100001001111110010100
00111010110111011000100011100100
10111100100010000111101010001000
10111100011010111011100001100000
10111100110000011100111000010111
10111100101101001011001100100100
10111101000111000100010110001110
10111001111000001110101110010010
10111101000010110011100100101011
10111100110010011100000000101010
00111100011110110111101001101110
10111100101011101101001010100101
10111100011111000011111100111010
10111100101111000001110010011001
10111101000111111000100100011010
10111101011100010101001110000101
10111101011000011110101101111011
10111101011001010110001001001010
10111100100101101100010111100011
10111101000000101110011010101111
10111101001100010001101001010100
10111101000001100001010101110010
10111100111111000101001110110001
10111100001101111100111111011111
10111101011111011010111011001011
00111100100000100010011000010101
10111100000001100000011110101011
10111100101111000110101000011000
00111100011001100010001011101001
00111100110000000000100101010001
00111100001100011101111101100110
10111100111011110110000001000111
10111011101010101111100000101110
00111011000110100001001010101101
10111100101000110110010110100010
10111101001101010100101110110101
00111100000001111100100110110000
00111100101011100010000111110011
10111011101011010001011010001110
10111100111001011110100101100010
00111100101110111110001101000010
10111101001110110010100111100100
00111100111011011100111111100011
10111101000101110101000000001000
00111011110111000010111000101000
10111101010110010000100011010011
10111100001111110101000100000001
00111101000110001101110111001010
10111100110111001000010000111110
10111011101011100010100011100001
10111100110010010001110001010100
00111100111110101011101110111010
10111100100010011110101100010010
10111100100011010001100101000000
00111101000011010110110010110101
10111100101111011100101001101101
10111100111101101111111100011010
10111101001000000101111011101101
10111100001001101001001101100111
00111101001111100111111000110011
10111100011000100011001000011100
10111100101000110001110011110001
00111100110111011110111110001000
00111100110100001110100011011010
00111011100010101010000010110101
00111100011010101001010100110000
10111101001100001010011011110101
10111100111101010000011000010101
00111100110011010111010000111001
10111100111010101010111011010111
10111101001000001011001001011001
00111100110000001100011010010101
00111100110110110111100010111011
00111100110111101110010001010100
00111100111100000011010111001011
00111010110010000000001110001101
10111011111010011111100111110111
00111010100011011110100000010011
10111100101110001100011110101110
10111100000110011000101011111001
10111101100101000111000011011010
00111101000110001011101011101011
10111101010110110101101010101100
10111101001110101100100011111101
10111011110000101011111010111011
10111010100111000000100110111110
00111100000000100101011011111010
00111011101000101111111110000111
10111100100000010010001010011101
10111101010010110011100010100011
00111011110000010110111000000001
10111011010101111101111000110100
10111100101010011010100110111101
10111100000101101011001001011111
10111100101000100100111110011010
10111100010101001010001111000111
10111101000100000001011011011010
10111010000111101000010010011110
00111011100110111011111110010001
00111010100011111110100000011010
10111100011100100111000110100100
10111011100011100010010011011111
00111010110100011100101001111110
10111101001111111001100101111100
00111100101110001010111100010011
10111101000011101110101101011011
10111101001010000110011111111010
00111100010011111001110000110001
00111100010000111000001000100011
10111101001111100111111100100100
00111100100100000111101000010110
00111101000110001010010100010111
10111100100101101001100001100111
10111101100110000010010010101110
10111100110111001101001001101001
00111100110100010010101110010110
00111100110110111010000000110101
00111100110001110010100110101110
10111101010000100010110010001001
00111100010000100000101111100110
10111100000001000000111000001110
10111100101011100111011000110100
10111101000101111111001111000101
10111100001011000011101110000111
00111100111000111011010000100100
00111010011011011111010101100010
00111011111111100110001011011110
00111011101010110111101010101101
00111100001111111101110001011100
00111100000011011111001111000111
10111100101101100001111001101011
10111100111100110000001101001011
00111101011001100011011110101101
00111100101000000010110010110011
00111011110110000010100011111001
10111101010001111101101010100101
10111011001001111100111101110111
10111101000000010111000010100100
00111100000010010001000011111111
00111101001110111111001110011000
10111101010001011010001010000100
10111101010010110100101111111001
10111101001000000111011000101101
10111011001110011100111001100001
10111100010111101000011110000100
00111100101100100100100110000101
00111101000101111100010100000001
10111101000010111110001100111000
10111011011000010101011101110100
10111011100000101000001110010101
10111100101011111000001110001000
00111010110000001001100111110111
00111001100110110100011011110011
10111100100101110110111000110110
00111100111000111000100100110000
00111101000111101101000100101000
10111101001001000110101001100100
00111100111110001110010010111011
10111100001011011000100010110000
00111101000101100000011001000011
10111100110000010111101100010000
10111100011101110000111000001100
00111100110100010010110000100011
00111011100100111101101100100011
10111100101010111111011101001111
10111011001011001110001110101011
00111101010111000001011001011110
00111100011100011100000001111100
10111011011100110110000101110111
10111100101001101000100110100001
00111100001000010101111010000100
10111101001010000000010000101011
00111101001111101110001110111101
10111101001111001100011010101101
10111100110000111011001011100011
10111100100110011101011000100101
10111100111000011111010001010101
10111101000001101000000001010100
00111101000001011101111000011000
00111001101100010111001110011101
10111101000000101110011001110101
10111101000011010111110110000011
10111011001111110000110001011110
00111100100101100101011000000011
10111010000110001100101101001011
10111101100100000100110100000111
10111101001001001010110111110011
10111100100111110110110100010100
10111011100011001100101011111000
10111010011000000001000100111100
10111101011011110000010011001111
00111100100111101110001011111111
10111101100001100110000110111011
10111100000110100111101001111001
10111011110101101010011001000100
10111101000000011111111110011001
10111100110000001001111000001111
10111100100110111110001000101010
10111100111101010101011110110011
00111100101100011111111110101000
10111100100001101010111111001111
10111101001110001100000100010011
00111011110000000111111010100000
00111011110111110000010111110110
10111100110111101111110001001000
10111100100110010000001010011010
10111011001011011110110010011010
10111100101000001011111010000100
00111101000101110110000111000110
10111101000000011110110010001101
10111100101001111101001010100011
10111100010010111111000011111010
10111100111101011100100110100100
10111100100011001001101100001001
10111010110000010110100100010011
00111011111000111110011011110011
10111101010010101100001100001111
00111001011001001001000101001111
10111100011011100101110010101101
00111100100001000111100010011101
00111010001000100100000111000100
10111100100110101110010001010011
10111101000000110110100001011010
10111011010111001111010010011100
10111100111101100100110111101111
10111101001110000111111110110111
10111101000001001000101010111110
10111100011001011000100010000111
10111011100111010000110001101010
00111011110101000010011110001101
00111100011010000101011100111110
00111101000000111011001111111011
10111101000100100101100001110010
10111101010111011000110100000010
10111100111100000010110010101001
00111101000100101000010000111110
00111100100001011110100000110000
10111011111101011000111010110011
10111101010011100010011110001001
10111101000101100000100010000111
00111100100110111100111100111111
00111100111100010111001110011010
00111100100000000101001101111011
00111100100000010000100000011100
10111100100000010010110101111100
00111101100000010001110010010110
00111010000110110011111001101000
00111010111111010110100000011010
