10111101101001011001000000000101
10111101111011000110101111101101
10111101100010011101010110001110
00111011011100011101101111001110
00111100101010010010101010111100
10111100101000101000111010101000
00111101101111011111111011101000
10111101000010101101010111011100
10111101000001010010111011001010
10111101001111011101001010111000
00111101111001111111111100011000
10111101011101010001110010100011
10111101011000001010010000101000
00111101101100100100100011011010
10111101011000011001111110110100
10111110000000100000111101011100
10111010100100110001011010110011
10111101001010111010000100001101
10111101101000010001100000111101
10111100001111000001001011010000
00111100100100111001010010111110
00111101000000000010100111101000
00111011110010101010110111101011
10111101011000100001000111011010
00111101110011111101110111110100
10111101000100001001100111011110
00111100111000111101010011101111
00111101111111001101101110110011
10111100100110100111011010011001
00111101000011011101111011110110
00111101001001000110000110000100
10111011110101001010011011111000
00111101010000100111110001011110
10111100100001111011011001011101
00111101010000101011001100001000
00111100001100111001100101001110
10111101111001100101011000000010
10111101111001110001011000110101
00111101110000000101101000100001
00111101000001010100001110001110
10111101010000011111100011010000
00111100101101111001001100101111
10111101100100001100101000111101
10111101011100100110010000010110
00111101010101101100100101110011
10111100111010010010000111111010
00111100010100010010001010000001
10111101011000010110111011000000
10111101111000001010011100001011
10111101100110000000000011010101
00111101110011110000101100100101
10111101011011110011000000101000
10111010110111000100010100000010
10111101111011010000011010110001
10111101100100101000011001011001
10111101011100110010011111010111
10111100101010000110011010111111
10111101001001000101111000111000
00111100111100101100110001100001
10111100111010011011000101010101
10111101011101001010111010100010
10111011010001100010101000100111
00111101101010001110000010101011
10111100110100100010010100011001
10111101101010110111111101110111
00111101110000001110001101110001
00111101100011110001100010100000
00111101100000001100111100101110
00111101000111010010110100000110
00111101011111001110000001110101
10111101011011000100101110010001
00111101111000111100101000011010
10111100010111010101111000111011
10111010110100010010001001011111
10111101110111010011111010100010
00111101001101110011111010001110
00111100101110000101100100011110
00111011010101000001001101010100
10111101100000000101001100011111
10111101101111110111110001111000
00111101100111001110001110100000
10111100110011110111101101110000
10111101100110110100011000000100
00111101001111011101000011111000
10111101001011111111000011110111
00111101111010100110000100010111
00111100111010010100001110110101
00111101010001001110011011011100
00111101100000101100110110001100
10111011001111000111010111011101
10111101110101001111111000010011
00111101111100010101110100110100
10111101001111110001010110100010
00111100011001101110101110001111
00111100101110000001110011101101
10111101110010010101110011110100
00111101001100100011011011110001
00111100101111101001010011101110
10111100100000100101111001010110
10111100101010110001000101011000
10111100100101000000111101111111
10111100001000110011100010000110
10111101000001110111001111110001
00111101000110010110100010001000
00111100100111001010010111000010
10111101111001101001101011010001
00111011111111011001110101001011
10111101010110011001101110011001
10111101011111001111010000001101
10111101110110001100100101010110
00111101111001001100110011010101
10111101110101100011010100001000
10111110000100010110011001000100
00111101101010001111010110110001
00111101101100101111111011111001
00111100100000100110000110111111
10111101011111111111100111000000
00111100001010001111101101101101
10111100000001000000000101111010
00111101101011010101100001101100
10111100001010110100100111100100
00111101000001110011001100101111
00111101000011101100011100111100
10111100111100110010011011100101
10111100011100001100011100101011
10111100111100010110010001111110
10111101110010100110011011100011
10111101100000101110010000111111
10111101100000011010010111100100
10111101000101111110100011001111
10111100110101101000011001101011
00111101011111111100111000101010
10111101000010101010101100111010
10111101101001110010010011100001
10111110000011110001101100101001
00111101111110010110001000100111
10111101010011110100110100001011
10111100000001000110000011011100
00111101011110110100111011010101
00111101011111010101011010010001
00111101000011100101100010000000
10111100101111111001000100101101
00111101010100010111100010101111
10111101010001001111011101101110
10111100100011110100110101100011
10111100100001010110100110101010
10111101011010000111011100000001
10111101001100010011000110101001
00111100111000011101101000111111
00111100111101000010111101000010
10111100111000011001110110010010
00111101010001001101111101111101
00111100010111000110110010011100
00111101011110010110111011110001
00111101110011101111001001001101
00111101000010111010000110010101
10111011111010011001000011011010
00111101110100110101011000100011
00111101110011001000010010000100
10111011111010100011000101110111
00111100000001101010001101001001
00111101111011110110110001000101
10111101101101011111100100001010
00111100100100100011101011011001
00111100001001100101001010010100
00111101111011111000011001100101
00111101101111001101001100101011
10111101111111110011101111010101
10111100001110101111010011111101
10111101111000110000101011010011
00111101101111010000101100011111
00111101010111100000111010011101
00111100000011011100011010000100
10111101000111111000100001110011
00111101011011101111010001010111
10111101000111000000101011100100
00111100100100001110001010001110
00111101011001111101111100110100
00111101010010110011001100010001
10111100100010010001001100001010
10111101000011111011110010000110
10111100101001100000001010110000
00111101000111101001111101111100
00111101010010010101001001000000
10111101101101000010000111011000
10111101110000001000101100100011
10111100100011010010111100111010
10111101100011110101110101000101
10111101100100100001101100010100
10111100111000100011110110101110
00111101011001100111100010101011
10111101101100101111000110110001
00111101100010000110110111001000
10111101110000110110100111001001
00111100001110101001010001000001
10111101000101000111011110101010
10111101111111110000001100111111
10111101101111001111111011110101
10111101011001110101101101011110
00111100110110011110010111010010
00111101100001101100011110000101
00111101101100110010111000110011
00111100110010010001011010010000
10111010100111011001000111101001
00111100111011011101011011010010
10111100111111101101100001000101
00111101100111110000111010101100
10111101110100001010000101100000
00111101010111100100110010010111
00111100101000110010000000001010
00111011111001110000101111000011
00111101011101100110011011001101
10111101010111010101011011111010
10111101111101110101100000001001
10111100011001111110100111000011
00111100110101010101101101100100
00111100010110000001111111110010
10111101000001100111110110011111
10111101100001010001111001100000
00111101101001101110001100000011
10111100100110010000011010001011
10111101011111101011101001111111
10111101101010000000101011010101
00111011001011011110110110001000
10111101111101011000000100010001
10111011111101000110110001011111
10111101010010101111001101100101
10111100110011001110110001000100
00111101100000100110001000010000
10111101011101110001001000100101
00111100111011010111001110011011
10111100111110011000110100110110
10111101000001100011111100001011
10111101100000001001100000001011
00111101101010101100000101100110
00111101011101110001000101111010
00111100100010011110101000000101
00111101110111111011001000100001
10111101000101101101100010101001
00111100110010110011111110011100
00111101000110110101100101101111
00111011111110011000110001010101
00111101110111110011110011100111
00111101001100011110011100011110
00111100100011111100110110110110
10111100011101011011011001001011
00111101011100010101000111000111
10111011110101010000011100110111
10111100110101000101101010101110
10111101101110011000000011001010
10111101000101011011111000111000
00111101110011001100110101111001
10111010100000110001011010011101
10111101101110010101001000001011
10111101100010001001110101111111
00111101000010111000110001110100
10111101001100101110110110000000
10111101001001001010010110110001
00111100111100011100110010010101
00111101111100010001001000110100
00111100011111110110011101111111
10111100110000011011110100101100
00111101001100000110011111000110
00111101010000111010001111101101
00111011110001111111101010100101
00111101100000111011000100100101
10111100101001010000001110110011
10111101111000100000101101000001
00111101000011000000100100000101
00111011000111101111100011111010
00111100110101101100110110011110
10111101100111000000010000010111
00111100001010010111110110100111
00111100001111101100010111111011
10111010111000011001011000010110
10111101110001110101000010111101
10111100100010111101011011110111
00111011111000001011110010110101
00111100101001101010111000100001
10111100100001011101111101101111
10111011101001110000101110110000
10111011000001111111001001100101
10111100110110001010101110101001
10111100000000010100010010000011
10111100111100100110101111001110
10111100000101010000000101110010
10111101001111011110011010001000
10111101001100110110011110000010
10111110000010110100011110100101
00111101110101011100111101111011
10111101101101011010001100110000
10111011000011011011100111110101
10111101101100110111010011011100
10111101100000010111100101010000
00111101101100001011011010101101
10111101010111000001001001101010
00111011101101101010011011101001
10111101010110011000001000100010
10111100100011010110101000110110
00111100111011100000011110000110
00111101001101101000000100111001
10111101101001010011010110000000
00111101011110010100100100100011
00111101100111010111111000010000
10111100010100111001001010011101
10111100110101001101010011100011
10111101100111011100001111011101
00111101011100011000001001101101
00111101100101010000111011101100
00111101101110011010111101000011
10111101000110001010100101100001
10111011001001000110111011110001
10111101001100001011110100110100
10111101101011001011111100101101
10111100101001101001101101011001
10111100111001111010111110101110
00111101100110000001001000101100
10111101010111001000010001110110
10111101011000000011110001100101
10111101100101010101101111110010
10111101000000110110000111011101
00111011100000011111110111111100
10111101101010001101110111011010
00111011111110001010001110110111
00111101100010001010000000010000
10111100001100000101101111110011
10111100100100100000100110000110
10111101100110111101001000111110
00111100111000100011001001001001
00111101000100110101001000001101
10111101100110101010000011000011
10111101110010101001101010100011
10111011111100001111011000111000
00111011101011011110111001000000
10111101101101000111110001110001
10111101010111000100110010101010
00111101000000000100101010100100
00111101000010001111001010000111
10111011000100110000000010111111
00111101000111011010101001011111
10111101100101111001000100111011
00111101011001001110111100000100
00111101100100001000100010110010
10111101100010010010101101010000
10111100101101100111100111111100
10111101000011001110000010001010
00111100010011000011100000100110
10111101110111000101010011111111
10111101101000000010000000110101
10111100010110001101101011001111
10111101010011000000100000010101
00111101110010110001110101110110
10111100011001111000000011011100
00111101000001110000111010110011
10111010000110000010011110001100
10111101110000001111100010111100
00111010101111010001000110011000
10111010100011111000001101010110
00111100011011000110111101000100
10111101100101110101101011111011
10111101100001001101011001101110
10111001110100111111110001111011
00111101011001011110101001110000
10111101000001011000011011001010
10111011011011011100110111100011
10111100101001100011110011001010
00111011001111111101000001011111
00111100101001100000001110110000
00111101001110100000100010001000
10111101101010000011110100100001
10111101110110100000001101000110
00111101001010101100011100001001
10111101101010101011000111000110
10111101000001000001000001011101
00111101111010110001111100111100
00111101101100010100011000101101
10111101100001000001111101010001
10111101100101111010111010011101
00111011110111100100011111110011
10111100100100000111000011110100
00111101001000110110111101000011
10111101101011111110101011110011
00111101110001110000000011101110
10111100010010111110100100100011
00111110000001110001011001011111
10111011111110101011000011110001
10111101101100000110000110011111
10111100100001101110101001101011
10111101001010010110100010100110
00111101001010100011110001101011
10111101010010011111001100011000
00111101100100011111101110010100
00111100100110011110111110000010
10111101101010110010101101010001
00111101000011010100000000111100
00111011001001001110111011010111
00111101111000111010000001111001
10111101011110001010011111010000
00111101001111001110011111001010
00111100101000101001000001001110
00111101101010110110010011110111
00111101111110010100010111101010
10111101011001111001111110011110
00111101001001111011111011001011
10111100101111001011010010111011
10111100001011000100111011111010
00111101010110001011111101001100
10111100100011101111110000000000
00111101011100110010110010000110
10111101001100110101011011000101
00111101101100001011010001111000
00111101010001010000010011001010
00111100011100001010101100010011
10111101011111011011111000100110
10111101011000011001001001100110
00111011010100101110011111001001
00111101101011001100010101000101
00111101101001110111011101011101
10111101111011111000111011001011
10111011100100010110010101101100
00111101011110111101111011001111
10111101111011010000111011011110
10111101000000001100000011110110
00111101101110110000101101000111
10111011101111101101011010111110
10111101100110000110111101100111
10111100000001110110100100010011
10111010101100111100011000101111
10111101010001111101001001101010
00111101000010000010010001000111
00111100111110100010010110100010
00111010011111011010000000001101
10111100110010101101010001001010
10111100100100001111011001110100
00111101010000010010010111100000
10111101011001001100111010101110
10111101011111010010000001101111
00111101010011010111010001111011
10111100111101100010010011101010
00111100110110101000111000001000
10111101111000000101111010100100
10111101100011001001010111001010
00111100001101100010101101101001
00111100111011011111010101010101
00111101000111011110010110010110
10111101010011001101011000110001
00111100010101000110101010011110
00111101001001001001011100001000
00111101111011011100011000011010
10111101000000011001001110101001
10111101010110011111001101010110
10111101100000110010111100000000
10111100100100110110111110110010
10111101101100001000100001000111
10111101111000011110000010111001
10111101110000111001001111101100
10111101000110101010010100000011
00111101000000100111000100011101
10111010110011110100101110000010
00111101100111100001001010000010
10111100110100010110010111010110
10111101001000111110100110101011
00111101000001100111101010100110
10111101111001010001010011111110
10111101101110001100000000000111
00111100101111000010111110100010
10111101101111001011000011000010
00111100111100101100011010011110
10111101100001101100010111110001
00111101111101110010001111000100
00111101100111110011000001011100
00111101011010101101011111010111
10111101010101111000100011101011
10111101100101101000110110100010
10111100110100001100110111111101
00111010100100111010001110101010
00111101001000111000010010111010
10111101011111101001110111101111
10111100101101100110111000101011
10111101010000011010010010001001
10111011110111100001101111010100
00111101100011110100001111111110
00111101101011110101101111010111
10111011110010001011000110010000
10111100101100110101101111001011
00111100011000110110001110001100
10111101111011100111100110001111
00111100011001111111111111000001
00111101100110011110111110110000
10111101000010011001101011100000
00111101011000101001110010001100
10111100100111001001011100100000
10111101001111010111010100010110
10111100000001110101111111111111
10111101110101000011000110010011
00111100101011100000001001011001
00111100100011110011101100111110
00111101100010111111111110001000
10111101101111110101100111110100
00111011011010011011110001111000
00111101001100100110100010011001
00111101000110111001011100011001
10111100010111010100100110100010
10111101100000101011001000100010
10111011100011001010111110101101
10111100010000101000011010010110
00111101111011000110001001000100
00111101100011000100111011010000
10111101101110101101001011010111
00111101001100111011101001011001
10111101100011111100001100100001
10111100010110110001110101110110
10111100110000000110010010100011
10111101110010011000000101111111
00111100110110100011010111000101
10111101111011101100010011111101
00111101110000011111011110101000
10111101001011101100010001100100
00111101101000001011110110110111
10111101100000010101010001101010
00111100100111110010001010011110
10111011101000000110010010010011
00111101000000101100011011100011
10111101011000010000101001010000
10111101100000110100001001111001
10111100000110011010101101001101
00111101111101110110010000100001
00111101101100010100101110100011
10111101101111010100100010000100
10111101101110010001001100011000
10111101010001010010010100011011
00111101100111111111001001111001
10111101001000101010110001000001
00111010101011100110110100111010
00111101000011001000011000110101
10111101001001000000101101111010
00111101000101111010000101011100
10111100010001010100100111111111
10111101010011110010011001110011
00111101110011000011011011001110
10111101010000011001110101011010
10111010010010100000110011001100
10111101010010110010101001011001
00111100001111000111110100110011
00111101000000101011011000010011
00111101011011111111111110101010
00111100110010100011101110110111
10111100101110110100001000110011
10111101001010111010000010100000
00111101000111010001011110111000
00111101110111000110110100011101
00111101000100011010101001000010
10111100100100011011000000101111
10111101110000111011101111001111
10111100111001100000110000010101
10111011110000000111000110011111
10111011111001111111000100110100
00111101110011010100101000001100
10111101110011010111100001111100
10111101110010111010101101001111
10111010111000011111111001100011
00111101011001010111010011110000
10111101100001100010010111111111
00111101000010001100000100111001
00111100001010110010001000011110
00111100100100111111001000011000
00111100110101001001010100110000
10111100100110100010000010101000
10111011100100110010011111101000
00111101001101110110010000010100
10111100101001010001010010010010
10111101110010110011010010011110
10111101101100001010101010010000
10111100010110100111010001101011
00111101111111011110111000101000
00111101000111111110000010001100
