10111100010100110100111111100100
00111101000001110100110101100100
00111110000000001110011001010000
00111101101001101010101100101001
00111101101101101100100100110000
00111110000001111010101001000111
10111101110110000101000011110101
00111101101110110110111111001100
00111101000000000111010000100011
00111100001110110110110110111100
00111100101011110110111011000101
10111100110101110100111000111010
10111101000011110110001001100111
10111101000000110100001001111111
00111101011111101111110000100001
10111101000101000001111000010011
00111011000010000010101010100100
10111101100001001110011101110111
10111101100100001010111110000000
10111100011101100011000101000101
00111101100010110011010000001101
10111110000000011011110010100011
10111101101011010110111000101101
10111101001011110011001101110101
10111100010110001100111100111010
10111101000100001101110110111010
00111100101110000010111110100101
10111101001101111001010101000110
00111101101011000101100001110101
10111101111001110101110000000001
10111011001010100110011111101100
10111100010111000000110110110101
00111011011001111001101011000010
00111101110011111101111001010110
00111101010101010100101000010110
10111101101111000101101011111010
10111101010011000101111101011111
00111101101110111010101101100111
10111101100010010100101101011101
00111101100011100000011001110000
10111101010101001100101101001001
10111011101000100011111111010101
10111100100111011111001110101101
00111101011100010000110001011100
00111101000010010001101001001011
00111101100101001000010011101100
10111011110100010011100011100001
10111101010001110010111101100101
10111100100111110001101101101000
00111101101101010100010000110000
10111100011110000000110011111001
00111011000010111001100110010101
00111101011110110101001000101011
10111101101100000100101000011111
10111101101111111010100111101001
10111101010010110010100011001000
00111101000000000000011101010001
00111100110111111000010000111111
00111101100001111111000000010000
00111101001000110111011010111110
00111100111110111111000001010101
10111100100000101010001110000101
00111101001011111101100100110010
10111101001000011110000011010110
00111101110101011000000111001000
10111100100000100110110110000110
00111101000110111011101000001110
10111101011101100000111100001100
10111101111011000100000101000010
10111011100110101000001011010101
00111101110010111011110001000101
10111100101001110101110011101101
10111101010001011100110100010100
10111101111001110100111010100001
10111101110001000010110001001110
00111101100110110101010011011011
00111110000001101000011000011111
10111101111111101110010110101100
10111101100011001011011101110101
10111101010010000011011011100111
00111101001010011100001110011011
00111101110001010111000110101001
00111101010000100100101100011011
00111101101011011110001110001000
10111101110000010110101101100101
00111101000100011100001011101000
10111100111111011111101001110011
00111100000100111010100111011001
00111101000010011011111110000101
10111101100011101011000110001011
00111101111101011111110111100100
10111101100101011111100000000110
10111101000000001101101011101100
10111101101001110010010111000100
00111101100010011001011010011100
10111101111010001110000100111100
10111100100100011010101011000010
10111101100111100110001101100011
00111101000010010001110000010101
00111100101110101000111001110011
10111101000111101010010101100000
10111011000101110100001111001001
10111101111010100000100101110000
00111101101101101001111010000101
00111100101101010100101000100001
00111101111110000101000101111111
10111101100111001011111101110110
00111101100101110111110010000111
00111100100001001000010111010001
00111110000001110101000111001110
00111101100010011100010001110111
10111100111010010000110011001111
00111011010001000100001100001001
00111100100000100010001011001111
10111101001110110011010101110010
10111100110001011100000000111010
10111101101011111100000110001101
00111101011000001011000000001011
00111101011100010010110010111111
00111101001110001111011101011011
10111101111110011011011011000001
00111101011001111111000100010110
10111101011000001111011101011010
10111011101110100001111010000001
10111101011111000000101100110010
00111100111010100110011110001001
00111100110110000101001111101111
00111101100010000010110001011001
00111101110001001011101010100111
10111100000000101010000001110010
00111101001011011000110111011000
00111101011011101101000000001011
10111101100001001100000110111110
10111101100111001101011010011001
00111101101010110010010101010010
10111101100010000111101000111111
00111101100010011001010101101000
00111011101010011001101110000011
10111101001010110010001011011011
10111101011101010001110101010100
10111100010000110100001000010000
00111100000111011010101011110110
10111101101010110011100001010110
10111101100100010010011111101111
00111101001001110111011111101110
10111101010010101010001111011101
10111100010011001100000010010000
10111101111010101001011001011010
10111011101001101101010101110110
00111101111101111101100111000011
10111101010000011000101110011111
10111101101001010101011111001001
00111101100010000111100011100101
00111101111111110001001101101001
10111101010001000010110011011111
10111101001001100100010110110010
00111101000101101110010010010010
10111100111100111001000000011110
10111100100100000011001010100100
10111101010111111000001111011011
10111101011011100100110100001011
00111100110101101000000110001111
10111100101100000101010000000001
10111101011001100000111111111111
10111101010000100010001101000111
10111101011110111001000010100001
10111101001000010110011000001010
00111101101001100000111100011111
10111101001101011100011000110110
00111100100100100010100101101100
00111101111110011110011011110111
10111101011110010111010100100101
10111110000001000011110000011010
00111101011001001010100101000001
10111101001110111011001100010010
10111100110011110011000010110111
00111101110001000101011100011001
10111011110001001011011111011000
00111101100001011101010000010111
00111101001110000111111110110000
00111101101101101110101111011001
00111100110010111000010001111101
10111101000011111100011110111110
00111101101110100001100010011110
00111101101111101010000010110010
10111110000001100001100010001001
10111100101000110110011110110110
10111101110010101110001011001101
00111100100110100000111110010000
00111101010110001000100001000101
10111101010001011111110011110000
10111101000111001011000010100001
00111101101010000110100010111110
00111101101110001000100010101011
10111101000001111010011011010000
00111100101000101100010011000000
00111100101111110011100001011100
10111011110100010000001100111100
00111101111001000000010011001110
10111101100101001010111011100101
10111101001110100100000000010111
10111100011100111101001000111001
00111101000101011011000100000110
10111100100001010010110110111001
10111100010110101011101110001011
00111100100011100011000001110100
10111101100011001101010010000010
00111010100000111110111000111100
00111100110000101101001011101100
10111101100111011111110011010010
10111101010111111101101001101000
00111101001010110011011010001101
00111101101011000110110100111001
00111011110000000010010010010111
10111101101010010010101100101011
00111101000010000111011111011011
10111101001101010101100101010000
10111101010110010101010011011101
00111101101110111101100011011110
10111100101101001000110101101100
00111101001100010111010100111000
10111101010110101101011000101000
10111010000000100110011101001100
10111011101010111111010011100100
10111100100010100110010010011100
10111101000111000110000011011100
10111011111101001110001100010000
10111101110000001010011110101100
00111101010010011010100011000000
00111101000101100010111111101100
10111101000111101111100000000100
10111101110110101100110111010001
10111101000101111110101101011100
00111110000000101001110001001000
00111101000010111000101010000011
00111100100010011010011010001100
10111000100001001100100000110011
10111101100001110010001010000000
10111101001100011000100101110000
00111101010100001100101111010100
00111100111001000001010011101001
10111100101001100000101001001111
00111101100101010010000100010100
00111101001101010000101101111111
00111100011110011001011010001010
10111101101101111100110110011001
10111101100101001001010100001000
00111101001000100001111110011011
00111100100110110010110001001011
10111101100001111110100011101001
00111101110001001010110011000001
00111100111000000010110010100010
10111101101011100100010000000111
00111101010101000010111011110110
00111100110001000000111100001100
00111101010101000010011100110100
10111101000000101011011111011010
10111100011010011111010111011110
00111011101011011000110010101110
00111101011111011110111101011100
00111100010001010100010010111010
10111101010101101011100111000101
10111101101111001000100111100100
00111010101010110100111010101000
10111110000001000001010000001111
00111100010001010011010011011101
10111101100001010100110010110010
00111101100101100111101011111011
10111101111000011110010011010111
10111101000000001000001111111111
00111101100010001000110111100101
10111100101010001100001001111101
00111101010001111001110101100011
00111100110111110000111101000010
10111101011001010011101010100100
10111101010101100111010101100011
00111101011001010100101010011111
10111101100011000111111001001110
10111010101001111001010001010101
00111100010010000111001101000001
10111011100000110001000111010101
10111100100111100000111101011011
00111101101111101101000001010010
00111100111110010011001111001100
00111011100000101101010100011110
10111101100001101000100000110010
10111101000110011101001100001110
00111100100000000100110010000000
10111101001101110010010111010110
10111101001010111111100110000011
10111101100100010000000010001100
10111100110100000010110110010000
00111101001100010111011110110110
10111101111011000001111110001000
00111100001010010101010101011101
10111101000001110100011000110111
00111100111111001110111110111001
00111110000001111110110000010011
10111101110101101111010100101001
00111101100010101000100111110011
00111101001011010001101000000001
10111101100001011111111110000010
10111101000110100001101001010100
10111100100001001011101111010110
00111101010000101101110100101011
00111101110011010011111111111010
00111101101010000011111010010101
10111101100110110100000001101111
10111101001000010010111110101111
00111011100000100101000100101001
10111101111000110011110011110001
10111101100101111010011000011101
00111101000111111111010010101110
00111101000011010010001111001001
10111101010110010101001100111011
00111100110111010100001000011000
00111100100011001011101100100111
10111101001011010000011000111000
10111101101101110010001011100010
00111100000001100110110111111010
10111101010110000111110000111011
00111100100100100011101000100100
00111100011011000100100001001111
10111101001000011000101110101001
10111101110100110111111010000110
00111101001011010111010111000101
00111100110010010000101111111110
00111101110111011010010000000110
00111101010101111101101110000010
00111101010110110010001001000100
10111100000111111110111111101001
00111100101000011101100011101110
00111101000010100110001001101101
10111101000100011010111010111101
10111100111001110110001110001100
10111101010100101000100000111100
00111011110000011000111010010011
10111100111100100110010101011001
00111101101011110100001011100001
10111101101010011010000111010001
10111101011000000111011101101010
00111101100011101000000100101010
00111101101101001100011001000010
10111100000101011011001010000011
10111101100000101001111111001100
00111101101001100100000111000001
10111101110010010110110100101101
10111010101101010111011010000011
10111010011001101001111000001100
10111101101111110100110001111011
10111101100010001101101101101001
10111101100001011001000011001110
00111011010110111000111101100011
10111101001011001110010011110111
00111101001010100011011000011011
10111101001111100001001000100000
00111101011110011101010010101111
10111100110111011100100100111011
10111100101111100110101101110101
00111011111010011000010101000110
00111011101010001011000001110011
10111100100011000101100010010000
10111101110001010100010011000111
00111101001000011000001011011101
10111101000111011010011111011111
10111100001000010111000111101111
00111100101001110110000000100110
00111101000001001101101000011000
10111100101001100111110111001100
10111101000000101100111011010100
10111011100101111010101110001111
00111100100011001001100110110011
00111100111001110010110011000110
10111101011101000110010110101001
10111101000001001000110000110101
10111101000010010100010000101101
00111100011000101111110011010001
00111101010111111010011111111001
10111101110011010101001001100111
10111101101011110101010100100101
00111100000010111011111100101011
10111101010000111100101110010011
10111101100010011101100010100100
00111100100101101110100110010110
10111101100010100101000011011010
10111101011111010001111010110111
10111100111111001101101111011110
00111101001001111111010011010010
10111101000010011001101111000001
10111101100111101010001000010101
10111101001110001010000010100011
00111101111010100010010101001010
00111101011001010101000101000000
10111101101001011101111011001000
00111101000011110111011010100110
10111100101111001010110111000000
00111101101101010100000100111101
00111100101110111101001010110000
10111101010100011010000000010111
10111101010001111011011011010011
00111101111001011000101110100111
10111101011111111010111101101000
00111100100100100110101110101100
00111100110110011111111010000111
10111101111001011111100100111110
00111100101100000000100000111111
00111100100100001100100010010000
00111101000000010010100111001000
10111100011001011100110111001011
00111101111110001001111011101110
10111100101110000111101100111001
10111100101000000001100100010110
00111100101110101010001101111100
00111101100100001000110010010000
10111011100011010010100101110101
10111100100100011101101011110001
00111100101001000101010100011100
00111101010001101000100111001111
10111011101100111111000011001101
00111101101100010011110001101100
10111101000011001100001001111111
10111101000100111101011111111110
10111101010110000111100000011100
10111110000010000011101111110010
00111101001110110110000111001010
10111100110010011110111110110101
10111101010101100011110111010011
00111101100111111101110100010100
00111101101000110110110000000110
10111101010011101001110000100100
10111101000101110010101011011100
00111101010010000100001101001010
10111101010110000000000010000100
00111100111110010111110011011001
00111101000000010100011100001110
10111101110100110000100111101100
10111011110010101110111101111101
00111101110011111011010100111100
10111100100111010110001100000000
00111101011101000110011111111110
10111101011001110001011000111000
10111101000100001101000100100011
10111101010111101010110011110111
10111100111111100011000101010101
00111101011011101100001001110100
00111101100111001000000110000100
10111100010001111100011111100100
10111101100000100011011100011110
00111100011000111100011101111111
10111100000001101011111101010101
00111100110111111001010011110000
00111101001010101000011110011010
10111101011100100000000010000001
00111101100000010110010111010101
10111101011000100000111011111001
10111101100010111000110101111101
10111101011101101110101110000010
00111101010011110001001011011001
00111101001011111011100010011100
00111101100111000110000101000010
10111101111011000100100110011110
00111101001011001001111100110101
00111101100100001111000110000011
10111100101011000100010011001001
10111101100000000101110100010011
00111100100010011000111001010111
00111100110110100010001010101100
10111101010010010011011010110001
00111100111101111101010010100011
10111100110011010011010111011000
10111100110011001000000000101101
00111100011011011111010110010010
10111011110111110100100010000000
10111100100010011011001010110010
00111101100111011111110001100000
10111101110001010101010011110001
00111100100100011101000001111101
10111001100111000010111010010111
00111100110100011000110100000110
10111011111101101100101111101110
10111101010101110011001100101001
10111101001101110010111001011010
10111101100100110001000010010001
00111101101111111001001010011101
00111101001010001111111111100000
10111101101101001101101110101000
10111101001101100000010000110000
00111101100001101100110000111101
10111101100001000011111000110101
10111100110010110010111111101100
10111100001100101010011011010101
00111101101010010011010000110100
10111100110000001010011100000000
00111101001101010011010010010100
10111100101100011010011110111100
00111101000010000010110100100010
00111100000110001110011010111000
00111100001000101101100001101101
10111100011111111110110001100001
10111110000001101010101001111001
00111101001010100100011100110000
10111100010011100011101001000010
10111101100011111110100110110000
10111011100011110101001010100001
00111101100000000001101010001101
00111101101000000110101011111101
10111100101100001111110101111000
10111101011011001011001010101011
10111101110000110001010110100111
00111101000001001000001001001110
00111101101010010110100110110010
00111101011100100001000110001010
10111101110110011010100100010100
10111101001001010001100011101001
10111101000111101101100000010011
10111101011101000111101101000010
00111101100000000110011000010001
00111110000001010010100101001010
00111101010001100011010011100111
10111101000001001110111100101001
10111101101111011110111001010111
00111011101101010100000100001101
00111101000011000011010110001000
00111010010111010100000000100111
00111101001111000100011100010001
00111100110011111001010111111110
10111101010010110011001000001001
10111101000111001110010001011010
00111100000100001100111110011000
00111101100010000110011011000011
10111100110001101010100100111010
10111101101100011110101000000101
10111100111110001110000111011001
00111101011111100010100000100110
00111101011101110010000001000001
00111100100101010010111101011010
10111101101110001100101011010101
10111101010010010000011100010011
00111101111000101001000111011110
00111101101010010101000111000011
00111101011000111101100011111100
00111010100011100110010000100101
00111101001110010101111101001001
10111010111001111100100011001001
00111101001100110100001110000010
10111100101000000000100001011110
00111101011110001111111010110000
10111011010101011010000110011011
00111100111011011011010100110010
00111101100100100101010110000011
00111101001000110010011110000111
10111101001000011111111111001110
00111100111110011000011111111101
00111101110111111101111111000111
10111100001010000001111011100101
00111100101110000100001000101010
00111100110000010010000101000010
00111101100101111100011000001100
10111101011000110100010101110011
00111101000101100111010011100010
00111100110111001001001000011000
10111101100000000010000100101011
00111000101001100001111000010110
10111100110110100110110011111100
10111101100011101110010010010001
00111101100000100000111100000111
00111101100010001010110011001001
00111100101100001110011010101001
00111100110101100011000100111000
00111100100100001000100011001000
10111101111000111111000110011110
10111100110110001100100000110011
00111101010111110100100111001000
00111101000101110100100110000010
10111101010101001100100011110100
10111100011111000101001110101011
