10111101100100001111100100000110
10111101100110100100011110110101
10111011101001000110111000110100
10111101000111101011001011110110
10111100010101011000101011101111
00111011010001100010111010010001
10111101000110000101001000000110
10111101001100111110100110110100
00111010100010100000010010110100
00111100110001011001000000000100
10111100011011101000111010100000
10111101000101111010000110101011
00111101100001111111001100110101
10111101000000010111101100101110
00111100100011000000110100110011
00111011110000010000000010110110
00111100110110100110101111101001
10111101001100011111111110011110
00111011001010110111101011000011
10111101101010110000000110101111
10111101101111011101110111100000
00111101100010010010101111101011
10111100000001101100010110110101
00111101101010010100101110101010
10111100101011010011111010111000
10111101100011000111011110100100
00111101001100000011111101000011
10111101001110001111010010010010
00111100100110101101010101010000
10111100111001110001010110100100
00111101011010101010111010100101
00111101001100110010010101011110
10111101000011000110001100110100
10111101000011100010001110001100
10111011111111001111100010110101
10111101011101001001011100110000
10111101011000010111101110000111
10111101001111111110100011001111
10111101000000001011111110101100
10111100111010110000011111010111
10111101001111101011101000101111
10111100101001100100101011001001
10111101000111010101010000110001
00111101011111000101011110011100
00111101100100101100000001110010
00111010111110010111001001011101
10111101000100111010110110101001
10111100101001011111001100001100
00111101010110100100010111111110
10111101010100001111100000000001
00111100010110111001000111100101
10111101100011001001101001100001
10111100101100111111101000001100
10111101000111111010101010100000
10111101000110100000010111111000
00111101011010011101001001110011
00111101100000011101010010011100
10111100001111001101011010100101
00111100001001110010111001111110
10111101010101000011100100001000
10111101010010011000000100011101
10111101100001110011011011111010
00111101000010010110000001001100
10111100101100001010011011111110
10111101011001110010101001110100
00111101100110110011001110100101
10111101001010101010101001111000
00111011110101101110111001101001
00111101000101010011011100010000
00111100010011101000010110010010
10111101100000111101011100111101
00111101010100010010101000101111
10111100011010000110011011111010
10111101100110101000101010100101
00111010101000011110100010101110
10111011001111110100111110111100
00111101110100011110110110011111
00111101010000001010011111000001
00111100011001100101010010001000
00111101100000100001011010000110
10111100011111001001101001110100
10111101010111000100101111111110
10111011111001110001001011110101
10111101010101111111011001110100
00111101011001101000010001011100
10111101001001000100101010001000
10111101100101111001000101110110
10111011111111110101100010101111
10111011101001001110110000000011
00111100100010101001110000110101
10111101100010001010110101001000
00111001100110001111100011011001
00111101010110100111101000010001
00111101010001011101100100010010
10111100110011100101000110001110
10111101100001011100101001111100
10111100010111000101001111110101
10111101100000010000000000101011
10111101000111111000001100010100
10111100111110011001110011101101
00111101011111011100101011101011
00111011010010101010110010110001
10111101101001111101001101101000
10111101100110000101001010111010
10111101100000110000100100001011
00111100101000000100010110000011
10111100101000101011011110011111
00111100000110001101000001110111
10111100110110101100001101101110
10111100111010011101101110011111
10111100100000110101110101100110
00111011100110110101011111101100
10111100000000111100001110100011
00111100000101100010000011011111
10111100101110001101101110110100
10111100011100100010100111111100
00111101100000101100001011000010
10111101100010110101000100100010
00111101010101111000101100010001
10111100100110010010010010000010
10111100111110000000011100010101
10111100110000010110100000101010
00111101010111000001000100011101
10111101010111101001111101001001
10111100011100001000001100001101
00111100101110111110111101000100
10111101010000110101101110000011
10111100100001001001111111111100
10111101101000101111000001010110
00111100100001111010111000011001
10111101100011111001101111010111
00111100111000000111110010101010
00111101010101110100011110111010
10111101000101100100100100010001
10111101100010100100000101011001
10111100000101010001011101110110
10111101000010000110011101101011
10111101101110100011001010101110
00111100110011011010000000110110
10111101001100111001101100110011
00111100111110001011111000100100
00111101000100010111001111000000
10111101100000110110100000110001
00111011000100011111000101011101
00111101100010100111011000001011
00111100111101001101011000110110
00111101001111011010100110101110
00111101011100001100111111110100
10111101101010110101010010100101
10111101100000011010101001011110
00111011100011101110010101101010
00111100100101110000110000010010
00111101010110001010111011011111
00111011111101011011010111101010
00111101101010001101011011011100
00111100110011011110111000110101
10111100000010011001010001101100
00111011111101011010010100111010
00111101001111100111011110011101
10111100101011001000001001101101
10111010101000011101001010010000
10111100110001111101100010000000
10111100100111101111110101001101
00111100110110011100110101010101
10111101101110111111110001001000
10111101101011101000000100001001
10111100100101001010101000100011
10111101100011000000101010011011
10111101001001000111110001001100
10111100110001110000101100010011
00111101001011110110101101001011
10111011001011010110001101001011
00111100001000001010100001000111
00111100110110001011101011000001
00111011100101100010011011001010
10111100101101011101000111100110
10111101011011101001100101010010
10111101010001100010101110100100
00111101001010010011100010110001
10111101000010001101010010110110
10111101010011011110000001100001
10111100100100100100111110011011
10111100111110101011111110101111
00111101000101001111101000000101
00111101011110010001101010011111
00111101010001100110101111001100
00111101000011100110011101110101
00111100101110111011110001010111
00111101010011001010110000010111
10111100011111001001000100000110
00111011010000000000011101000101
00110111110110011101011001001100
10111100011011010000000010110100
10111101000111100001010011001011
10111101100001001101010110110011
10111101100100101001000001101011
10111011111000000011100111000110
10111100010001000010100101101110
10111100111001111000101100011111
10111101000011110101000101111100
10111101010010010100101111010000
00111101000011111111110111000011
00111101010000001100001110100100
10111010001111110101011001000011
10111100101110111000010110010010
00111101010001010001100001010000
00111011110101110100101000111001
10111101001101011001110000111000
00111100101100001000100101000001
10111101100100110001000111001101
10111101010000101010100110111101
00111101101011111100110100111001
10111100001000010000101000101111
00111010111101100101011000110001
00111100100111101111001100101111
00111101100000001011000011111100
10111101000101010000110000011010
00111100111011000010001100100000
10111100001111010000011101000011
10111101011001100011101100000101
00111011111110000101110010000110
10111101010010111010111010101110
10111101011101000010000110000010
10111101000011010011011000100101
00111100100010010001100111010001
00111100011011000001001001111011
10111100100000100111001111010100
00111100101000000000001111111101
10111010111111101101110100000110
10111101001000100111001010111110
10111101100011101101100010111100
00111011000001110000100010001111
10111101010001111000011011010100
10111100100010110100001011101001
00111101000001111011111011110010
10111100101000111110111000011010
00111101000110000001111011010010
10111101001110110001010010110010
10111100010101011010100100111110
10111100110101101110011101101000
10111100011010011011100010110001
00111101000110011000111000100110
10111101000011101011110111001110
10111101100001110010111000001111
10111100100011101100110100110001
10111101000000001000000010000111
00111101001110001001010010100100
10111011011111001010110011011100
10111100100101010110111000100110
00111100110001001010010101111010
10111100110110111010100001110011
00111101100101111011001001110011
10111011000101010000010011111101
00111100111111100110111101101110
00111100111111011101000011101111
10111100111001010000101101011011
10111101110010001100101000101001
10111100111000011110111001000111
10111100110111101010001111011000
00111101010001011001110010000000
00111101100101100001001110011110
10111101000010000000001110110010
10111011100011101111010111001001
10111101001110010010001110101100
00111101000010111011011000101111
00111100111101101101011000000111
00111100011111010011110111111001
00111100101011011000110111011001
10111011010001111101000100011010
10111101000100101010000101010111
00111100100000010100001000011000
10111101100100011101000011100101
10111101010111100011001101101111
00111100011010111001001010011101
10111101101010100000011111110110
00111011111101010110101000011100
00111100000001110101001001101100
00111100011001111001110111110110
00111101010000100111100010010010
10111101011001010101111100101001
10111011001110001000110110110100
00111101001010100010010110101111
10111100101010011001011110000100
10111100100110011110101011111111
00111100100011000110010110001101
10111100100010110011010100001001
10111100110100111001110011100001
10111011100010010001101110000010
00111100010000001100111000011010
10111101110011110100001010111010
10111101000110111100111100011001
10111101010010111101111110011001
10111101001000001101110000100101
10111100011111000111110110110001
10111100000100010010011001011011
10111100110101011111000111111101
10111101010111101111010110000100
10111100010110111100100101010101
10111100010011011100001110011110
00111101001101110011001000110011
10111101100111100110111010011111
10111100100111000100110110101110
00111100000111101010101011100011
00111100101010011110111010101011
00111100000001110110000111011000
00111100111110111100100110011010
10111101110011101011000110111011
00111011010011001001111110010010
10111100001011010001001010111010
00111100110100110101011100010111
10111101100001010100011111000111
00111100101001111001010101101000
10111101101011101101100110101010
00111101101011110011000001000010
10111101101010010110010000111011
10111101101001000110011001110001
10111101001001111010001111100111
10111101011101011010110000111001
10111101010100100011011001011100
10111100011000011100111101110000
00111100110111011110100110011001
00111100110000000100000001001100
10111101000101111000010010100011
10111101010110111101101010011100
10111101000001100101001101100110
00111101000101110101111000010100
10111101001011111011101010101010
00111100010000011001011100001011
10111101100001011100101001000110
00111101101111110101110100110111
00111101101000100111110100110101
10111101100010110001010100100000
10111101011111110101001001110111
00111101011010011001011101110100
00111100111111111011100010101100
00111101010010001100011111110010
10111101001011101101011000000111
10111011001000011011100100001011
00111011101000100010101000000111
00111010100110000001010100000100
10111100100101010000011111110011
00111001011101111110001000000110
10111011100110101000111000110110
00111100011100111001100111101100
10111101000111101100010101111110
10111011101000101011000111001111
10111101011001110011000011001001
00111011111001111111001111011010
10111100111000000101010101111010
00111100100011010000110111100001
00111010101011011001011110101110
10111100001100000011000101011001
10111100001010110101111000011110
00111100100000001010111110101000
10111101001111000110000011010011
10111101010101111001111100011101
00111100111000110010011100010110
00111101100010111000001010111111
00111100011100101010001011011001
10111101011010110101000100101101
00111100100011111101110000010101
00111011101110000101011100001100
00111100111111000000111001100010
00111100001000111001100010101001
10111101100011101111101011100001
00111001000010001101010100001011
10111101000101000001010000110100
00111100001000001110011011010010
10111100110101000100011111111111
00111101010111111010100011000001
00111011111000000100100100111101
00111100101110101011111110110010
10111011110111100000111100110110
00111100111001100110101100111000
00111101011001101101000000000101
10111100100001110101011010010100
00111101000000010100011010010011
10111101011000001110010101011110
10111101010101001110110000010001
00111101000111100111000001010010
00111101001010111001111100101000
00111101100001001111101001111011
00111101010110001100111110111100
10111101010001001100000010001111
10111101000111101100100001011100
00111101100011111010001011000100
10111101000111000010100111110110
10111100110010110001101111010100
10111101100000110010011001101000
10111101100101101010111111111001
10111100010101100011001110100101
10111101000111011111010101110101
00111100100010010000001010101100
10111100101101111000010111000100
00111100100001111001110000000111
00111100010101110100101111000111
10111100100100100010111110111110
10111100100000010100111100011111
10111101101111011011001111010111
10111100101001001101001110111110
10111100100111100111111111001110
10111100101001001100011001110101
10111101000100010001110100011010
00111100100001000010111101101001
00111101101001011010110011001110
10111100100001101101101010010101
00111101101000111000011000010010
00111100111000101011011001100110
00111100110110110101100111011111
10111101100101001001101101111101
00111101000001110100010111111111
10111100110100000100011110000011
00111011110111111100111000111011
00111101000000100100110101011001
10111101010100100110001010010011
00111101010101100101111000100111
10111101001000000000100010101010
10111101101100001111011010111010
00111011111000110010101110010111
10111011010111110111011000110101
10111100110100000010101101000010
10111101001110011111100100011101
00111100011100010000100000011011
10111101001011001001000011110111
10111101011000011101001000111100
00111011110000011111100010001010
00111101001001101001111101010101
10111101110000011000111010001100
10111101010100001101001110111111
00111100101101110101001100000001
00111010110111101001101000111001
10111101001011110010011100110010
00111101011001001000111000000011
10111100001111000011101010101101
10111100110000001010100101011100
00111101101000000110011000111111
10111101001011001101001110000000
10111101001101101100001010110001
10111101100101000010111010111011
00111100100100011100111000001010
10111100011110100100111001101100
10111100001000010100100110011000
00111100101010110000110100100101
10111100010010001011111111011010
10111101101110010000111100110110
10111100100001011111101101101011
00111101001101101001010111010101
10111100100001010110111011101001
00111101000010110001111101100001
00111100100000100110010011111101
10111100001110110000011010100100
10111011000110001001100110101111
10111101010111100000010110110000
10111100111010001000101111011001
10111011000101011000001000001101
10111100100100001001111001010101
10111100100011000010101001000111
00111101000100010011110001101101
00111100111001110011110010110001
00111101000100010110011101111011
00111101011000111111000111110100
00111100000111000001001111011110
00111101001100001011100111000010
00111011110000110011001010101100
10111100110000110001111010101111
00111101101001000110010101011010
10111101010110111110100111001110
10111011101111000011000100100100
10111101001000101000101101111111
00111100011010100000000011011011
10111101101001000111101100001010
10111100001000000110101101000111
00111101011110101000010110111010
10111101001011001111000110000011
00111101001101101011011010001000
10111100111010101101100011110001
00111100101011000101010000001101
00111011100101101100111100100010
10111101000011101111001101000110
00111100100111111110000101100001
00111100001000110010110100110111
10111101011000111001000111101110
10111101010011100110101010000011
10111101010000001010100110110010
10111101100110000100010010011101
10111101101000100011011110000001
10111101010111111001010001011111
10111101001010000000101001111011
10111011010101011000011110011110
10111100110000011110011100000000
00111100000000011001101111001011
10111100111100011011110011110111
00111100111000010001001001101110
10111100111000000100011011101010
10111101110011010010100100010011
10111100011001010000000100000101
10111011010010101111100101011011
00111101001111000111011010000001
10111101101000000010001110110100
00111011010110000010110011111001
10111100000011000101101100110001
10111100100101110000001011001010
00111101010010010011011110100111
10111101100010011010010011100100
00111101011011000100011100010010
10111011101110100010110001000110
00111100100111011100110111001010
10111101100011011100101100110000
00111101100101101001111010011101
00111100001100100111110111101101
10111101001101011010101000111110
00111101100000101010010010000010
10111100011110101100011001100100
10111100001111111101101000111001
10111101010110011011011011111101
10111101011110101110110111110001
10111101000110000000101110101110
00111100111110110101110001101110
00111101100101111011010100010101
00111101001010111000110101101001
10111101011000111010100101010101
10111101001110010000111010011001
10111101010110101101011011011110
10111101001101111110101011110000
00111101100010001011011110001100
10111101011011011111100100000010
00111100000100111000011101111101
10111010000110010111011011001000
00111101010111001000000110110110
10111100100100111010001100100100
10111101110100100000011111000001
00111101000010010001101011111000
00111101001011011100000011101100
10111100101101110010111001010011
00111101001011000010011010010011
00111100100110110110001011110110
00111101011000111110100101101000
10111100101011011100101000011100
00111011110110001110001110100011
00111100100110110010110111000100
10111101010011000000100001111000
00111100000111111101001100010110
10111101000101100110100100111011
10111101101111000100101000110011
00111101001000100010100010100001
10111101010011001110101110101110
10111100010001000100010110010110
10111100101010101001111100001000
00111100000000110111000011101000
10111100000111100001000010001111
10111101001010111100101100111011
10111100001000000010101101110000
00111101001000000011100001111010
10111101110011111001010110110101
10111101101100111001011100101001
00111100011101110010111010011010
10111100101001000100000000110101
00111100100010011001100011111110
10111011011101111100110110101111
00111100001001010001001100100101
00111100110101000111111110101111
00111100111110010111111110000000
10111101100010001010000100101101
10111100111100011000001010101100
00111011011010000101011101110100
10111011101011010001100100011010
10111100011100001110110100000000
10111101001000000100000100011110
10111101101000010000111001001010
00111100100110010001000100111010
10111100111101011101010110101111
00111101101011100110010110100011
10111101010011010000010111010000
00111100101111011101011110001101
00111101000100101001011000001101
10111101100110110110101001001111
10111011100010000000111101011100
10111100100011111010111001110011
00111101001111111111011110110110
10111101000010110010001011100001
10111100111000001011000100110001
10111100101111010101010100010000
10111100111011101111100010110001
00111011110110001010000110010010
00111101001001110011111000110111
10111100100010001101010001010111
00111101101001111011100001100100
10111101100001001111010100100001
10111101000000010001011101010100
00111011110011110110001111111000
10111011010101011001010011001010
10111100100100111110000110100110
00111100100110111010011110110101
00111101001111011010100001101001
10111100101001011000100010010111
10111101011111100100111110110101
00111101100000011110010100011011
00111101001011000110000110110010
10111011100110111111111011100011
10111101000000011110110011101011
10111100100111001000100101100111
00111100111100000110101001010001
10111100111000100000101001011000
10111101011110010000010000110101
10111100111001001001110001110011
10111101100010101011010011010101
10111100110110110110111101011101
00111011100101110001000011010101
00111100001100110000011111011011
10111101000000111111001001011100
00111101000011011111110011110100
00111100101110110010001001010010
10111100010011000000100110010111
00111011101001111111100011011000
00111100010011100000010101010010
00111101100110110010110011100111
00111101101011011011111110010101
00111101100011101001110011100110
00111101001000110101100100010001
10111100010101100100011101110101
10111101101101100110100101111000
10111101100110110100111101100000
00111011001101010011010101000101
00111100110110010000010011110011
10111101001101110010011011000010
00111100100000110100000111101100
00111011011001001010001001111100
10111011100100111001011101101000
10111100100001010000100001010100
10111101100001010011011101101111
10111101000011010001100101010010
10111101011100000000010001111000
10111101010101101000111011101001
10111101101001001111011101110011
00111100110011111101010011000101
00111101001001111100100111101010
00111100100010111111101111110111
00111100010111001101110101011001
10111100010011001011001001101011
10111011101000110111100110010100
10111101101101001101010110110101
00111101001010111011001001101101
10111100001001100001000001011011
10111101101010110000100101100111
10111101011101001111111110001101
10111100011011011101001010110110
10111101011001110001010110000011
10111101001001101101100001100100
10111101010000001010010010111001
10111101000111111101100000110010
00111101010011101001010100001111
10111100011000110110110000110000
00111100011001000010010100001001
10111101000100010011010011000100
00111101011111011100100010010011
10111101100110001000101000000010
10111100100001111010101100101100
00111101001100010101000110100011
00111101011100010101100101111101
00111011111011010111101000001110
00111101001100100000111110011100
10111101001000011001111110100001
00111011111101101010011100010001
00111000011100101111111010111101
10111101100111110111010100000010
00111100101000011110100100001101
00111101001110101000001010100111
10111101011011110001010111100010
00111100001010100010001100101111
10111101001011011100100000101111
00111101011000110000000010101110
10111100100111111101111110000011
00111100000011011011001001101001
10111100001110001010010101111111
00111101100111100101110101010111
10111101011000101111110001010111
00111100110001100000111111000010
10111101010011010010011110000100
10111101110100000111000010101001
00111100111011101110010011111011
00111101000000011001100111111100
00111101000110111010111101111101
10111100101111001011100001101000
10111100011110011101111100001110
00111100000010010000001000001110
00111100000010001100010000111010
10111100111111010000101011100111
10111100101110011100001000000000
00111101000001110100001010111101
00111101001011101011110011010000
10111101001111110001000110111001
10111101010101010000101100100011
10111101100101001110100110111011
00111100010010111001111001101000
10111100001101111000110101111110
10111100011001010011011111100101
10111101010101000011101000010000
00111100000101110010010111001110
10111101000100010000110101100110
00111101000100011111011010101100
10111101000010100010010100000010
10111011111101110110000110111001
00111101001011101111101101011010
00111100001100101001010010011001
10111011101110101001011110101000
10111101100110000100101000010001
10111101100010001110101101011111
10111100001110110111100100110101
00111011111101111100101011111101
10111011000101101011110001001101
10111101011111011100111011111011
10111101001101100100000100111001
00111101000010110110111100110010
00111101100010110111011011101110
00111101010100011110000100101000
10111101011001111101100111110110
10111101001001110110011111011111
10111101000000000101011001110110
00111101010111011110111110100011
10111101010110101010101001111101
00111101000110111000110110001100
10111100001110110111100011001000
00111101010010011101001100111101
10111100100101100101100111001110
00111101000001011100111011100010
00111101001001001111100011001011
00111011101010010110011011110010
10111101011100010101100010000010
00111101011110110011101111111000
00111100111011111111011010001101
00111101001111111000001000110110
10111100110001111100011001011001
10111101100001110101111110010010
00111100010010110111111001010100
00111101000011001001110111100110
10111011100001011101000110110010
10111101010111011001010111011100
10111101011010010010100110010011
10111101001111100010111011011100
00111001010011100110000000101110
10111100110101000000001111111101
00111010100011110110111010000011
10111100010000010010101000100101
00111101000111001100010010111100
00111101011101110111101100010101
10111101100001011101010011010001
10111100100111001110111001111001
10111100101001000111010110101010
10111101010010010110010000010110
10111100110010000010111011001110
10111011111000010110100011101011
00111100110100100001000100100010
00111100100001100101100100101111
10111100101100010110110010010111
10111101100000111100111110010101
00111101001010011110010110000101
10111100111110100101011001110001
10111101011001100111001111101110
00111100110101001011101111110010
10111100011000101011010000101101
00111101001111011111011110110110
00111101100010010110100000000110
00111100001111111100000010101000
00111100000110000110110010110001
00111010111100000110000001101011
00111100100111010000101001000000
00111101001100101010010000000000
00111011101111011010100000100011
00111101000110100000101110110010
10111011011101100110110101111010
10111101011110110010011000111110
00111100000010100101010101010101
10111100010101000111001110101111
00111101000111101011010000001110
10111101100101111000000000101101
00111010111000100101110110011000
10111101001011011010000011100010
10111100111100011110110001001100
00111101010101001100111101100111
00111101001000110000101110000011
10111101100010000011000001100000
10111101001101110000101101000001
00111101101011001110111100000100
10111101000001111011001001101101
10111101001000110000101000001010
10111100101101000101111100011000
10111100101011110010101001111110
00111011110101001000101101111101
00111101100111101111001010001001
10111101100000010010111110011101
10111101100011000000100000100101
00111100100110000101000110011101
10111101000010000110001111110001
00111101010010111110000111110011
00111101011110100000101011011101
00111101011110101110000010000100
00111101000011010100011110010101
00111101100110101011011010111110
10111101011011000111000000011100
10111101001001001010101111101100
10111100110000001011000011011111
10111100011001101011010110101101
10111100110010000011100110101001
00111100000111101001110111011111
10111100111000011011101100100010
10111101101011101111111111011001
10111101011101111100001000110110
00111101010011100110011100100001
10111101101100101100011011100110
00111010110101100000110110110011
10111100011010000011100011101011
10111101001110010110001100000111
00111010100010111111010101100100
00111101001001001101101111000100
10111011001100011101011101001110
00111101010011100010110011111010
00111101000001100010100010000001
00111100010111111110010001101110
10111100110101111110111111010011
00111011111000111100101111010101
00111101011100110110010101010001
10111100111010100110011000101010
00111011010010011000010011110000
00111101100011001001010111011101
00111101001011000110000101111010
10111101101001010101100110100000
10111100100001100011010000011111
10111100100000100000010110100010
00111100011010011101110001010110
00111101100011001000110011010010
10111100000110111101100111010100
00111100100001011001101100100111
10111100100101111111011100111000
00111101011001010100010001010101
00111011001011000111111111100011
10111101001010001000011100100011
00111101000000011011100101001000
00111011010100110000011011111000
00111101010001000001101000111010
00111100011011100011011101110011
00111101000101110011110000100000
10111101100110101110100010011101
00111101100000011100011111010011
10111011110000000000101101000000
10111101101111111001010010111100
10111101110110110110110010111100
00111101010000011001011110010010
10111101100000110001000101001011
10111101000100110010110111101001
10111100110100101101000010000111
10111100110000100110010110100011
00111011111010010001100000111110
00111101000000010111101110001101
00111101100010111111001011001110
10111101101110000010001100000000
00111101100001000000101001000011
10111101011101010011100001011111
00111100111000010011000000110110
10111101011001011000011011000000
00111100111000110100011100110011
10111101011110110001101000101100
10111101001011101101100010111001
00111100100111011010100100110101
10111101101101010010010100000101
10111101000000100100101010001000
00111100010100011110110101100110
10111101010111100011001011100100
00111101101000010010100111101001
10111100110011111110110111100000
10111100101111011101110100100011
10111100111101110111100010110100
10111101001000111110110111010111
10111101001110100001111100101000
00111100101010101111101000010011
00111101001111011000101111000000
10111100000110010001111001110100
00111101100011000111010100000000
10111011010001000100001011110000
00111100111110111010000100111001
10111101100010101011000010101111
00111101011000010000010001111000
00111101010110100001001101110111
00111101101000001100011101010001
10111101000011100011011101000001
10111100110010011010101011000110
00111101000001001100110001101100
00111101101101110110101011000110
10111011100011010110101000110100
00111101010001001001101011011111
10111001100001110010110010110010
00111101100100100110101111110111
00111101010001111110000010010011
10111101001010000011001001110100
10111101010110101000010101101101
00111101010011011010111100000001
10111101010100001110011101001111
10111100011001100111111100010010
00111101100011010001011010110111
00111101011101000110011011110000
10111101000010110111000001110101
00111011100010110011101111011000
10111101000100011000010000010100
00111011010111010001001111000101
00111101010100101101001100011010
10111101011100011110000011011110
10111101010101001001110010010001
10111011010111100111100101111001
10111101011011111000111000111111
10111101011000001010101010101000
00111100101101100101011010010111
10111101001001011110010001011011
10111100111010101111111000001001
10111101001101111001100001111111
10111011101111000010011000101100
00111011111100000010101100101011
10111100110000100000100010010111
10111011001011100001100100111111
00111100101100011000100011011100
00111101100000011010011011100000
00111101001110011111000000011001
00111100111100010010011111111100
10111100110111100111110001100001
10111100000011110110010101100101
10111101001011111111111100100110
10111100100100111111001101011110
10111101101101001111110101111111
10111101010011011000110110111100
00111101010101100101000111101100
00111100001101110000011000100011
10111101011001010010111111110000
00111100110001010110111010101000
10111101010011111000010100101001
10111101011000111000010000100010
00111101010101110100110100110110
00111100100011111010001000010011
10111011100111100110111111010000
10111101000001001010011101000001
00111101000001010001100110001010
00111100101010010101101110111010
00111100111010011101110101000010
00111100101010111000001000111110
10111100101010010110011101001111
10111100100011100100001111001001
00111101100100000011011100001110
10111101000100001011000110000111
00111101000110100011110110011000
10111101100010000010111011001010
10111101100110110011010010101110
00111101011001101110010110100101
10111101001000011011000110010011
10111100110100010011011010001110
10111011110100101111001100000101
10111101000111101001011111000011
00111101010010101010000010010100
00111101000111111101110110111101
00111100101100001000101101110100
10111101011110010010110101010001
00111101000011001011001001100011
00111101100011010010111110101111
10111101010011111010101010010110
10111101100000011111010000100110
10111011111011011100101011111101
00111101011100000010100001010000
10111101010000001000101000110110
00111010110111000001111101111111
00111101010101100111100010110110
00111101001011010111011011001100
10111101100101010001100110000111
00111100011010000001011111000101
10111101010001001101001100110110
10111101100101100100011100111000
10111101110000010011101001110111
10111101011010010000010111011101
00111100011011110011000100000011
10111011100110011001010010101111
10111100111011110001110110101111
00111101000001110110111111001011
10111101000010010011000100111101
00111100000110110000011101110011
10111100101001011000010000001010
10111101000100000110001111100000
10111101010100001100011101001100
10111100111100010100001101010000
10111101010100110101011000110101
00111101000110011110000100010001
10111101010101011001001101011010
10111101000000110011101111001100
00111100101100001100100100000110
10111101010011000011010110000110
10111100100111000101101011001010
10111100100101100111110110011010
10111101000111110010101110011000
00111100101011110011110011110011
10111101001010000011100100010101
10111101010011001011111100010111
10111101100010100001000001100100
10111101101001111100000010011101
00111101001110010000000010010011
10111100001100011101000000001011
10111101010111110001001000111110
00111101001000110010011100101110
00111101100010000010011101011111
00111100101010110011010100111110
10111101101000100101001011100111
10111100101100001101010101010011
00111101001000001000001110100101
10111101100000100100011111001011
10111101011000001010111000001000
10111100111000001110001000010110
10111101010101100001100110000000
10111101100111001001010011100000
00111101100010011000010010111010
00111101001010110100111100000000
00111011110101001000000010001011
10111100010011011000101010010000
10111101100001011010110011010100
00111100100010011100111100001001
00111000110000111010101100010100
10111101100100100000011001101000
00111011111000101111110111111111
10111101000100000101100101110011
00111101010000110001001011111100
10111100101101010100100000001011
10111101010010110111101101100010
10111101101001000001100111111100
00111101000010111001001111110101
10111101010110101011000010010110
00111100111111111000011100011101
10111100100001000001111001000110
00111100101101011010011011001100
10111101100110010011111001010101
10111101000101101100101001000110
10111101000011110100100110101101
10111101010010010100011101001010
10111100110010111010111001011111
10111100100111110110000110001000
10111101011101101001100010001111
10111101001111111000111001000100
00111101000101111001000101001011
00111101000110111011110110000110
10111011101001000011101011011100
10111101001001010011010010111101
00111100100110001111101110110110
10111101000110011001110111001010
00111101010101111001111000110111
10111100000111101110101101010110
00111100000100110000111111000000
10111011111010001011100000001110
10111100101001101100110100011000
00111010100000000010000111010100
10111100011010010110000100001101
10111011100111111101100111011001
10111101010010110001010011100101
10111101001001010101010010011000
00111011111111100011100101011101
10111100101000000100011001101001
10111101010011000101110111010100
10111100000010011001011011011001
10111101000000000011000101100110
10111011010101111100101100110110
00111101001010010100110111010001
10111011101101010110010001100011
00111101100001110000101011100001
00111101010101110100101100010001
10111101110011110110001101011000
00111100000010101101110000010000
10111101110001010111111011011001
00111100111111001101110011010100
00111101011010010101101111111000
00111011001011001010011110001111
00111101000110101011111100001010
10111100110110101100001010110011
00111100011000010000001010101101
10111101001110111011000111010011
10111101001010110111101101000001
10111101001010010011010111001100
10111101001001101000010100011001
10111101000010011010010100001001
00111101011011010010001101101100
10111100000001110101001000111100
10111011101010011111001111100100
00111101000000001101110110010111
00111101001100110001111111111000
00111101110000001000001111000010
10111011110000111101101101101010
00111100011110110101100100010100
10111100100011010010111011000110
10111101100100010111000110010111
10111101001100101010000000010010
00111101001101110100000111101001
10111100001101100011111100000011
10111101001100010010001011010001
10111100110110011010011010000011
00111100101100110110010100110111
00111101100000001000101000110000
10111011010000001010110111001110
10111101000000100011111100010010
10111100111100001100101100010011
00111100000000000011110011000000
10111101001101000101110101010001
10111101011000000001110000000011
00111101100010010010100101011010
10111101000000010111111011100000
10111100100000000001000110011001
00111100101110010111001110001101
00111101100011011001010110001101
10111101100110010001101100111110
00111101001101100000010100100101
00111101001100001111011010000011
10111101101000100011110111110000
00111100101100100000000001110100
00111100111111000010000011101010
00111100011011111000000011001111
00111101100101101101001010000001
00111100001111001000110100100000
10111011001010101100011110110101
00111101001001100101111010000001
00111101011000010001000110011100
10111101000100000111001111000100
10111100101011100011111011011011
10111100001010100111010011010101
00111100011010101110010001111110
00111100111110000101110110000000
10111101101100101100101000000000
10111011010100001011001110101000
10111100111111110010010100101011
10111101000010011010010110000011
10111011000100111011011010010111
00111010101111000011110100100111
00111100001000001010111101001011
00111101011000011011011110111111
00111101000110101111001011010010
10111100110010110010111001010010
00111100000111001100000010010111
00111010000011001111111010111011
10111100101011111110101100000100
10111100010010111101100011101110
10111100110100111110011101100000
00111011111011001111011100001011
00111101000110100010110010011001
00111100101010111110011000110001
00111011101000100010110100010011
00111101100111000001110111001001
00111100111111000100000101110101
00111101010110001011001111111110
00111101001100001001011000010100
10111100001010111001110110100110
10111100100001101000010001010000
10111101010000100011110111100010
00111100111101111110110101100010
00111100001101011110011101101001
00111101000000100100110100011010
