00111100111100011010110100101000
10111010101010110001111110000010
00111101010110010011110101111110
00111011110111101000110100011010
10111100101000000011101100100110
10111100101111110111100000101011
00111100001110100101110101011101
00111100110101000111011111110010
10111101010010010100011101101111
10111100100011101111110110001000
10111100111000011011011101100010
00111100110011001100001100101010
10111100111001111001011001101101
00111100101001001011011101000100
00111100101100110101011100101111
10111101101001110001100111110110
10111100000110100000101000010111
00111011111101100100011101010111
00111011110100001010101101001100
00111100110110001111001100100001
10111011110001011110000010100000
10111011101000101101110111100100
10111101000010001010101101011010
00111101100101000110100100111001
00111101001101100011111001000011
00111100101000111001101011000010
00111100010110100100010001000000
10111100100110101011010101010110
10111100100110011101100000110100
10111101001100100000001001101111
00111101101001011011010110001101
10111101101001010110000001110001
10111100101010111101111100011101
00111101000000000011011000100001
10111101001111110111101101100101
00111100100100010110101010010111
10111100110000010010000100011001
10111100110110101110011111000100
00111101000010011101010001011000
10111101000011010110110110100110
00111011000101101010001011011011
00111101100001011011011101010000
00111011111101111011010100000001
10111101010100010001101100000010
10111101001101000111001101110010
00111100100110110101100111101010
10111101001100011001001010011011
00111100110000011001001110110101
00111100101011011110101111001011
00111101001001111111111111100100
00111101101101011110110001111001
00111101100100101010100110011011
10111101001010011011111000011010
00111100010001101010101101101000
00111101010111001011001000101000
10111011111100111101000110100110
10111100101101100110111011101111
10111100111001111101000000101011
10111101001000011101101000111010
10111101000110100110111001001100
10111101001010011011111111110001
10111100011100110100110111110010
10111101010110010001111011101010
00111101000000110110011000111111
10111101011111101001100110001010
00111101001010110110011001111000
00111100110000100001101111011101
00111101100000010000001111001010
10111100011010110001000110100001
10111101100010101110110010011110
00111100100000011111011011111100
10111101000110110000111101110100
00111011000011101011111100001101
00111101001001010000010111100010
00111101000101000110000101010000
10111100001100110011100100011011
10111101000010000111101001011000
10111100111000000011011010101011
10111101010100110010000010100100
00111101000100011010100110110100
10111101110011100011010011110000
10111100111111001000000100000011
10111101101100001110000110010111
00111100101110000011101000101001
00111100011010100101110110110000
10111101101111010010100101011110
10111101000011100100111110111010
10111101001110100001111010110101
00111100101000001001001101111110
00111101001011011111100001111001
00111101110001101101100000110101
00111100100100111111011110110010
10111011111010010000111101100100
00111101101000001100001100010001
10111100000110100011100001001101
10111011111000110110111111000000
10111100100101101100000011011011
00111011000010100000110001000010
10111101000000001101010110100000
10111100100000011001000010001100
00111101001101000011110000001101
10111101100111101111111011001000
00111101100011101011010101101100
00111101100101011111111111010000
00111100100001101011111101110110
10111011111011111011000101011111
00111101010111101100001110000101
10111011101100010001100100010000
00111100101110100011000011111010
10111101000000100110110101010001
00111101010000100011011000000110
00111100101001100110100110101110
00111100100111010101011010001100
10111101100101001010111110100011
10111101000111111111011100011111
10111100111101011100010001001110
10111011110000000000110111011111
10111100110110000100100100011000
00111100101011000011001111001101
10111100011011000010111011000101
10111100000011011100100000100110
00111011011101110001110010011110
10111011111100000010110110010001
10111101010000100010001101101101
10111011110011111111000010101001
00111101100010111010110000100110
10111101000100101011100101111110
10111100100010110110010011100010
10111000100010000000001111001010
10111101001111101100101101011111
10111101101001110110110101010001
00111100111110111010000111000111
10111100011110000001101110001001
10111101110010000010010100111101
10111011010001010001011100110010
10111100100011000001010101110110
00111101001001000011100010110101
10111101001001111100101000100011
00111101001101111010011010110100
00111101100000111001110011001010
10111100001000010001101111101110
00111100100010111000011101010111
10111100100101001010111011110011
00111101100100000011110110111011
10111101000110000110111001011100
00111100001110001101111010111001
10111100111110100100111010001100
10111101001101101101010100101100
10111101100000000111111011111110
00111101010010101010011101111000
10111101000011011111001111001111
00111101101000011000001011111000
10111101000001110001001010001100
10111101100100100111110001011011
10111100101000110101000101011100
10111011101101111001100011001011
00111101010001010111001111111111
10111100101111000011111101001100
00111101010000111001100010001001
00111011100010000100101010111001
00111010000010011101111100101100
00111101001000011000111111001000
00111100110110000001110110010000
00111101001111111111000010011011
00111100100100111101010001110110
00111101100011100100001000100001
10111101101000001101011001111000
00111011100101100101100111011010
00111101100001001111101000101011
00111101001001010111100010010111
00111100000000010101100111110001
00111011101110000100111111111101
10111101100001011011101100110100
00111100101010011000010101110111
10111100101111101110101001000011
10111101110000001111101101110000
10111101010001010111011010101001
10111100111101101011101101011101
00111101101100101111000001000011
10111101001010010000101001100010
00111101100010010101010011100100
00111101010010011000000101011110
00111101011111100000000010001100
10111011110010001000111001100101
10111100111000101110111000011100
00111100110010100111110000010010
10111100010011111000010110000110
10111101001101100000011100110101
10111101001010001000111110001100
00111100101110001011001000010011
00111101100101100100100011011111
00111101001110100010111101100011
10111100000100011000000111111101
10111101101111101010100110111101
10111101000010001001101110010000
00111011101100110110100011010110
10111101010100110101100010110100
10111101001001101111110100010011
00111101001000010011001111011010
10111100111111111000100011101010
00111100011011010011101010001111
10111100011001001000100011001010
00111100101010011100000110000001
00111100100000101111011101110000
10111101111100100011100000011001
00111100001011000101100000100001
00111101000000110110001110010110
00111101101011001011011110011100
00111100001111010110001101011110
00111101100011000111101110110001
00111011110010110101111101100110
00111000100001101011111110110011
00111101010000110010111011011001
00111110000111101000010110101011
10111011101101010000101110010111
10111101000000110001001001100101
00111100111101001011111111011101
00111011010000110101000000110010
00111101001100100010000101000011
00111100110001001110000101110100
10111100100101100001100001100000
10111101011001000101100110100111
00111100100011100011110100100000
10111100010111010101100000001001
10111101000110111101011011111010
10111100110100001110100110111011
10111100111001000001111110101110
00111101100111010101010010101110
00111011110111111101100000100000
10111100101101101011111000101111
10111100110001111000010110010010
00111011010100001010011000110000
10111011111110000100001100011001
10111100100001111010011001000000
10111101001011110100001110000000
10111100111001101010001010001011
10111011000001101101111001110010
00111100001111110110011100100001
10111101010010010001100101101100
00111100001010000111110111010111
00111101000001111110000000101001
10111100100010111000101110010010
10111101011111000111001011010101
10111101101100101001010100110000
10111101110010101001000111111110
10111100101100011011001110001000
00111100100100001011000000110111
00111101011010000101010100010111
00111101011101010010101000000100
00111101111100100110000110001001
00111100000011011111000101000001
00111101001011010110000010010001
10111100110100000100101101100011
10111101000100011110000001101111
10111101100000110111100100010100
00111011111101010010010000010110
10111100101000101100111000011101
00111101011011100111101100110001
00111100111000101111110000100101
00111101100001010100101100001110
00111100111101101111100010100010
00111101101000010011010000001000
10111101011100001000101000111011
10111101100100101011110011001101
00111101000100001000110111001010
00111101011100110101111001100000
00111101010111100111000100010011
00111101100110101110010000000110
00111101000101001101100000000101
00111101100110111000100111010011
10111100011111111010011011001010
00111100100111001011000011010101
10111101010100110111000100011011
00111101011110111001101011001111
10111101000111001111001010011101
10111100100101010000101000001010
00111101010011100111100110100101
00111101001101110011010101000011
10111100101101000100111101010011
10111101011001010110101100111000
10111011100101011001001010111100
10111100011100011010110000010101
00111101010110010001110001110010
00111100010001100011101000001111
10111101000011011110010011111001
10111101101100011011100100001011
00111101011011000100100010000000
10111011001110100011110110111100
10111101000100010110111001111110
10111101001011100111000110000001
10111101100000001101000001111000
10111100000010011110010100011110
10111101011101101101101100001011
10111011110111001000101101100000
00111101100001100110001101101011
10111101100011011010110110001101
00111101000100111101011001001011
10111101101011111111011000011100
00111101001100100000101101001000
10111101010011001101000111010110
00111011110101010000111010101001
10111100100000010000111111010001
10111101011001110010001010100101
10111101010001100001011100001111
10111101100011110010100100001001
10111101001100100100011101010010
00111100010000111010111110100101
10111101101001000110001001101010
10111100011010000011100001101110
00111101001010110110111111111000
00111101100110000000010111101001
00111100011110010001010100110010
00111100011001011101100111010000
10111101011010001101100100110111
00111101011101111100111011001000
00111011101101110000110000111001
00111100010111001011111101001101
00111100101111110010110000010110
10111101000001001100110000000110
00111100011101011011110111011111
10111101010011100111111111101000
10111101101111010010011111110110
10111011110001010101101011010011
10111100000001100101001000100100
10111101000110100111111010000000
10111101100101100110101000011110
10111101100111001100001100000110
10111100111010110000100001100100
00111100111101101110011100010001
10111101011110000110010011110000
10111101100100001111100100110110
10111100011010001101010011000000
00111100110110101011000011011110
00111100110010100110011010011100
00111101101010100101101010110100
10111100100001101111010101100110
10111101100011011101001001100000
10111011000111001110001000010010
10111101001011110000000111010011
00111011110011111001010110111010
10111011101000111100101011000001
10111101011011101001111111001111
10111101100010010011010101110010
10111100110001011011010011101001
10111011101100100000000110000010
10111101100000101000010110001111
10111100101001110111101000111001
00111101101011011011100101110000
00111101000100100001011111111000
00111101000111010100110010101111
10111100110011010110111010011001
10111100100101010100110101111111
10111100010011010001000111111100
10111100001101011110100010011010
00111011111011111111101111110010
00111100111110011110111110111110
10111101110101011110000110000100
10111100110101001101001011100000
00111101001000111001100100110010
10111101010111111000011101010001
00111101011000000011010011101101
00111100111011110010011011110111
10111001101010110011111011001101
00111011100000001101110011001011
00111011010110010000100000110101
00111101011010001101010010011101
10111100100110011110110000100011
00111101101111111010010100000001
00111100100101101111110011101000
00111010010101001101001000001100
00111100100101110100110010101100
10111101101111101110010000000010
00111101000110101110011110110001
00111100100110011100111101011001
10111101000011101011001000101101
00111101100100101010111001101001
10111100111010000110110001011001
10111010110010001101110000000101
00111100100110110111110110000000
10111100101100010010001001101010
00111101001001001011000010000011
00111101000000001011111111101010
00111101000111111111111010000001
00111101100011101111001000000111
10111101000000111000010100000001
10111101011011111111000011110010
00111101100100010011101101111010
10111100010010000100010101011011
00111101000001010101010010101111
10111101101111001011110100001000
00111100111101001011001110001100
10111010100001101010011111011000
10111101100000101011000101001110
10111100111101011000000111010100
10111011111101111110101110011110
10111101101100001010001111100010
00111010001001100010011100100110
10111100111101001000001010111010
10111100011110000110011100110010
10111100101010111011001001001010
10111101000010111010010111111010
10111101000000110101111001110010
10111011101110000001101101110100
10111011101111100101000000110100
00111101101010101001000111001111
00111101000110011111001001001101
00111100100010110010000001010010
00111011110011010100010101011000
00111100111001011110011000010010
00111100001100001101100100010010
10111100101110110011000001001101
10111101000100101001111001110001
00111100110011010010100111111011
10111100101100100111000010010011
10111100100110010001011110110000
10111101000010001111101101111110
10111100110111011011001001111010
00111100011011001101010110110001
10111011100101101001001010100001
10111101100010100011011010101111
00111101010010010011000101010100
10111101001110010111000000010100
00111101010001001010010110100010
10111101010000110010000011110001
00111100100000110001110101111110
00111011001110010100111101101101
10111101100010100100000000111001
10111100110100000101101100011001
00111100111001000010111111100011
10111100101101111100000110101000
00111101001100011100001110001111
10111101000001100001001010010011
10111101010101000010110011110001
10111101000101110001111000111011
00111101010010010100101101100110
00111101001100101001011100010010
10111101011101111101000110101101
10111011100011000111001001001111
10111101100100010101010110111111
00111100111101101110010010010001
10111100001101100111101101001010
00111100010101101011101000100011
00111101001000000010111101000010
00111101000111011010000000100011
10111101001101001111110010100110
10111100110011010010000101001000
10111010100101001000101101011000
00111101001010100101111101101001
10111101101001001111001011001101
00111100110010110111001111100000
00111101001101011111111101010111
10111101100001011110100111101010
00111100100000101001001111011111
10111101100001111000000001001100
00111100111100000011101100111100
10111100111110100111100000111011
10111101000110111110001110000100
10111101100101001011100010100101
00111101100011011111111000000010
00111100100111011010100001111101
10111011100000010111100000001011
00111101011100111001011111110110
10111101001010011011010000011101
00111101001011101010000000001001
10111010011101100010100000111001
00111100110110101111100100111110
10111101010010010011001011110011
00111100111101000100001001011100
10111101101001000111000010010010
10111010111001001000010010111110
10111101001000010100010001101100
00111011111100011001111010101100
10111101001011011100110001001010
10111010100000010101000010001101
00111100010000011100001000011011
10111011110111110111111000010000
10111101001001010100111110100100
10111100101000010000110100011111
10111101100001101100100100001111
10111100101000000110011110000111
10111100111101011001101100000101
10111101100101010001100101001111
00111100111111000111111000011001
10111100111001111000000001011100
00111100101010111100001011110101
10111101101101001011001010001000
10111101100110000011000000000101
00111011001100111100101110010100
00111101000111100011101111000010
00111101100000100100111011010101
10111011001001010000001011100010
10111101100100000101111010000110
10111100101010010000111100010111
10111101000001010011001011010111
10111100111100010101110101000011
10111101000110011001011011001001
00111100101000110001000010111011
10111100101001000110111000111000
00111100101100011011111100010100
00111100111110011010001110010001
00111100101110000110010001001100
00111101011000101000111100101110
10111101010100010111101001010111
10111101100111010010011101001000
10111100000000110001110011001101
10111110000100001001100111010111
10111101100111111011010011010110
10111101001001100110100001101111
00111101001011101011101010000110
00111100010011011010101000110000
10111101001010011011110111100100
10111100100000000111111001101010
10111100010100110000101100000010
10111100000101011100111101011010
10111100100100110000110101011010
10111100110110101010100100001100
10111101100111011011100110101011
10111101010010110101101000011100
00111101011001000011100001101100
00111101011001111111110111101010
00111101000111101000011000011001
10111100010010000000111110111010
10111100111110001001110111010101
10111101011001000100111110100000
00111100111111011100001111011000
10111101101101011110011000001001
00111101001000100010010101000001
10111101100001100101011000110100
00111011110010000001101000000000
00111100000001010110001010101100
10111101100010000110101000011001
10111101000101001110000110000000
10111100101101011001110101010010
00111100111011010010111110110111
00111100100110010011011001000000
00111011000110011011001000100011
00111101000010111011111111000011
10111101010101110101100011100010
10111011010100101000101100110010
10111011100001110101011111000001
10111010100100000000001100001000
00111100111000111101110100111001
10111100001000011011001001010001
00111101010111001111110101111110
00111100010100110010010110011111
10111101100110000000011000111110
00111101100101001110010001001011
10111100100001111111110010101110
10111101000000001010000101010010
10111011111111101111011010101000
00111101001010110100101011010010
10111011111011111100110100000001
10111100011000000101011110101011
00111100101111001010001001000000
10111101001010110101110001010011
00111101010001101001110111010011
10111101011011100101010110100110
00111101000011111011001001100010
10111100111110000101110011011010
00111100100001010001111100111100
00111100011101011010111110111100
10111100101010001101110100010101
10111011101010011001011000110101
10111101000101000101101110111110
00111100110100100100011010000000
00111101001001011111101101010110
00111101000111011010000100101110
00111100101000010100110000000011
00111100100110011010011110101010
10111011110110010110100111101111
10111101010101000001011010101010
10111101001011001100000101100111
00111010111011101100111101001110
00111101001001110001000001010010
00111100100000001000010111111011
00111011110011000001101111111101
10111101001110100111011000010000
10111011001010011000100100111110
10111101000011010011100111110100
00111101010000001110011011010001
00111101100010010101000100110101
00111101011000110000100001110111
00111100001001100011010011110011
00111100110000000001000100001000
00111100101001110011001101011011
00111100100000001011111111011000
00111100101111001000111100001000
00111100001010110001110000100001
10111100100111010110010010111011
10111010011011100101010110000001
10111100100100000100001110110100
10111010010011100110111111110110
10111101011111000100101001001100
00111100111001011011111100100100
10111011100111101101110110000010
00111100000011111010100100000011
00111101011101001100101000101000
00111100011100010010111101011011
10111011101100000111110100100010
00111100101101001001010111110010
10111100110100100010110100101010
10111101001000111011101111001101
10111101001100011111110001000100
00111101001100100111010001100011
00111100011101000000010110110100
00111101010011000101010010101000
00111011000010101001101101000011
10111101001001111101100011101010
10111101110011111100000010011110
10111101001010001010010000100010
00111010101000111111110000011100
00111101010100001110111001000100
10111100011110111001101110110101
10111101100001000110110001001100
10111101000000100011001010010111
10111100110110010010011110100010
10111100111000101100010000000100
00111101100111000011000100110101
00111100000111100001001010110101
00111101000101000010010000000111
00111100110010001001001010110111
00111100101110111011000110010100
00111101001001010010000111000110
00111011100111000101000111011101
10111100100110100110110010100111
10111100000111011011111010110101
00111100110110101011100010101010
00111101110000010001000001110100
00111101110001111000001101010101
10111100011101101111001010110010
00111100100101001110111001101011
10111100110101101000101110111011
10111101101001100001110101101000
10111011010000110110110100100101
10111100111111101100100011001101
00111100111101110000000001101101
00111101000001111010111111110000
00111101001000100101001000001101
10111100000110100001001100111010
00111101110010101110001111000110
10111101100111011100110011011111
00111101100100001001000011010011
00111101000101110100100100111010
10111100100010001100010011010011
10111101011010110110100010101100
00111101010100000110111110101111
10111101100001010111110011011110
00111100100111010110101011011001
00111101000101110100000111000100
00111101011010010001011101111010
00111101101010000111001010110011
00111101010010000101001000111011
10111011000100111011100100111111
00111101001111001011010010110111
10111011001101101011000011111111
10111101110011001110101101101110
10111101001001010011111001011000
00111001000111101111010001010101
10111101100101110100100101110010
10111011110010101101010001011101
00111011110101001011111110111001
10111100101111101001011011001111
00111100101010010111110011111011
10111101110000101101100101110000
00111101001001001010101111101000
10111101000001000001001111111110
00111100100001010110011100001111
10111100111111011111001000001000
10111101101011000111001001100010
00111100100000100110110110101010
10111101000111110101101100000010
10111010010101100001011000101110
00111100100111000111001000100011
00111100111000010011011101011111
00111011111110010101100000010010
00111011111001010101110001001101
10111101000011100011111011110011
00111101100001000100110011000011
00111101001001100010111011010110
00111100100101111010001011100000
00111100100010100000010100000111
00111100110110100010001010001101
00111011110001001100110100100100
00111011011011110000100011010000
10111101000010001110110111010001
00111101011100111100111100110110
00111100001110001111100010100100
10111101101010110000100000001000
00111101001001011011100010010011
10111100100101110010000110111010
10111100100110011010100001010101
00111101100110000010001001101111
10111101000011101101011001111000
00111100001101101010111011000110
10111100111100110111100101111010
00111101011010101100111100100100
10111011111100101010111110111001
10111100100001001001010000100010
00111101000111011001011101000100
00111101010000111111010010110111
10111100001111111100000101101001
00111100101000011110101000000010
00111100100000011000001111010010
10111101011011101001000101001111
10111101100001111100011100100101
10111101100011100111000111010110
00111100100110101101110011111010
10111101001110010010000101010001
10111100111010011010100001110000
00111101000001011001100100011001
10111100111111111100111111001001
00111011010101011100101101100010
10111101001001000111011001011111
00111101000000010110001010001101
10111101100101001010110101101001
10111101110010000000011001001011
10111110000000101111110100001010
10111100111000110010111111110011
10111101011000100110000000010000
00111010110011010011001101111110
00111100101111001101111010101111
10111101000000101010111001101101
00111100010101011111011100011011
00111010101011011001110001111111
00111101001010001001010001101111
10111011010100110001111100010000
10111100110010100000011000100100
00111100110010101010110110011010
00111100100100101011011001010011
00111101010110111111110110111001
00111101101000010111010001000001
00111101011010100010011100100101
00111101010100000110111010100000
10111101000010110011100111000110
10111011001111101111111101111001
00111100111111110010011001111110
10111101001000010110011111110001
00111100011001110001011101000110
10111101101100000001100010110101
10111100110011110011111011000001
00111101001111001011001010001001
10111010111100100001011001000101
10111101010111110010010011010100
10111100001010000110100000000000
00111101100101110000101100101101
00111100111011001110111011100001
00111011100000010111000111101110
10111101100011110111011110011011
00111100100010001011101101001011
00111101011001010100000011100100
00111101000101101101101111111000
10111101000111101111001011111111
10111101001110110011101101110001
00111101001000001100001100011111
10111100101101100101010101101110
00111100010000010010010111111011
10111101011100101111010101110110
00111100110101001111101010010001
10111100110001010011100100001011
10111011011011101101101000000001
00111101011110101111011011010001
00111100110001010001010111010111
00111101001010101001111001010000
10111100010111000011100001101010
10111101101101001000000011111011
10111100111001100000001101000111
00111010110111000000010011110101
00111100011011100001100110000010
10111100000111111000000001100010
00111100001111111111000100100010
00111101001011010110101000101100
10111100000010000000011100010101
00111100100111000001100101101010
10111011110110010100101100001001
10111101011011100000000100100010
00111101101001110001011010010110
10111100101000011101001101000101
00111100101000111010011010111101
10111101110110011010001110111110
00111101101101000110000001000111
00111100100001011100000010100100
10111100010010010011101011000111
00111011100010110111000101100001
00111100111100001101100111010110
10111100101110011101110000101011
10111101000010001000011101011101
10111100110001110100001000000110
00111100101100101000100000101110
10111101000011110000000010011100
10111101010111000110000001101001
10111101010111110101101100011110
10111101001101001011010001010100
00111101011111001001101111000000
10111101011010101111110110101100
00111101100001001010011101100110
00111100101111100111110000101110
00111011010011111011000011011110
10111011011011101011001111100010
00111100111011101001100100011001
00111101010000110011100101011111
10111101000100000101100001010001
00111100101101010100010110100110
10111101101101000110100110110101
00111101011001100010000001011100
00111100011001110100101101101011
10111101100001000110001100010010
10111100000110110110110001000011
00111100100100010100100101100010
00111011111100011110000101110111
10111101010010110100010011100001
10111101000010010000110001111110
00111101010011001101011111101011
10111101001001110001100010011100
00111101011011100011001000011011
00111100001110101000100101001110
10111100001111101011000110011111
00111101110011011001010001110011
00111101000001101011011101111001
10111100000110011111010110011110
10111101100000000010011001011001
10111101100001000011001110100011
00111100110001001001100100000101
10111101001011100010111100010010
10111100111001001100010010000010
00111100100100101000100110010001
10111101101011010001010110000111
00111100000110011111011101011000
10111100111010010010011100110100
10111100000101001011011110110010
00111100100111101111101111011010
10111100000001010000110011111010
00111100001101010100111101011000
00111101011000111010010001110110
10111101001011000111001000011111
10111100000111011000011000100101
00111101011110010000100000101111
00111101000001010000001010101011
10111100110001110110110110100100
00111101001110110000100010000001
10111100110110011001100010101001
10111010000000001110010100011110
00111100110110001110101001111101
00111100101100000011101101010000
00111100001010111011111000000011
00111100000000111000000011001111
00111101001001111101101111000000
00111100001000010100100001101110
00111100010011001100111111111001
10111101010000111011111010011100
10111011111001001111010110010000
10111100110011000000000110110000
00111101100110001011111001001001
10111100110110011100110101101001
10111011100000010100111100001100
00111101010001111100011111011000
10111011111000010000111111001110
10111101001110100010101100000101
10111100100000110101110101111100
10111101010011000010101010011110
10111101000100000011101111011111
10111100010010011000000100001101
00111100001011100001110100111011
10111100101110001111010001110100
00111101100100011111100010111011
00111100010110010011011111101011
10111101010111001111011010110111
00111101101001011001011010010001
00111101000101100000010110001001
10111100000111111110010111111001
00111101000000110000011110101100
10111101001010101000101111111111
00111101010111011101000011011001
10111100000101100101001010010101
10111101001101001110101111011001
10111101000000000001001010111111
00111100100001011000110001101000
00111101000111110010101001011000
10111100101001000110111000001110
10111101101011010001000010100110
10111100110101110111011000101010
10111100011010100101110010110011
10111101100010100010110001011011
00111100001001110101010101101101
00111100100001000100100011011111
10111011110010100100010110011001
10111100101101000111011000000111
10111101010011100010011100000000
00111011110000000010010011101111
10111101011001110001011010000010
10111101110110111011111100001111
00111100001100000011101101000010
00111101100110010011100111000110
10111011100011001100001011100001
10111100011001111110100100111101
00111101011111001111110111000000
10111101001011110011100001101101
00111100110000010100100111011010
00111101000000010101000100111010
00111100101100110111001001011011
10111101101101100110011010001111
10111101001101001111110001011101
00111101000001010001000110100110
10111101100010101010000110011001
00111000111110001101000011011011
00111101011011101101100100001101
00111101100110100001000111111100
10111100010010111000011100001000
10111100111000100010101010110001
00111101001011000111110001110011
10111100100000110010000110110000
00111101000110000011010110000000
10111101000000100111010100110110
10111101011111011011001110110010
00111101010010111100001111000000
10111100010110011110000000011011
00111100111101111000111010010010
10111011011101110111101100100110
10111011001110101001011111011000
00111101101011011001001110110011
00111101100110110100111001010110
10111100011111011000111011101110
00111101100000001100100001011010
10111100111100010110000011001100
10111100000011110100001110000101
10111101000000001101011110000000
00111101100111110001100000110010
00111101011111010101011100001011
00111100001010100111011001111011
10111100010011011111101001111010
00111101000101001011110001100011
00111100110110110001110100100111
00111101011110101001001111100100
00111101100000110000011111111100
00111011111000101111110110011011
10111011100001001011001000111111
10111101010110011110110011001001
10111101101000110000011100100100
10111100111110111010010011100110
10111101001111110100111110010101
10111011001011100110011001001101
10111010100011000010000010011001
10111101101110001000011010100011
00111100010000111001011101011101
00111101000110000001100100000100
00111011010010001011000101000100
10111100011010011110100101000000
00111100001111000001111010000100
10111100110011101000010000010111
10111101101000010100111000111101
00111100101010110110001110111110
10111101000000101111010010001111
10111101010000011001110101011110
10111100101111111111100011110100
10111011011100110011000010100111
10111101000101111000110111111110
10111101011111001011111110110100
10111011101111001010010001001100
00111101100010100100010001000000
10111101001010001110001001001100
10111101100000001101011001100101
10111100011110000011011011111101
10111100000011111111011000001101
10111101011110100001100100010010
10111101100101011101111011101000
00111100101100000100101000111001
10111100110010000001110001001011
00111100110001001101010110010101
00111100010001100101000010101101
00111101001101001100111001010011
00111011100101101101000000110110
00111101000001000011011110011111
10111101001010000101010111010110
10111100101111101010111000001010
00111101000010011001101100011011
00111010101111110100011100101011
00111100111001001111111000110010
10111100001000011010010100101001
00111101010100000111100011001111
10111101101110101010100101010101
10111101011111010000011111100011
00111101011010001010100100000010
00111100000100101110001011110100
10111100100110111000011000101010
10111101000001001101011001010101
10111101101111010010110001011001
10111101000100111111110000001010
10111011111111110011000000110101
00111101001011101011011111100010
00111101001101111111110001110100
10111101100010010100010010101001
00111100100001001111011101100001
10111100011010100101110110101100
00111101011111011011100011000110
00111100011011101001000100100011
10111100111011100101011111011011
00111001011001010001110001101111
10111011100111110110111110101011
00111101100110111100011111001100
10111101100010010101011110011101
10111101011101001100110010101011
00111101000110000100011101110111
10111101001001110101010100100100
00111101000011111011101101110011
10111100000010000001111001011111
10111011100111100011001010100100
10111101101100001011001100010000
10111100101001111011001000011000
10111101110001100000001101011111
10111101001111001100010011101100
00111100000101101011011011011011
10111101011000100100111001100110
00111101011010100110101011101000
10111100100010101110100010110100
10111100100101001001101100110001
00111100001011001001000010101100
10111100001110100000001011101111
10111100001010000011001010011100
00111100101100000100000111111110
00111011110111101010111011100010
00111101100111101010100001000011
10111100010000100101011010101101
10111101010000111001101101111101
10111101000001100101001011111010
10111100100010000000110010111001
10111100110010100111011010010001
10111011110110100010000110101111
10111101000110110001001001001000
00111100001001010111110100110111
10111101100101101001100010000101
10111101001110110110010000110001
10111101000111101110010111001001
10111101001111000110100000100110
10111101100001001100010111000011
10111100010010111001111111000101
10111100101010010011011110011010
10111101000111001000111001000110
00111011010001001011000101011111
10111101000111101110111110100001
00111101000111101011111100100100
10111101001111011011000001111110
10111100100011100010011001001110
10111100100100110100111100010001
00111010011001000111101011110101
10111100111101110111111011011000
10111101011011011111100101011001
10111100110111110001011011010001
10111100010100111010111111111100
00111100000110000011111100100100
00111011101000100101101101100010
00111100110101100000100001110011
10111011110111000001001000100001
10111101100000100101101001000111
00111101011101100011000101000111
10111101000001101001111100111010
00111101100010000111000001001111
10111101000011011100011101101000
00111101011101101110111001010101
10111101010001111111000001010110
10111101010001010000101100111010
00111101100011011010010110101111
10111101100100111100011110100010
10111101100011110111001100001001
00111101011011100010000100001000
00111100111110000110010000001010
10111100011101100001110001110111
00111100101000100111000110100001
10111101010011000100011110001111
10111100100110110000000000100110
00111101011111101011001101101011
10111101010010110001011000011000
10111100100000100001011001011001
10111101100111100100110111110001
10111101001100010001010000100001
00111101100010111001000000100101
10111101000100111010010011100010
10111101010011000111000000011101
10111101010011011010111010110000
10111100110111110101111000101001
00111100100101101110010111011011
10111100101110110110100010001010
10111100101001101110010101010001
00111100101010001001010001111000
10111101101110001000001001011010
00111100110010001000011110101111
10111101011111011001010101011101
10111011101101000000110101101010
00111011111010001111100100101111
10111100110001101010000110010101
10111100011001011010111010000111
10111000101101101110010110111001
10111100010111100100010101001001
00111100100111100101000000001001
00111100010010110011011110000000
00111101010000111001110001000110
10111100000101110100001101011100
10111101000011111100001011100001
10111101000100110101100100000011
00111010101111010000000011100110
00111100111000000001110010100010
10111100111110000110111001010001
10111100011001111110100101010111
10111011110111111110010110001111
10111101100000100101100000111011
00111100000100100001100110101111
00111100101111100101101101110011
00111100111110111000101111101010
00111100100010110011111101110001
00111101000011110100111010000000
00111011110000010010100010101111
10111100010001010011101101000000
10111011100010010001010011101101
10111100010110101101011001111111
10111100000010010010000011001100
10111100110110100100011000001111
10111100100111101110101000000101
10111011100110011010011100001010
00111100001111000010001010010100
00111101001001101101111110011011
00111101101101100010111111100111
00111101001100010100000110101000
00111101101110111101110110011010
00111100110010101010100100111000
00111101010100001101110100000110
00111100111110100010000010100100
10111101110011000111110000010010
10111101100100000011011100000010
00111101001101110101010000110110
10111101000100101010010011100100
00111100100110110011000110100111
00111100100011010000110000000011
00111101011000011111100100001011
00111101011010110001001111000100
10111100111110001011110001000101
00111011110001100101110010111000
10111001110100010100000100010001
10111100111101110101010010111111
10111101011110110111011011100111
10111100101010101100011100011001
10111100010110010101010011001111
00111100010111011000100101010110
00111100111101101111011101100000
00111101011001000100011001000110
10111100100011000101101110001110
00111100100000000011100101010110
00111100101010000110010100000000
10111101101100010111111100100101
10111101100000100110001010100001
00111101101011110111011001111101
00111100100000110100101010011110
10111100010110111001010001101011
00111101100110001110101011001100
10111101011010001111011111110011
