10111100101111011100100001011011
10111101011001101001110110101000
00111101011101011100010110000001
10111100101011000001100011001101
10111101100101101100001111011010
10111100101101101001100011111001
10111011001101111010100001001110
10111110000000000001001110111000
10111101001110100101100110011100
10111100010100111100100111000111
10111101001111101001110111110000
10111011110010010100100000111000
00111101101000001100010111000001
10111100110001100111100111110000
00111010111000000101010110110110
00111101110110101111010001100001
10111101011011110000110000000010
00111101000100100111111011110000
10111011001010111000111011010101
10111010110110100000110101010110
10111101001101010101100100010011
10111101000010010011000000011001
00111101010111000001001110011010
00111101011010110011100110111000
10111100100110101110101001101011
00111011111010000100001011010000
10111100111100011100000011111100
10111101001011010001010100010010
00111100001011101111001001100111
10111100100101000010100010001011
10111010111011001001100111111000
10111101001011011011011101011000
10111101010111010010011111100001
00111101011000101111000111000101
00111010011010111001011001011101
00111100101101110000100010110001
10111100111010100011001011101011
00111101100010110110111101000011
10111000100101101011011100011011
00111011010110101000011010100111
10111100110000111100101110100011
10111101000000001101011000000011
00111100110001111010000111100010
00111011100111111100100111101010
00111100111010001010110011011010
00111100111000110101011010001001
10111101110000010110111101110010
00111011111001010111110011101100
00111100111111100100011101101101
00111100100001011011010010010110
00111100011001011111000001101010
00111101000101010110100111100111
00111101000010001110110111000101
00111101001101110011010101011110
10111101000000100110101011001000
00111100110100111110001111101110
00111100100011000110111101011000
00111100011101010010001010101110
10111011100011001010000001100100
00111010110001001110101101110000
10111101101001100111100011110010
10111101010100000000011111110010
00111100110011101001111100011001
10111100111100101011110001100001
00111101101100100100110010000111
00111101000010001000001011100110
00111101010110001000111001000010
00111101000110101010100000001111
00111101000100011101101100010110
10111101000111000110001011000001
00111100111100110010101001110111
00111101101000010101100010111111
10111101010010100110001000000001
00111100100111010101101001100110
00111100110011111011100100000010
10111101100000111110110100000011
00111101101000001000111011001010
00111101110010110000101111010011
00111100001100010011111101100001
00111101111011001010100101111001
10111101100100011110110011010000
00111101101011111101100001001010
00111101100001010110001010001001
00111011100001100011000100010010
00111100000101111111001000100111
00111011100011101010001111010001
00111101000001001010011011010000
10111100111000111100111111100110
00111101000000100101010011100010
00111100111110111010100011010001
10111101011000110010010011001001
00111101001110101001111101010000
10111101100001101011111101100101
00111101001100101111101101101001
10111100000001111110000011111100
10111100000111111010111011010010
00111011111110011000011011100110
10111100101011110000101011010101
10111101110111011101111110101100
10111100110110101100100111011101
00111100001110110111000111011010
00111101111110000100101110010000
10111101010001110100011111000000
10111100100000111011010011010110
00111100010000110101011001110111
10111100011000101101000110110001
10111100100011110111001001111011
00111100011110001101101111001110
10111011110101001111111001110011
10111101111100110111111110101101
00111101010001001001000101100000
00111100110000011010010000000101
10111100000111011100111010011110
00111011110011001000100000111110
10111101000000001110101101011100
00111100100001110100100001111101
10111101000010101110001110000110
10111101011010010010001101100000
10111101100011110010001001000000
10111011111100011101011100100111
10111101000101010001000111000000
00111100010101000010111101101011
00111101100100110011111011100010
10111100101001110101000001111001
10111100101011100010100011010111
10111101110010001001010000110010
00111100001001001000111100110000
10111101101011010111100110110000
10111100011010111100100110101100
10111101001111000100101001111100
00111101001101111111010110001000
10111101011100111100100010001010
00111100101100011010011010001011
10111101010010100111001000101001
00111011100000010001000111011011
10111101001010000100010110000001
00111101011000111111111110001110
10111011100110110000111101010111
10111101100100110001110001110010
10111100011110101111001011101001
00111100001100010100000000100101
10111100111000110111011010011010
00111110000001001010111111101110
10111101111101011110001101101111
00111101000101000001000101111110
00111100001101001110001011000010
00111011010011000110000100110100
10111100101010110110000111000011
00111101001001111111001101111100
00111011000000000110000100001011
10111100100111111101000110101010
00111101001101010110010001111011
00111101000110010001010111001101
10111011111011011111101100001101
00111101000100010101010110110010
10111101110101010100010111010111
10111101001110110111100000001101
00111101110101000100000110100100
00111010100010101111110001110100
10111101000000110111010000100100
00111100110011111010101110001010
10111100111100010010000100011100
10111100110001111100111110000111
00111101000001010001010001010000
10111100000001000101101100011111
00111101000110010100000110000110
10111100101101110010000101101001
10111101011000001011000001010000
00111101011011111111000010101111
10111101100111001110100000100111
00111101011011000100111111111000
00111010101000110010010111101011
00111100101010110101100001001100
00111100110111111010101011000101
10111100111101010000110110011110
10111100111001001011001011100111
00111101000111110010011101101100
00111101101011000101100000000010
10111101010101001001100001100101
10111100110110101101000010000010
10111101000000000010000001000101
10111101101100111010100011001111
00111101100010101100100101110000
10111101101100111010000011100100
00111100110111000001101110000010
00111101111100000000101001000000
00111010110000000110011111101101
00111101001110100100100100011110
10111101000000101010000111000011
10111101110101010011011011101011
10111101001010000001101100110100
10111101010110001110100001010100
10111101010011100011101010111100
10111100011010111110000011000001
00111011110010110000110000110011
10111100100000010100000111001010
00111101100010001110000101011111
10111101100101110001101010011110
00111000110101000110000111001100
00111100011000000100010111111111
10111101110100011001100110110110
00111101000000101111111100011101
00111011101010101000110000100010
00111100101000001011010110100110
00111100001101110000100000111111
10111101110111101011000111100111
00111101000010011001111010010101
00111101110010101101111101100110
00111101100100001101001111000010
00111101000010111100110011010011
00111101001110000110010100001110
10111101010010001101110111111100
00111010000010100100101010101111
00111101101000000001101000011110
00111101100001110111110001010100
10111101000100010100110010101000
10111101011011010111000110110101
10111101010111000100011000100011
10111101001001101100101001100000
10111100011110101001101101101101
10111100011111111010110110001111
10111100110111011010000100111010
00111100111111010011001100010101
10111100101011110000101011111011
10111100111111111010101111111010
10111100010100110100011101010110
10111100101110110011101010011111
10111110000110010011001110001101
00111101010001001000100100110110
10111100100111001011111100000010
00111101101001011101100001101000
10111101100101110101011001011011
00111011000111101000101111000010
10111101010011100011111101010111
00111100100011100000100001001001
00111101100011011011001111101001
10111101010011000010100000010101
00111100111011100100101110111110
10111101011010010011100111101100
00111101100100101100010101001011
00111100001100111111000111101000
10111100111100001100100010001010
10111011100001100001011111100110
00111010100111110100110000010110
10111100001110110111100001010110
00111011000010111100001110111011
00111101000100101010100011110111
10111101100001001000110110011000
00111101000100001111101100101010
10111100111100110110011001010110
00111101100010010000111011100101
00111101101100000010111001001100
10111100101001101010111000101000
10111101100000000100110000111001
00111100100000111101011101011111
00111100000000111110001010101111
00111100100111100110010011010101
00111101000010000100011000011001
10111101110011011101101001001111
00111101011101100100101110100000
10111101010110100110010000110110
00111101100101100101001111000101
10111101100010110100110101001001
00111100110111111111101011011100
10111101000011000110100101100110
10111101010010010001011011100101
00111100110100000010101010000100
10111100000001000110001010100011
00111011111100111001110100010010
10111101011100100100000001001011
10111011110101001100010111101010
10111101110000010010111000011010
10111101110100101111010010011001
00111101001111100001101000101001
10111011001100100101101100001011
10111101100000000010011010100001
10111101110010011001100100100111
10111011111100111010100100010001
10111110000001011100101001010110
00111100011001110011011010011011
00111101010110111000001011111000
00111101100010100000000010000101
00111101010011101001100001001010
00111011011010000010011110011101
10111011111011010110101011010000
10111100000001010001000110101010
00111101101001111111001000011111
00111100000010001100000010100100
10111101001110000001111000101100
00111100101000101111100010001000
10111011100000101110001001101001
10111100111110100001101100001101
10111100111100111010010110001001
00111100100001111101011111001001
10111101001010001101010010011110
10111100011110000000111110101110
00111101001000001001010100111111
10111101010001010001100111000111
00111101001001010000011100010010
00111101111001110111001111110111
00111100111000110000111111001111
10111101010110001100000110100110
10111101011011000000000111100011
00111101110011000011110111011100
00111110000110100001111001000000
10111101111101111011110100000000
10111100010101110101101001110111
00111101101000100111111000011111
10111011100100101010001110101101
10111101011110011101111001111100
00111101100000100000100001100000
00111101101100110010010110000100
10111101100001100001010100001100
00111100100100110011110111000001
00111101100010001111001101011100
10111101101000001100011010010010
10111101001101000001000000111110
10111100000010101000101100001010
00111100101100000110001001000011
10111100111100001000010010001011
00111011111100001111101011000001
10111101011000001111110001101001
10111101100001110110001001110000
00111101101010000100001111111111
00111100100000101000000011000010
10111011111111111011111100110000
10111100001111000100101001011101
00111100111010001001011100110110
00111101001101011111110011010001
10111101011101000000101101011010
10111101101100000000111001101101
00111101000110101100010101011010
10111101011100010000100101111000
00111010011000111111101000110100
10111011111010101101011001110100
00111101100100111100110101000110
00111011111101110010110000010010
10111101111010001010101100001101
00111100001001010101111110010010
10111101000010100111000011111100
10111101100111110101100110001011
10111101000101011010011010011110
10111101000001001000001100110010
00111100010110011010010101010000
10111101100011011111010011111010
00111101011010010101010000011100
00111101000101010101100101101100
00111100110011001110010010101101
10111100101001011010110001110110
10111101100000010111011001010110
00111101010000100010011000101000
10111101110000101000110001011101
00111101010000001111001111001010
00111010001101110100011101010010
10111101101101001110101101000000
00111101101111000011000101011000
00111100010100010010001000010100
00111101001100100010101101010011
00111100111110010111001011010001
10111100100010000111101101001000
00111101000100110111011100001001
00111011100001011000001111101100
00111101110011100000000110110010
00111011000110111110111000111111
10111011001101011010001010100101
00111101101001011100010101001111
10111101100100010100011000000101
10111101110011101100000111100111
00111100111001110110100100011010
10111101101011110010001011110000
10111101101110011010000000111100
10111100000000001010010010111110
10111000010010100111000111000010
00111101111000100000011111101111
10111100101101000001001111000011
10111101100010010111001001111111
10111101101110100010101110110001
00111100110001011000111110110011
00111100110011011100110100011101
10111101100100110011110011100100
00111101100011000100011001001001
00111100000011000000100000110100
00111101100010111101100010111011
10111101100101001011110010010111
10111101111100110100000100100010
10111101001000110001100100111000
00111101100001011010110101011110
10111100111011011100011011010101
00111101101000010110000111010100
00111100100001111011110110100110
10111101101100101000000101111100
00111101001011011100011101011111
10111101010101000110110001010111
10111101010000000110001110011110
00111100111101101011101010000101
10111101101011011011110001110111
00111010101101000011001100010010
00111100010110000010111101000100
10111010101101011110101001111111
00111101000110011010000100111000
10111100111100111101111111001111
10111011000111011100010010000010
00111101110010001011001001011101
10111011010100001011000000001100
10111101001000100111110010000010
10111011001100000100001100000001
00111101000000010000011010011011
00111100110001010001000000001000
00111101110001001110011111000100
00111101010000001101101100111010
00111011110101110001010011001111
10111101010001111000010110000111
00111100000101010111010010101100
00111101000001000101111001101110
00111010100111011100101101111100
10111101000000001111010110011010
10111101100110101001101100101010
10111101000000110111011001111101
10111101010111010001010101101110
10111101100010111010111110011111
10111101000110100010001110011111
10111011101100110101001010111111
00111100010111100111111100000101
00111101000000001100001101010100
10111100111011111101000011110111
00111101101010011100011000111010
00111101000111001010110111001100
00111101011100001011000101110110
10111011000011011100111010110101
00111101011100111001000010111011
00111101001010000011111001111001
00111011000000100111100000111000
00111101000000111101111101100111
00111101000001111101100010111000
10111101000010011001100000011100
10111100110001101001000010011001
00111101000010001011110010000011
10111101101000100110001111101000
00111100101001100000000110011111
00111100010000111010110011011000
00111101100110011001011011011100
10111100111100100011100001101010
10111101000100001110011011100001
00111101101101000111101001011111
00111101000111101010010001010111
00111100110100111111110110010110
00111100100001001000110010000111
10111101100100000001010010101000
10111100000010110100111110001110
00111101001001111111101110101110
10111101010100111110010000101111
10111101100001111101110001010011
10111100100100001010000100000011
10111101011001001001110000010010
00111100011001110101110001100100
10111101000000001010001010001011
10111100110010110110011010000110
00111101001010010101110101100100
10111100010101110011011010000100
00111101011101001100111100010100
10111101000101101110001101101011
10111101100100101111101101010001
10111100110100011011000001111010
00111100000110011000101100010111
10111011010011011010001100111101
00111101100110011111010001110110
10111101011110110001111101111100
10111101000001001001101001000101
10111101000110100100100111100000
00111101010100110100101001011001
00111101011101001111001100000001
10111100111110010010111011000010
10111101100000010011010100010100
10111101101001001111100010110111
00111101100011000010101111011001
00111101000010001101010101011001
10111101101111000111010000000001
00111101010011100011011101011001
10111100110100010101110011010100
10111101101000111100000111001011
10111100001101111101001001011101
00111100111001100111100010011111
10111101110101100000011110000010
00111100001100100010010111100001
10111100100111010110010111001111
10111011110110111111001010010011
00111101000000110001110000100000
10111101000000101001111011101011
00111101011000101100010100010100
00111100111010101001011101000001
00111101011101101111001011010111
10111101100011100111100000100110
10111101001011000101010111110010
00111101010111001110100101111111
10111100110011010010000000101100
10111100100110011101101111101101
00111101000010001111111110110111
00111011110111011001100101001100
10111101000011011100111110101011
10111100000010100100101011101011
00111011010101100110101010011100
10111101001110101101100001011001
10111101100100001100001110110000
10111100101010100001010000111000
00111100111111010101100100001001
10111100001111101101010011101101
10111011000010011010010000010111
10111101100001110011100100100000
10111101001101011000000011100110
00111101000100110101011101111111
10111101011111000011111110010101
00111101001111000000010101100000
00111100001101010001101100000101
00111101100011100011110000100011
10111011011001011000100011111111
00111101011000101010101100010001
10111101100100100111101100101111
10111101010110000110001101111010
10111101011110101101011011011110
10111100000010010110100000010010
10111101100001010010101110110101
00111011101010100100110000000110
00111101000101001011011101100111
10111100100001100100101100101111
00111101101000111111010011001000
00111100101100100100001111011001
00111001001001111111010100101100
00111100001001101110101110110110
10111101100010000001100100101100
10111101011000111111001001110001
10111101010010010000010100011001
10111100010101111101101110001100
00111011101001011110100010110011
00111101010110011111001100111111
10111011010110110110100001000101
10111100101000100010100111011010
10111100101110000110011111111000
00111100110001001111011100100111
00111101100010000011011101011111
00111101100110111000001111111000
10111100011110011000100111111000
10111101101101000001101100011100
10111100111111010100101100011100
10111101110001101101111101000011
10111101100001101101110111100001
10111100111000111011011001010100
10111101001000000100000000000110
10111101100110111101110110101101
10111011001100011011011001000111
00111100100111100000100100111000
10111101100110101000000011100001
10111100001010111101000010110110
10111100101100011100101101010111
10111101100010010001101011010010
00111101101010011101111100011100
00111010111010001000111011111100
10111101010000110011001000001111
00111010010101100101010111000110
00111100000000000010110111111000
00111101100100010110101011101000
10111101110010110101000101001000
10111101111000000011110010011001
00111101010100110001101010101111
00111101101001011001011100101011
10111101111101111100100000101001
10111101010001110101010000000001
10111101011010010110011100010110
10111101101101010111111101000010
10111010110101010111111111001001
10111101110111101000100010100101
10111101001101011110110001001111
10111100101000110111000001001000
10111011111000111101011011111111
10111100110000001000101000101011
00111011100111111100111011010100
10111011010111100101110001110000
00111011000001010101010010001111
10111100110111000000111000101101
00111101100100101011100000011010
10111101101010101110100110000111
10111101100011001110001111010111
00111100001001011011010101111100
00111011101101000101110110100100
00111101100000011100011111110110
00111101011101100001011100100101
10111101001111111000110111001101
00111100110011011001011000010010
00111101010101111001111110101001
00111100100101011000111100011111
10111101001111100001010100010100
10111011110010110100111010110101
10111010010111110100100011101000
00111101101110100011101100101101
10111101110000100011001111001001
10111101010001010010011000101100
00111011011100100010111011001100
00111101000111000000110010111000
00111101000100010110010011001100
00111101101010111111000111101110
00111101000111000001000010010010
10111011100000101110110001011110
10111101010101000001101100001001
00111101101001110011010010000010
10111101100100000011101011011000
00111011011000111111111111011000
00111101101111110101010010011110
00111101100111010100100010110100
00111100100111001001110101110000
10111101000110011001111100001111
00111100100111101111000111010010
00111100001001011110111101111000
10111101001111101010001001111110
00111101100101011110100101100011
10111100100000101101011011011110
10111100101110110010111110000101
00111101001001010010101110101001
10111100110001110001100100100011
10111011101000110110011011001101
10111100110101110101110010111000
00111101111010000011101011010111
00111011011000100001101110010110
00111100111111110001011100000101
00111101110100100000000100111100
10111100010100101101101110110010
10111001100000000100011111011110
00111100001000100100110111001001
10111101001000010001011011100100
00111101011111101001101101000001
00111101101111100110100000110101
00111101100010010110111001011110
10111101110110000011011001010001
10111101010001111100110010101100
10111010001110010100111000100110
00111101010010110011000011111001
10111011100010101010100000100001
10111011001010111101110000101001
10111100000011001101111010000111
10111101100010110100101001001111
10111100100100101110000011111100
10111100101110101000011000010010
00111100100001100110010011101101
10111101000000110001000000111111
10111011101000011000111011011101
00111101000001001111010111001110
10111101011011001011011101010011
10111101000011010001000100110100
10111100111010010110010000000011
10111100100110001011101100010111
00111101010000111101100100101010
00111011100001100011110010100111
10111100000011101000101110010100
10111100001011010000010101100111
10111011110110100101010011111001
10111101010101111100010111100000
10111101010011011101000011110100
10111101100010100011001111110110
10111100110110011111100110101010
10111101111011001100011000001110
10111100111100111110010111011000
10111101010110100010011101110001
00111100011100000010000000101100
00111101110010000000011000111010
00111101110000111011011000000001
10111101011001011011011101111110
10111101110111110000001101000101
10111101000000111111011001110000
10111101000101111111010101001010
10111011001110001101100100111010
10111101101101000000001001110101
00111101100011100101001110111001
00111101011111011011110100011000
10111100101001101111001000000111
10111101011011011001001110100111
10111101010001100000011001101010
10111101010000111011111100111010
00111101011001001011001110010000
00111101100001000000100110100101
10111101100010011000011001111111
10111101010001001111001100111100
00111101010101011100110010100011
10111100100011000011100111000111
00111101000000101100111111000010
00111100110000100001100000111001
00111100100110111101001100011011
10111011100010101110010001101010
00111101000001000100101001011100
10111100101100101010011010001111
00111100111111001110010001011101
00111100010110101110010100010010
00111100011010100100100101011110
10111101001011100111001100111100
10111101010100001001000111110100
10111010011001000000110111110100
10111101010010100000101010010110
10111101101101011001011010110101
10111101110000011001101100011011
10111101000101001011001101101110
00111100100000000001111011100000
10111100101101111001110001100111
10111100000110001100000110000000
10111101001111111010000010011011
00111100011000110010101100101000
00111100110001001100111011110111
10111101001111111010000001101010
00111100100010010101011001100100
00111101011111110110110111101110
10111101010000000010000101100101
10111101000101101000010101000010
10111100110010000100101111000110
10111100100011010001010000111110
10111100001000000010101001000110
10111100001001110000000111100010
00111101000010111000100011111110
00111100110110000111010010001000
10111101101010010011010001101011
00111100001110110001010011000000
10111101010011110000100010011001
00111100100010111101011100001110
00111101010001110111110110010100
10111101000111110000011100011111
00111101011111000011101001001110
00111100101100010100100111100010
00111101100011001101000111101011
00111101010000111111111010100000
10111101010110011000000110101010
00111100100110101111001110000001
10111101001111111100000111110111
00111100111001100100110011110101
00111011001010000000000111000101
10111101100000000000101110101000
00111100100111111101101111110011
00111100101001111000000110101101
10111100101100101001101110001111
00111101001000000101010000100101
10111101010010100000010010011010
10111101101001111010111100101010
10111101011011011010011000011000
10111100100001110010001001111001
10111101001001011001001011101101
10111100111001011101001001011100
10111101100101101100100011000110
00111101000111110001011100111111
10111011011111100100010111010000
10111101111001111111011110110001
10111100110110110000011110010011
10111101110110111110101011000111
10111100000010000010000011001111
10111101101010110010001000101010
00111100111110010010101000001110
10111101010100101011100101010101
10111101011100100101010001001110
10111101000110010011010101101110
00111101011000011100100100000110
00111101001001011011111000111111
10111100010001110001111001110111
10111101000000110000111101010111
00111100001111011001011110000010
10111101101011011110001010001010
00111101100001011100011101010010
00111101000101000001001000000001
00111101011000101001001111111000
10111101000011110111000010100110
00111100110101000001011000011010
10111101010000111011011001110010
00111101010000000100100001001110
00111101001010111010001111110100
00111100001101011000110111110011
10111100100011110101011001110111
10111011010001011011011010101111
10111101000000100100010110001011
00111100111111110000111000010101
00111101100010000100111000100000
00111101011110100100011001111011
00111101000110011000011110001101
00111101110010010010101101111001
00111100111010101110011100100110
00111101100100010100001101101101
00111101010110011110001111101110
10111101101101110100111001100111
00111101001111100011110001010001
00111101000000001011100110110100
10111101010100001001001001000110
00111100001001100000111001000000
10111100101011000100111100010010
00111101000111000111110011010110
10111101101100111111100110101001
00111100001001100010010110110111
00111101010010101100000111101111
00111100101010100110100100010110
10111101100011001000010111100011
00111101011011100110111001110110
00111010111000110101110001000111
10111100110010101101001001111111
10111101000111100100100001110101
00111100011000111100111110100000
10111101001011101110000001111011
10111001110011110010111111010101
10111101100001011001001111100011
10111101100110000000111010011110
10111101001111011100000000000000
10111011001111101000001110011000
10111010110100000001000110111010
00111101011000001101011010101011
10111011111011111100100000000101
00111100101010001111000110001001
10111101010101010001110011111010
10111101010111100000111011001001
00111101001000101110111010101011
00111101001000100010110001100010
10111101110101100011000010111111
00111101010001100100011001000111
10111100111110110000101001111101
10111100110100110010111101001100
00111100100110101110110001110010
10111100110001001010000100010011
00111101011100111111100100101001
00111101100110111100010001011100
10111101001010111001001111111001
00111101011111010001001001000101
00111101101100011011110010001001
10111100000011100101001001000100
10111101110111011100010111100011
00111101110101111010101111011011
10111100100000001001101101000011
00111101010110011100011011100010
00111101100110000001110011000111
00111101100110110011010100100101
00111110000111101101100111101011
10111101111001001111100010110100
10111011110001100110011111010101
00111100011010110100110010110100
00111100010000000001111001010000
10111100101000011001000111000001
10111100111111110101001100101000
10111101001101110111000110111000
10111101100010111110000100001010
10111100110111101110110101010011
10111101110111111011010101010001
10111011011011100010010100001010
00111101110001001100110100111101
00111100100111000111111101011001
10111011111110001001000001001101
10111010101000101111111110110100
00111100000111011110011111001100
00111100111101101001110110111010
00111101100110101010000100111111
10111100110110110001110101100100
10111101000011001001100010110100
10111101011010000010001100100011
10111101010001010001010110010000
00111101010000110010101000101000
00111101011010010001101110001011
10111010101101111111011110111110
00111101100001100000110001101011
00111011100100110010101010101001
10111100100100001100001001000110
10111101000000111001111000011101
00111100111110001101011011010100
10111101101110101010010001100000
00111101001011101100010100011010
10111100101001001011011010110001
10111100000010110100011001101011
10111101101001110111100010010001
10111101011110101100111111111100
10111101010100110000100100110010
10111100000010101011111100111011
10111101101101000010110110111000
00111101011011101101100000001011
00111101011011101101000101000111
10111101101100110001111011100010
10111101000010111101111110010001
10111100100010010110010110110100
00111100110010011000011011010000
10111101001110000011000110010101
00111100111000010100010000001101
10111101001110110011100110000100
10111101110100000001100001010111
10111100110011010011001110001000
10111011010001110111110110001101
10111101010110011000001111111111
00111101100000101001111110001001
10111101100111001110010110011010
10111101011100100010001100111001
00111101100101011101010111101100
10111100110000010101001101110100
00111100101100000110100001011010
10111101110000110010101101110111
00111101011100100011011111110111
10111011011000100001110101000111
10111101010011011110110101000111
00111101100001001100100000110101
10111101110011000010100001101000
10111101100000111110110101000111
00111100001101100011011011101001
10111101010100101010010100010011
10111101100101011110001111101101
00111011110001000000111101001011
00111101000101010001110111101000
10111101001010010011000001011011
10111101010110101001010101100010
10111100111000110110101110111111
00111101100001110001011010010111
10111101001111111011001101110110
00111101011001111101011010010011
10111101100011001011000101110110
10111101011111101001101011100011
00111100101001001100101011000111
10111101000001111000101010011011
10111100110000001100101110101001
10111100110101010110100111100001
10111100010011001001001010110110
10111011100000011100111001101001
00111100110111011100000001001000
00111101101101111100111000011100
00111101101010100000101011000010
10111101010110111111011101011000
10111100101011001100110001100000
10111100100010100010001000111110
00111100111111010000001000100101
10111101001010000100000001000110
10111100100010000011110111011001
10111101010110001111010000011010
00111101010000110001011011001100
00111100101001100101000011101010
00111011110000101111111110101010
10111011111011110010000011100101
00111100101010010011100010110001
10111010100110000101000011001001
00111100110101100110001100111101
00111100101010001110111010011100
00111100000101110011010101111010
10111011100101111010100001001000
10111100010010011001101101111110
00111100100100100010011101101110
10111101000001101000100110010110
00111101000100011100010110110001
10111101101001001101100100011001
00111101010000101010001110110000
00111100011110110011110011101001
00111100100001010100100101001011
00111100111101010100010000000011
00111100100111001011010000111010
10111100111111001100001010101110
10111100111000001000101111011101
10111011101010001111001011100110
00111101010001111001011001001001
00111100101100011000101100001111
00111100011011010010101010000110
10111010111111000001111111111101
10111100100011011000111111001111
00111100100100111011011110110100
10111100101110100111010011000100
10111101101011000010011001101100
10111101010110111001011001101111
10111011101100010110010001001011
00111101101101111110001100010011
10111101100101110011001100100100
10111101011111111011000110000000
10111100110100100100101101011111
00111101010101001000010100110110
10111101001011100110111010000000
10111110000001101111101011110001
00111101101011100001001000100111
10111101001011110001010010110101
00111100000100010010010101111111
10111011111000011111100101111100
10111101010001000011010110101000
10111100101001011101110101100010
10111101010001001111111100000101
00111100100010001000101100111101
00111100010000101010001000010110
10111101110111010110011010011011
00111100110111100100100000110011
00111101010101101110101111011001
10111101111010101001100001010000
10111100101011000111001111110001
00111101011110111100001010100100
10111110000100001001110110001010
10111101100011110001110000100101
00111101001001101011110110111000
10111101110100001000111011100111
10111100001011101110101100011011
10111101001100000011100000101111
10111100111001111010010101101011
00111101001110000100000001011001
00111101001100001101001000111000
10111100110010100000010111100011
00111011110111100011010011001101
00111101001111010100101100000000
10111101011000110110010101111010
00111101001111011100000100010011
00111101000101111000001110000100
10111101001000101101100101110000
10111101000010111001001100100001
10111100100010110110011010001110
10111100011101011100100011110001
10111101110010110000010011011001
00111011101010001100110000010010
00111100000011111101111101000101
00111010110110010011100100011100
10111011001100110110100001001010
10111100111011001110111011110111
10111101111101101010110000010101
00111101000111010111001110001111
10111101011100000101101101010111
00111100111000010110011011110011
10111101111000101110010011001011
10111100100110001110000001000101
00111101000011100001001101000110
00111011000101011101011110110010
10111101100011001001110001001000
10111101011100101000001101111001
10111101010000110000010100110001
00111100000101011110111000100000
10111101100111011011000101110001
10111101010010101101111111101011
00111101000110011100011111011111
10111101100011111010100101011111
00111100111011011010000001111110
10111101001101011100001001011010
00111101100100011011100110101100
10111101010011010011111000000111
10111101101000000101100111111010
10111101000010011000101000111000
00111101100100010101110100100100
10111100100111110110001010010110
10111011011100101010010011011001
10111101011101111111011110100100
00111011101000001010100100110001
00111101000001001011110110100011
10111011110111000010001011011101
00111101000111110101110100010100
10111101011011100100001101000100
10111101001111010001111011110101
00111100010001001010001001101110
00111100000010000100110110101001
10111101100001001011010011100110
10111100011011010011010001010100
10111100000010000100001111100001
10111101000111101110100001010101
00111100001001001000011101111010
10111100111101111111011001011101
00111101110111000101000110101111
00111101011110100001101101011011
00111101001101000011100111100101
10111011111100010100000100000011
00111101100010111110101101100010
00111100110001001001010001110101
10111011101111001001011110100011
00111011101010100101000001111101
00111011111010111000010011110001
00111101011010110011101010010101
00111101011011000101011010110100
10111101111011110101111101001110
10111101011111111100100100110101
00111011100001000011100100010011
00111011101100010011101111101111
10111100111111111111101100110000
00111011000100101101110101111100
10111100101011110100111000011010
00111100010010001011101010101010
00111101101111101101101001011100
00111101001101001010010101000011
10111101011110011101111101100000
00111100111001001011100100111110
00111101001101100001100011111011
10111100110110110100010101111110
10111100100100011010111101111000
10111011000000101010111011011100
00111100110100001011100110110101
00111100010111111001001011111000
00111101100111100011111110001011
00111101100000010001101000000000
00111101111000000100111000110101
00111100011011100001001101011100
10111101011100100100001100110111
10111101101010010111110010111111
00111100110001001110000010101100
10111101010011111011000110010001
00111100100011000101000001111010
00111101100010000100011110011001
00111101100001010000101101101010
00111101011000000010101111001011
00111100011101111100000011011011
10111100111011101001001011000001
00111100000111100000110000100110
00111011111000110010000010110101
10111101010000111100010111001100
10111100101101101010010101000101
10111101010000110100110111000010
00111010111100011101110110001000
10111101101100111000111011010000
10111101101010110111100111011010
00111100011110110111110001000000
10111100111010100001000111101100
10111101101101111110000011101101
10111101110011110000100111101100
10111010101001111001010100010100
10111011101010111111010101101110
10111011100010001111101000101000
00111101001111101101010111000111
10111101101010101011110111010101
10111100010000100010000111101110
00111011001010101110111010111110
00111100110001101111011100010110
10111100001000110001011010001101
00111101010101100111101010101110
10111100111000111010011100000001
10111101000011101101101100010100
10111101100010000001101110010000
00111101010101010001011000010000
10111100000001001001001110100011
10111100111110010111001010101100
10111011000000111001101111101000
00111101010100110110111111001110
00111100001100101001101010111010
00111101100001011011111111110111
00111100100100110100011111001101
00111101011011100101001000110111
10111101011100111101100000000001
00111100001011111111110101011001
00111101101111101011111100001110
00111101000100111001010000101110
10111101011001111110011110111100
10111101001000010010110010010100
00111011010000000000011010111101
00111100100101011010111010101011
00111101001101011001011010000011
00111101000011000001100011010101
00111100010111001000011110010101
00111100110010000000001011010010
00111011110111100010010000101111
10111101011011010010111100010101
10111101110011110000100101110000
00111100110010111101111011001001
00111011110110011010011001100100
10111101101001010101010010110000
10111101000111000111110010011000
00111100010111100010100101100101
10111101001000100111000011111101
00111011110110011000010010000011
00111100111011010100000011010101
10111101101010011000101000010011
00111101100011100100000101001010
10111101010011010101000111001101
00111100111100111101110101111111
00111100111001001101010101000001
00111101011010010100100111100001
00111010100011001101011000010011
10111100110110010001001001111101
00111101000110101101101010111111
00111100001111011000111100111011
