10111101000101011101010100001011
10111100000010110010011001001110
00111101001100010101011100101011
10111101101100101000110100000100
10111101101101111001011100001001
10111011111011010111001001101110
10111011110001010011000111010100
00111101011001000110010000110100
00111101011100001000111010101001
00111100100011101101010010011000
00111100011010000110100100100110
10111101001100111111011000100000
00111101001010000111101011101000
10111101101011101001010110110011
10111100110101101100111001000101
00111100010111010000011001111100
00111101000100100000101100000100
10111011011000000110101010110111
00111101010011111011001001000001
10111100110110011001110001000001
00111100010011111101100001001100
00111101100001110101101110000111
00111100110001100010010111100100
00111100101110110011110101000001
00111011110111110011010011001100
10111011111110001010110011001100
10111100111100010000100111000001
00111101000110100100111000000000
00111100100110100101111011010100
10111100110101100110101011100011
00111101011100101111000111101111
10111101001110110101101010101010
10111100100101101100001011100000
10111100111111010011101000010011
10111100110110011010100011110111
10111100000100101011001101000000
10111101100011001110111111101010
10111101100000011011010101001001
00111100100001100101110010100010
10111011100011001111010000010110
00111101100101111101010001110011
10111101001000000000001101101010
00111101100011000101000011001000
00111101000100011000111111111110
00111101100101000100011001000000
10111100110100011110011100101100
10111100011001010101010101111010
00111100111000110001100000010100
10111101000010000110001001111011
10111100111111101111110111111101
00111101010010000111100110100110
00111101001100010000100111100000
10111101010001000011110100110001
10111101010100100011111110100111
10111100101101111110101110100001
00111101100011101100101101101100
00111110000001111100001000010001
00111100100101100001000110010111
00111101001101110010100001100101
10111011001101100000000011010010
00111011100001011000100111110001
10111100011101001000110000111101
00111101001101101100110111101011
00111101100000100010000000111100
10111101100001001101111110101100
10111101111000000111100110101110
00111100010001011000000110100001
00111100011010111000110101011100
10111101100010011101111000010100
00111100110011010110001101001110
00111101100010101010100101111010
10111100000000010010111001000011
00111100101011100100011110011111
00111101010000001101101000111000
00111100000111111100111100010111
00111101111010101101011101111001
00111101111110011001110110111110
00111101101111011011000111000110
10111001101010000001100110001011
10111101011010010100001011010010
10111101011000110100011101111001
10111101111011001101111011101111
00111101110101101111110100111011
10111011011011011101000011111110
00111011110101100010011011001101
00111100011000001110010001001110
10111101000100000001010110111100
00111101000000001111000110100100
10111011001011111110000101110010
10111100000010000010010001101110
10111101001111110010000011001111
00111100010111001111010011101111
00111101100110110111001111101011
00111101000110010001111000111010
10111100110011100010000010101111
10111101000000100010100110001010
00111101001000010100001001101101
10111101010010000101011011010101
10111101100111010000001001110010
00111100000110101010101101111111
00111100011110000011111110001010
00111101011111111011110110110100
10111100101001001110000101010010
00111101000111110000101110110001
00111101010100101110100000000001
10111101100000100100100011101011
00111100101011001110110101101010
00111101000000001100110000000101
10111100100100001110011001011111
00111100110110001011010010001110
10111100110000100101101001000100
10111100010001010010011001001011
00111101001000011110001111000110
00111100101111010100010110100010
00111101011001010011011100010011
10111101100101001110101110111100
00111100101001011111100001011000
10111100111001111101101110001010
00111101000110110011001101100010
10111100110010001110011001011111
10111101110110000110001001100001
10111101010100100010101011110100
10111101010110101101100000101101
00111100100000110111111111010100
00111011001100100000110101100101
10111101111010000110101101101011
00111101100011111111000111100101
00111011010111010010101111101100
10111101001101110000001011010000
00111101101000010010111110011110
10111100010010000000101010011100
10111101001011110100001101101011
00111101101001110011010011101110
00111100000011000010010000001100
00111101001011101100011111100110
00111100010001010100110010111000
10111101000000101011000001001000
10111100100100101000011000110010
00111101010001101111110110100000
10111101100011000100101010010011
00111101011100110101001101011011
00111101110010011011100010110000
00111100101101001110000100010011
00111100011010110101110011110100
00111101000100010100010001010110
10111100011101000100110111111101
00111011110011100110110111010010
10111100100111110011000011101110
10111100101011010110001111011100
10111101011011000110001001010110
00111101011010010111011110111110
10111101010001100001000110010111
00111101000001011110000011010011
10111100111001101100011001110100
00111100110000000101111000110101
10111101000000001111101010100101
10111101000110000010100101110010
10111101000111000001000100001000
00111011100100010011000110000010
00111100101001010000111000110001
00111101100011100110111110011011
10111101001111100001111101111000
00111100011011011100101101101000
10111011101100011101000110111011
10111011001111011000001011110010
10111101001101001011110100000101
00111100001100010011011000101110
10111101011100110100100011000011
10111011110111001100001000011100
00111101011000010100110110001100
00111101010001001100101100101010
00111101101010101110011011001001
00111101011101010101100010011011
10111101000111101000101001000100
00111100100111100111101001010110
00111100001101111000111010100000
10111011111110111110110011110000
10111101001000100010101101111010
10111100000111001101001000001010
10111101010110011111100010001011
10111101001110000111011000010011
00111101001011110011101111001000
00111101100001001111110110100000
10111101101011111101000000101101
10111100100000000101010111001110
10111101000010001111011000010011
10111100101111101011110111100000
10111101000100110000110100101000
10111100011010101010111111100001
00111011111000110100001011011000
10111101011001101010000001010101
10111101000101111111110011100101
00111100111101100110100000010001
00111100111101111110001000000000
10111100110010001011001011011000
10111101001111110110100100001011
00111101000011011101111001011110
00111100000011000001011110010001
00111101100001101100100100001111
10111010110000100011110101101001
00111101101100010110011101010010
10111101110110011001010010010111
10111101011001100111110000100110
10111101111010011110000011001101
00111101000000100100011000000011
10111101011110110001101000111010
00111101011011001001011000100110
10111101000000100101111100011010
10111101101011111100100001111110
00111101000100001010111110110110
10111100101101100010100010111100
10111101100101110000001101011101
10111011001101101111101001001101
00111101110000000011100011000111
10111100100000001011100011100101
00111101101010000010011001100110
10111101001011110101000001001110
00111101010010001101011010100000
00111010101000111100010001100000
00111100101100011101111100011011
00111100111111000110011000000000
10111100000111101101010001000100
10111100100010111110011111100100
00111101011011101100101010000001
10111101100110101001001010100110
10111101100010000111100111011011
10111100000000000011110000111100
10111100111000111111111010001110
10111101000111000011100001001010
10111100110011000000101001000010
00111100010010101110000011001100
10111101001011100011101000111000
00111101011001110011010000010101
00111101000111101101101000001100
10111101000000110001010001000111
10111100001111111000111111011010
00111101010100010101101010101110
10111100111001100010111011111010
00111101010001010000111101000000
00111101001001111001001010111001
10111101101001101110110100110001
00111011111010110001100000101110
10111101110001101000000001111000
10111101100111111110001110000101
00111101000010010110011010110111
00111101001001111111101011011000
10111100101111101010100000110011
10111101000101001000000101001101
00111101001111111100100101001000
00111101001001000110101101100000
10111101001111001001110011100110
10111100001111110100001001100001
00111100000000110100110110111010
00111101000110100001110001011100
00111100111000011011101111000110
10111101100011110010100001111110
10111101000100010001001101111110
00111101011000101101000110001001
00111100011010000000001110011111
00111101010111001111101011100000
00111101000101001001101011000110
10111101000100000101111111011100
10111100111000101000000010011110
00111100001111110100110111010011
00111101000010001001111010101100
10111100001010110000010001010011
10111101010001101001000000111101
10111101010111110001111111110111
10111101001110111101001101110101
00111011001100100101001110101111
10111101001100100100011000001101
00111100100100000110111101010110
10111101100110110111011101110000
10111100101011000110100011000010
10111101011000100000110011110100
10111101100001111000100000111111
00111101011001100001011010100010
00111100110000001000011010001001
10111100001100110010111100101101
10111101000010100110001011101100
00111100101110001101101011100001
10111101001010011111000111000011
00111101010111101101001101100000
10111100110100101110110111101110
10111101100000110001110101000000
00111010111110111011101110100000
00111101011101101110101011000000
10111101011001010000100111001001
10111100101101001100001111000001
00111101001001110001001110110000
10111101001001111010111101011110
10111101101011100111111000001010
10111101000011101000100001010110
00111100111101010010100101011011
10111101011010001010010000100110
10111101001010011100000010111101
00111101001110111101000101111011
10111100110110101010000010111100
00111101010101100001100000010001
00111101010001010011001101011101
10111110000001111010110110001111
00111101001010000000101001011010
00111011111110110100011100011101
10111101100110111101011110000000
10111101110010110100010110010111
10111101010000100000110011001111
00111101000011010101110101101111
10111011000011111100001010011011
00111101100011010001100001000010
00111100110110000010011011101111
00111101001000010010010110110000
00111101100101101110100110110011
10111101001000001011101001001110
10111101100110010001000010011001
00111101010001100101110001110101
10111101100000001010100110000100
10111101101010011010000100111000
10111101010011100100000010001011
10111101110001110111010010101100
10111101101101011001000011111000
10111100110011000100011000110011
10111100010010010110110010000110
10111100011000110111101101111000
10111101000110111011101110001010
00111100001101010111100000010000
00111100100001011111111000010001
10111010001000001111101010100000
10111101100100010010100111101011
10111101101010011111000010000111
10111100110011001111011000111110
00111101100001011110100000111010
10111100111101100101011010011001
00111100100011000100000101000110
10111010110110110001110110011111
10111101010110111010011010000000
10111101100010001001101000011110
00111101100011101001101011011010
10111101000010010101101111010000
00111011011111001000111110110011
00111101000011011110010101011101
10111101001000010100000100101111
10111100000100101011000010001100
10111101000000011011100001010011
00111011001101101110001100100101
00111100010111110100111110001111
00111101101011011001101011111111
10111101011010101001110000101010
10111101011010111101101111000100
00111101100001100011100111011010
00111101010010011100010110001110
00111101011001010001000000111110
00111101000011100010111110111100
00111011000000001110010110001110
10111101010010011010111010001111
00111100110010010011010001001011
00111100110110111001110011001101
00111100110010100000001000001110
10111101100001011011011110010000
10111101001110010100100010100011
00111100101011101111001010010000
10111100000010110111010100101111
10111100101101111011111101010101
10111100011110011011110111111110
00111011010011100001110001110101
10111011100100110010100001101010
00111101101111100001000001001101
10111101000101100101001000000000
10111101101001101011100100110111
00111101000100000111001110101110
10111100110011110101000000111101
00111100110011101101000100001010
00111011010111110111100011101111
10111101001000000010111101010000
10111100110100110011111110101010
10111100010000001000000000001011
10111101100110101000101000101110
00111101001110000010100100010100
10111100101110101011000111001001
00111101010111011100001100001000
00111101010110111010011101101110
10111101010011000100001100000110
00111110000000100111000100111001
00111101101000100100000010111100
00111110000011000101001100011001
10111011100001110010001000110000
10111101000100001100100011010000
10111100001010110001110010011011
00111101101011100100101100111100
10111011101011001001111110011000
00111101000110011110001010101010
00111011000001001101100000011011
00111101011011010110100110000111
00111101100001010010010101111100
00111100100101111011010111100011
10111101100100110110000110110100
10111100010101100000110100000101
10111100000100111111010101010010
00111100111010000000010001111111
00111100101001010010110100111111
00111100101101001011111100001011
00111100000100100111001010011000
00111100111101111110001001101001
10111000111111011000001001001010
10111101000100110000101100011000
10111011101100101100000110111010
10111011110101101010111000000111
00111100011101001111111110111110
00111101011110011111110011101010
10111101100001111011000101111110
00111100111000100111011001010011
00111101000110001010100111011100
10111011000010110001110011011110
10111101100010100111011100110001
10111010011100011000111111100010
00111101011001110001100111000111
00111101101011111000001011010010
00111100111101101000001100000101
10111101010000111001100101000111
10111100011011110011100101000010
00111101100110111010110101011111
10111100001111110011101101011111
00111100110101001111110000111000
00111011110010000101001011110010
00111101100001011001110110000110
10111101110010011001110001110001
00111100000001101000010111100100
10111100100000100101000011101100
00111011110010110110000101101111
10111101010101000000100101100111
10111100001100011001110100100101
10111101110001001000011000101011
00111101101011010001010010011111
00111101001100011010010001101111
00111101000000101110100001011010
10111101101100101101001001011100
10111100001101100101110001010000
00111101000111100000011010010011
10111101011100000110000111110011
00111101010100011001000111000010
10111100111010101001010100101111
10111011001011000101101011000111
10111100101011011111110010100001
10111100110111100011011101100010
00111100101110001101101101011101
00111101100000000010101101100011
00111100000010110111111101101110
00111101000000110101001110111011
10111101001000110111000111101110
10111100111100000100010100110000
10111100100100110110101010110000
10111100110111010111010100000101
00111101000001001111111101011000
00111101100100111101111100110011
00111101100011100111111001001101
10111101001110101011100010010001
00111101101111100111110001110010
10111100011011110001101100011110
10111101100000101000111111100111
10111101100111101100101001011011
10111100011011000001100001010110
10111100100100000011001100010011
00111101001000010111110100100010
10111101100111010010111110010000
00111100111111000000011111111000
10111100101100101100011101101010
00111100001101001101100010101101
00111100101010101110111011011100
00111100011100000010011001101001
10111101010011000101011010011101
00111100011111011101011000100001
00111100110101001111011011010101
00111101000100111010111000000010
00111100010101001101010100101100
00111100011001001111001110100011
00111011100110100111100111000110
00111101011111010100111110000110
00111100111001011010100001010100
10111101100001011100000011111110
10111011101010011010100011000011
00111101011100110100010000010110
10111100111110100101101000100100
00111011100010100100011110110110
10111100111001101100001001011000
00111100101000110000101001111100
10111011100100100100100100110001
00111101100000100000110000110011
10111101101001100000001101111111
00111100101110001100101011100001
00111101100000000001111101111000
10111101010100111010110111110011
00111101011000110001100011011110
10111011001110110100011100101011
00111101100010100100110110001000
00111010110010100101001110101011
00111100100000010111010100000111
00111001011110110011111010010101
10111101100001011100010101010011
00111100111111101011101000100110
00111101100111001000100000111001
00111101100100010011100001100100
10111101010000000110100000000100
00111101011100000010011001110110
10111101010011110101010100000111
00111101011000010011010010001100
10111011001111100100001110110101
00111100110100101100110010011111
10111100000101000010111011000101
00111100110001001110011100101010
10111101000100100011100110111101
00111100101110001011010111001000
00111101010111110010010111101011
10111100111010110010110001000110
10111100000011111101101010000001
10111100110001110111110011101101
10111100110100011110000110011000
00111100100010000010111001011001
00111100100110100110010011110001
00111100110101011111111111100100
00111100101001101011011111011001
10111100000010000111101000011111
00111101100011111100011110110001
00111011110110000010110100111011
00111101000111111101001111000101
10111101001101011100010101000011
10111101001010000000000111101000
10111100111111101111000111010010
10111101010101110111001011101111
10111100110111011010100000010111
10111101100110100001010011011000
10111101010111011010000001010011
00111100100010000010011110110101
10111101000010001111010111110000
10111101000010111100000100010000
10111101110000011010101101111001
10111011011101001101000010001011
10110111100110110010001000010000
10111011100100000010010000101000
00111101010100111110110101010001
10111100111010001011100000101000
00111101000110000110100101011011
10111101001011010111100011111110
10111100000100000011111001010000
10111100111001000100101011111010
10111101010010100000000101010001
00111101110001001000010100110110
10111100101011100101110001111010
10111100111001101110011100110000
00111101111110110110101000011111
00111100101001011100010000001101
00111100010101101100101111100110
00111101010111101101100001111000
00111101000000100000001101000011
10111101000111111111001100011001
10111101011101001001000011010010
00111100111101111001100010100001
00111100100001011111011100001001
00111100110011010110101110010111
10111100001100101001010011110001
10111011101100101010100111000110
00111100100101001011010001110111
00111100111101001010101000100110
00111100100000011011100100001000
00111101010101110110010100100010
00111101010100001000100100011110
10111101100110101000100001011010
10111101001101111110111001000100
10111100000001001011000001111011
00111101000101111101101110001111
10111100111111010001001001000001
10111100101011010001001110010111
00111100011011110101011110100101
00111101011100110010110000010011
10111101011010001111001001111011
00111101100110011100111000100110
10111011111111100100000100011001
10111100111110100000010010010010
00111011111011101111010011011000
00111100111001101100111010100000
00111101100111011010000100011111
00111101011111001000101000010001
00111101001101010011101111111111
10111101100100011110101100110001
10111100011000101000101110001111
00111100110001101010010110101011
10111101001010000011010011101100
10111100010101011111101100010010
10111101000011101001110101011100
10111101010000110011011111011110
10111101100001100100111110101001
00111101001111101010001000101000
00111101110110110000001000000000
00111101000100111011100100111001
00111101101101001111011011000110
10111100111110000011101110101000
10111101011111111010110000010111
00111011000011000101001001001000
10111100110001010101010110011110
00111100000101001001011110010111
00111011110001110011001011011111
10111010000010111001001101010001
10111101010011111001100011000100
00111110000001001100111000010101
00111101100011101000110001101001
10111101011000110110001000011110
10111100010100100100011111000010
10111100110001001010100100110011
10111101100000101010101101010001
10111100100010110001001001111010
00111101010011100100101100110101
10111101100110100001101101001001
00111100110010001011010001010001
10111010101101111100001010000000
10111101011001001111011011110100
10111100101001010101111000001010
10111101110011011101101010101000
00111100100111100000111101111010
00111100111111011000010111000010
00111100101010001110011111110111
10111100011100001010100011111010
10111100100010000101010100110010
00111100000110010011111001111101
00111100100011000000101100111010
00111101011110000001001101100000
00111101100110110010011111101011
00111101101001010011110100000100
00111100110110010110010101101101
00111101011110011110110010000101
10111101001011101001110010111111
10111101000001110010110111101101
00111101100000110111000111110101
00111100011010100100010001010001
00111010110101000000000010100010
10111100101101001110101001000110
10111100101001010100101100100000
00111101100001001011101110011100
00111100001100010111011111101101
00111101110101011101001100100101
10111100101100001101101111100100
10111100011001100011000100000001
00111100110001100100100000011011
00111100111011101011100001101101
10111100100011100010000101110001
00111101100100000101100000100100
10111100100000111011111011011110
00111101101100110000110111011010
10111101001100111001000101001010
10111101101011111101000000111011
10111011001000001101001111100100
00111101000110001010100100001001
00111100001010110101000110010101
00111100110000010101111111001000
00111101100011010100110110100001
10111101000010101100000011000110
00111010100111000111000000101011
10111101101000010011110111101000
00111010110101010000011001001011
10111100000010100011110100101100
00111100101101011010000110000000
10111100100001000010011100001100
10111101001101010001110010100110
10111101100011001010111111111110
00111100101011111000111000110000
10111011001100101110110000010101
00111100011010101100000101110010
10111101010111000001011101000101
10111100010110110101100000100110
10111100110000010011001111100100
00111101100011110010110011100110
00111101010011010100011101000100
00111011100001001001000110111011
10111101010010110110000101110010
10111101011100101111100010010010
10111100100010001100111110101000
10111011000011110010100101001001
10111100011100000101110011100110
10111100101010001100011010101010
10111100101010101100001101000110
00111100111100111000011011100010
10111100010101010000100001111011
10111100100011101011000110100000
10111100110000110011111100010110
10111101001000000100111100011000
00111100010110010011111111011111
00111101100111111001100101111100
10111101000000000101100000101000
10111101010000001011101000010010
00111101000000101100110010001100
00111101100110100010100110011110
10111101011100001000100111000000
10111101100100111100011010110111
10111101101101111111001001011010
10111101100010101111011101110000
00111100110000011001100000111111
10111100001111011011110100101111
10111101100101100000111000010011
10111101001101000111001100100101
10111011100110110010111000000101
00111100110010101101010010010001
10111100111100100110100010011010
10111011111111101110111110010000
10111101110010001011010100110111
00111010101110100001100101000001
00111101011111100000110000110110
10111101000101000000110101011100
00111101100000011000011011100111
00111100101001010000000000101010
10111100010111010010010001001101
00111101011011100001000110101011
10111100100110001101111010101011
10111101011100011000010101000010
00111100011111010001000111010111
00111101010001011101111001101011
00111101100110000110110011110110
00111101101110010101100000010111
00111101101101100111110101010110
10111101000001101010101010011101
10111101100000001101000000100110
10111100101110001000100000110111
10111101111101101111011101100010
10111101001001101100010000110110
00111101001111011111011110011011
10111101100110100001001101100111
10111101010011110110011101110010
00111100001110110000010001100000
10111101001101100101101111000110
00111101100100101001011001011011
10111011101001010001101011110111
10111011001011111100001001011100
00111101000011010111010111100011
10111101011100010010001000111001
00111100101110110101001001010111
00111100110010001111001001011001
00111101001111101001111001011101
00111101101010001011011101011101
00111000100010001010110001010101
00111101100011000010100011110100
10111101010111000001111110101010
00111100110010100101111010101100
00111100111010011110010011111101
00111101010110101111000010000010
10111010010111111101100000110111
00111101101011001001001100100010
10111101101111101000101101001001
00111100000100110111011001011100
00111100100001111001011000001000
10111100110001101001110110111001
00111101000001111000100010011111
10111011100111000100011000110011
10111101101010100000001011111101
10111101100001000110101011010011
10111100010111101101110101111100
00111101110110101000010001111011
10111101001001011001100110100010
00111101001011001111011110111111
00111100110010000100100111111011
00111011111101000101001111100000
10111101011101010001000110100011
00111011010111000111110111011001
00111101000111110100101010100001
10111101010111100011000001000011
10111101000111000001010000010001
00111101001001100110010011001010
10111101000010000111010101110010
00111101001101000110111101000011
10111100101011000001101101010111
00111100011111100000011010010011
00111100111101101110011010000000
10111101100001001110111111001001
00111100101010010010001001010101
10111100000110000000000000110000
00111011111001001110110101111100
10111101010101110000100001011001
00111101001000011101000001110110
00111101100010011011101101010011
10111101101000110011111110000001
10111101110101100111101111000100
00111101101000001001011100011101
10111101001010111111100010011011
10111101001110110111101011110111
00111100101111101001000110001000
10111101000111001010101100111110
00111110001010001011010000101110
10111100100011100000000010010111
00111101001011100001000011011110
00111100011110111011001111110111
10111101001000011101111000010100
00111101100010001010101010011001
00111100101011111111000100010010
10111101100011101101100010010101
00111100110101001010000010010001
10111100101000100101011110010011
00111100000101011101010111010010
00111101010110101011011011101100
00111100101101110011111010000110
10111100010010111110100010011011
10111101001001111001000000000010
10111011000000111101010100001101
10111100110001000101110101000011
00111010110011011101111001010001
10111101001001110010000011011111
00111101000011000110010001111001
00111100111111000110110000100010
00111101001111010010010110100011
10111101011011100011111010010111
00111101100001100011001110110100
10111011111101111001001110000010
00111101101111001010011001111100
00111100111111100100110100101101
00111100010001110111010111100011
00111101101000110111000110011100
10111101100010100000010110100101
10111101101110011100100110001001
00111101101001001100011010100100
10111110000010010110100111110010
00111101101111100110001011101111
10111011110000010101100110001001
10111100011110000010000100111000
00111101001111001111010110111101
00111101100011110010100101101110
10111100110011101010111100001101
00111101100011011011000101001011
00111101100000010000011110001111
10111101100100011000111001100010
10111101001100000101011111111100
10111101001010111000011000000011
00111100111100110111110001110011
00111101011111011110101111111001
00111101110010110010011010111011
00111101101011100100011101100001
00111101010111001100110111000110
00111011011011010000100100001011
00111100001110000101010110110111
10111101100010011100000000010010
10111101001001010101011110011010
10111101001010111101111101110101
10111100110110111100001110100010
10111101101000001010010100100111
00111100011010111001010111111010
10111100100101001000101011100110
10111101001100110011010010100000
00111011110011100011111010011001
00111100010000011010010010111100
10111100111011101011111101000100
00111101000100101101100010101000
00111101100011010111001111100001
10111101100101000011001010111000
10111101000101010011001110111011
10111101000100110010101111101010
10111101100010011000010010100101
00111100110111001110110001110010
00111100011011110111000001001111
10111101001010001100101111111010
10111101101000101111101101011001
00111101001110001110110100110001
10111101010111011101001010101100
10111011100111010010101110000110
00111100111101001100111010100110
00111101100011111110011100111111
00111010000010010001001000011110
10111101101100011111000010111000
10111101001110000011000111110010
10111100011101101101101010011010
10111011100001010010100001000001
00111101000000101001101100011100
10111101010011010111110001011001
10111100100011100101111001010001
00111101001010000111110011111100
00111101101010011000111001110001
10111101011100111101100111010101
00111100110110100100000011011111
10111101010010010001000001101010
00111100110011001010000011011101
10111100001011101010111111100111
10111101100110101101000000011000
00111101000011101101011000111010
00111100101000110101111001101011
00111100110000101001011011100100
00111011011101111111001100011110
00111101111010011001001100010100
00111100100100011000010000100001
10111101010001010000000011001111
00111101001001001011101011011010
10111101100100101101100000000100
10111101001010010010011000101010
00111101100010000011110110000101
10111101111110011000000001111110
10111110000001000100100101001010
10111101011011111100110100101110
10111101010111000100111111000000
10111101100011000101000110000011
10111101101100010100111010101010
10111100100100001101011100011111
00111100110101010011001011001101
00111101001100100001001001000000
00111101010001010011111010000100
10111101101011101000110110011011
10111101001001000000101000001101
10111100110110110100001010001101
00111101000100010000110000101000
10111101111010111000011010101100
10111101100101011110111110111010
10111100111001110110101001000000
00111101100011001100011011101011
00111101000111001101101011000111
00111100000100011110110101111100
10111101011011110011011100101111
00111101011110010001101011010001
00111100111110111010110100101011
10111100011011111000111101101111
10111101011111001001111110101101
10111101010011111000000100111001
10111100101100111010101100110010
10111101100000010110001100010101
00111101100001010111110001100001
00111010111111110110100011111111
00111101000010001010101001000000
00111010010111010000101001011010
10111101001100110000011010001011
00111100000010000101100000110110
10111001011101110110110111001100
00111011101000001010010110110010
10111100110100010000010011100111
00111010100000010110101100100100
10111100110111010111110011010111
00111101010111011111101000101101
00111100111010100010001100100010
10111101011111100111101111010100
00111101010101011100001111001011
00111101010110100111100110000000
00111101011000000000111010100101
00111101000010101000010101000010
00111101000100100111110001111111
10111100100110110111000101110011
00111101100010101110010101001011
00111101010011010011000000111011
10111100000000010011110000000110
00111101001100001001101101011110
10111101010011000111000001000011
00111100010101110101011010000111
10111100101111011100010111111110
00111101010110111111010100001010
00111101000111010000110010011001
10111100010111011110001010000110
00111100101100001010111110010010
10111100010000011101010110101001
10111101100001001011101000010001
10111101100110110001110101100101
10111101000010000100100000111001
10111101110000000111110101101110
10111101011101101110101111001100
00111100000000110111010000010111
10111101001111110100011011110100
00111100100011111110010000110010
00111011101000111101110001011010
00111101010000011111111101010101
00111101000101110001100111010011
00111011111010111111010011111000
00111100100100100010110100111101
10111100100001111010000011010100
10111101011110110101001010101010
10111101101011001101101001100110
10111101001101000111000010110101
00111100100000001000011001011101
10111101000100010001100010110101
10111100001100000110100011100011
10111101101110101101000011110100
10111101101010010011111110000110
10111101000010111000111101011001
00111101100011111011010000110000
00111100000100111011000110111001
00111101010100100001010011101010
00111101100110100010000010000011
00111011110000001110010000001101
10111100001100110000000001001001
10111100010101110110101010000001
00111101001001011001110010110011
00111011010111110100001010111111
10111101000010000110101001010110
10111100101100010100001111000001
10111101100111111101101100011100
10111011110111000110011100100010
00111101001000011011010111001010
00111100011100011101001000101011
10111100011000110011000011100011
10111101010001000101000011010101
10111101010010011100110010110011
10111101011000010011011000000111
10111011111000101101001011111100
10111100110010001111001110011100
10111101100010110010001100111001
00111010111001011100011010000101
10111100000101000111011100011101
10111101011001001111111010101100
10111100100010001010000001100111
10111100001001111000001101111010
00111101000010011011010111101000
10111101010000111010110111001000
00111010001111100000101001011011
00111100000110111100111000101001
00111100110001000101001001011100
10111100101011011001001100001011
00111101100111000101010010111111
10111101101001101011010101100001
00111101100110011110010001101100
00111100101000110110100110110101
00111011110100100111001010100001
10111100010110011101110110110010
10111011111010111010010000101011
00111100000101010010010110010011
00111101100110100100010100101110
00111001100010110100011101101011
10111101100100110110011011011010
10111011101011000001110010000111
00111100101011101101101111000100
00111101010001010110001010000010
00111100000010001111011000011010
00111101100101000111100110101011
10111101000010110001001000101111
00111100111010011000111101001011
10111101110100010001101100111101
10111011100101110010111110010110
00111101100110001011101001001010
10111101011010000011011001001101
00111100001001111100010110000010
10111100110100111010010010010110
00111101101111101111100011111010
10111100111011101111001001001101
10111100110110001110111111000011
00111101001101100110101111111100
00111100101111101011110100010100
00111100111010011110101101110010
10111101000110011001101001001100
10111101111110010001100110111011
10111100100001001100110011110101
00111100001001000110101000101111
10111101101101010001010110110100
10111101100110100110110010111010
00111101000010101100001011001100
10111101110000000010001110100100
10111100101011110000110101101101
00111100001100011011011111000110
00111100001101111010001000010011
10111101010101000111111001001001
10111101000010001001011101001011
10111100100101101010110000101110
10111101010011100000001110101010
10111100011101011111001010001001
10111100111101000100001001100110
10111101010001000000101010110100
00111101001101001010101011100010
00111101100100000010111111011101
10111101100101010101010011000110
00111101010000110101110101011000
00111100000010111100000001100001
10111100010010101101001101011000
00111101001101111010101010100010
00111100100000011111001101001111
10111101100011000001101111010101
00111101100001011110100001110111
00111101111001101100000101000001
10111010001111100101000010001110
00111100110101111011010001101100
00111010110110101110100011011011
10111101100011010111110001100010
10111101011000101100001000100011
10111101100011111100111110111011
10111101110110101110010001001111
10111101010011010000001000101001
00111101001100101101101111110010
00111101000010001110100101010011
00111011011110100100111011100111
10111011000101010110100111001010
00111101001100100111011000110011
10111101010010101000010111010100
10111011101000000010000100100101
00111011101101110000010101000011
00111101001010101001111010001010
10111101010111001001010100010011
00111101010100011111110000001011
10111100110110001010110000110101
00111100100110101100001000111101
10111100011010101110111011010001
10111011101010101111100000000001
00111100111110110110000000111000
10111100101101110110111001010101
00111100011101101100111000000011
00111011001110101010001101010000
00111100001111100011100000011111
10111101100000001100001001000110
00111101001111000000110111111000
00111101000000111110000010100110
10111100010000001111110010100000
10111100110100000111100110111101
00111100001011101101100110100100
00111101000011111000111101100100
10111101000101011111001110101000
10111101110010111000110101111000
10111100101010010110101111000000
00111100001110000010010101101100
10111101110000001000001100101010
00111010010111100010011000011110
00111101000111100011100111000010
00111101000100010011101110011101
00111100100010010110000100100001
00111100011111111100111000111001
10111100010010101101100100110111
10111011000101111100011111011011
10111011110101001000111000110111
10111100010100001111000100011111
00111101101011101010000111101100
00111100101111010011010011011001
00111101100001001100001000000001
10111011111100011111001101110111
10111101001000000111100111010110
00111011111001010111001011110100
00111100101010100001101110001110
10111100000011010011101001000011
10111100000000011110001000010010
10111100101001110001010110001110
00111100011011000011101011101001
00111101100011101001100111110101
00111101011010000010110110000000
10111101010100011010101001101011
00111101110111111111001000110000
00111101010110001011010110111111
10111101101111101100000011110011
00111100010000111010111111110001
00111011101101101001000011101100
00111101000001101101001001000011
00111101000111100101000011110111
00111100111101101110001010001100
10111101011100001101100000111101
00111011001101011111010101110110
00111100101110101000111001010010
10111101100001001101100110011110
00111101010110010011011001001000
00111101011110100101000111101001
00111001100110001000110000111111
10111101000101101001001001000001
10111101000001100011110011110101
10111101001100110001110000110111
10111101010101110100111101011110
10111100000110111110001100011000
10111010111000000011011010110011
00111101011000100101101110001001
00111101000101000111001010110100
10111100111001111001101011100010
00111101001110001111000001000011
10111101100000000000100111010010
00111101011011001000000101000100
10111101100111100011000010110000
00111100011011010000100000101101
