10111101000100001001111010000100
10111101000011011001011001100011
10111100001010101101101101010010
00111100010001011101110110110101
10111100001000011001100000101011
00111100100001010000111001011110
10111101010000110000010010011000
10111101111000000111011110101001
00111101100010100100011001111011
00111100110100111100010110100100
10111100010100000000010011010101
10111100110000011100000110001111
10111100111100110010011011100000
10111010110001101100110011110001
10111100000101101110000110100011
10111100101101101010011001010101
00111101110000000100010101101101
10111101001100110000010000000100
00111100000010100111000001101111
10111101001100100010110010010111
00111100010011110111110010110000
10111101010000111011010010011011
10111100001101111101111010010010
10111100100110001101001000100111
10111101101000111011010111011101
00111011111000011110101111000111
10111100101001000011001100011110
10111100100001011011000100110011
10111101000000101001110010001110
10111100001011001110111100101110
00111101100000100010101101100100
00111101010001101110101010000011
00111100101101101000011110100010
00111101001100001001000010010111
10111011111001101000010111011100
10111011110111110110001010111100
10111100101010110000010001001010
00111101100011101000010111110011
00111101000111001001011100101011
00111011101111101010101111001101
10111101000101100101011001101010
00111100111110011001100001100001
10111100010001001000000010011101
00111100101001001101010111111110
00111101000010100010011111110110
10111100111000100001110000100011
00111101001000111001000000001100
00111101001111010100000110110100
00111110000100010010110000010100
00111101101011000110111111010111
10111101000001001111000100000111
10111100011100010100111111111110
10111101011011110110010000011000
10111100101011000101000110011110
00111100000011011001110110100001
10111101100111100101110111101000
10111101010011010010010100111110
10111101000110011111101000011100
10111101100100110111101000100001
10111101100010010010110100010100
00111011110011111101110100001110
10111101001110010111111011100001
00111100110101011011111100001101
00111101010111010011100001011000
00111101011110101100011110111010
00111101011010000000010010001000
00111101001100111101000111100100
10111100101000101100111110101000
10111100101000110100000001110111
00111100110111000110001011000101
00111101100111001101011001011001
00111011001010011101111001110011
10111100000111101100011011111000
10111100100001101100100001101011
00111100101100001110000010110010
00111100100000011000101010011110
00111100111111100000110011100111
10111101110000001111100011101001
00111101110001111100010001111011
10111101100011010110110101100010
00111101000010101111011010111010
10111110000011011111110110000011
00111101011000011110001010011110
00111001111111010000001101011111
10111101000100001101000011111010
10111100101011011011111010011011
10111110000101101000110010101010
10111101101111101100000010010100
00111101100011010110100010110100
00111101110001101000111001100001
10111100100000011101101001010111
00111101100100111111100010110001
10111100101101011010111010100110
00111101011100010000010101101101
00111101100100100101100011011110
10111100000100100111110010001101
10111100110011101010010010100110
00111101100100101000001000011001
10111101110101001000100111010001
00111100000011001001001010001001
10111100101011101111000100000100
10111100101001011110010011111100
00111101001110100000011011000111
10111011100101111000001001011010
10111101011100110100111001011100
00111101111010000111000100111100
00111110010001111110100000110001
00111100110001011100111000101000
00111100010001011100100011101111
00111101001111111100111011110101
10111100110101001100100001000001
10111100111001011011110110110010
00111100111000100101101110111011
10111100111010100000100011001100
10111101010111011001100101010000
10111011101111111000010101010001
00111101100001000101101101100000
10111101001001000101110010010100
00111101010110000111011101100001
00111101101110010001011011100111
00111101001001100110000000111110
10111101000101101000001010000111
10111100111111111010110001100010
10111100000101000110100000110010
10111101001101111101011101011010
10111100111100111111111010101000
10111100101001111011110000111011
00111100101100000010000100110000
10111101011000011101101101100110
00111101110011111000111100100010
10111100101111110111101110011100
00111101001000010101100110101001
00111101110110110101001111100110
10111100111000111110100110110100
10111101010000010001000010111000
10111011101001010010000011000010
00111100100011101010001010011010
00111100101111100011100110011110
00111101000101001111000110000111
00111011111010010111011010111100
00111101100100101010100111011111
10111101101011010101001010000111
10111101100110000111100110101000
10111101111001000001000000101010
00111011010111100110111100000000
10111100111101001000110010010001
00111011101101000000011010101000
00111100001100010011001001010110
10111101001110111000111010111101
00111100111000001010100110011000
10111101100100101101011010010010
00111101100001001011011010111111
00111100001101011101101111110110
00111100100100010011111000100011
00111010001011100101010100010010
10111010011111111001011111110111
10111100011001111111110101000101
00111101001110001111111100101000
00111100101110001111110011011010
10111101010010000011111111011000
10111011101110110101000001111001
10111100000110000010100100111000
00111011100000000011001001001100
00111101000011101010100101101101
00111101011110001001110110001010
00111010100101100110111111101010
10111101000100100010011101100011
00111101100000110100100110001000
00111100111110111001100011011011
00111011101001010110000100110100
00111100101011010111001110011110
00111101001010111010010111011111
00111101011010110010011011100111
10111011100101100100101101001101
00111101100111100000111100100010
00111101101100111111000011110111
00111101101111000111100111010011
00111101100110111101011010000101
00111101001101011111110000011100
10111011101011110011001110001101
00111101010101111101110001011011
00111101011001111011110101101111
00111100100011000000111000111000
10111100001111001001101001010010
10111010101100011111011011000101
10111101010110110011011100010101
10111100101010000000000110111011
10111100100001110110100000010101
00111101000001111010111101010010
00111101000101110111001110001101
10111010001000110101110111101010
10111011101110100101010111000101
00111101000110001010100101001101
00111101100001101011100100111010
10111100110101111100101011111101
00111101000110000001000000101100
00111101011010011100110110001001
10111100011011011111111001110100
00111100111001000100000011110010
10111100101000010110110111101100
00111101010101011100000111000111
00111011111100100101000100100010
00111100011110010001100101000100
10111100101001100101110001111001
10111101110101001100100010011100
00111100010100111111000101000110
00111101011100101011010010011110
00111101001110011001100010001111
00111100110101010111101010101100
10111101100010001010010100110110
10111100011110010010110010011000
10111101101101011010110111110100
00111101000111000001110100101010
10111110000110000110101110000111
00111101100010000100101101010011
10111101101001001101010011111010
00111101011011100111101000000011
10111101101011111101101110101111
00111101101011010101011101000101
10111100101101010110010100000010
00111101000100010100101011111110
00111100110101100011101100011110
10111100000111100010000101011111
00111100110001100001010111101111
00111100110111011111010000000011
10111101100001010100111010001101
10111100010010001111101010101011
00111101000110101111011111100111
00111100011001000110101100101101
10111101011110001101011011000100
00111100100100001010001111110101
00111101010111011100001010100011
00111101010001111100000010110010
00111101000101000111000111111000
00111101111100110100111111111101
00111101101011001010000111111011
00111100101011100000110000000000
00111101000100100011111110011011
00111011100101101000000010100011
10111011011111111110100111101000
00111110001011010000011000001010
10111100100011001000101001010110
00111101100101011000101110000101
00111101011011110010000101001101
00111100111111111111000010100111
10111101101100110100101111011101
00111101001001010100100110000010
00111010101111111001101100001011
00111100100000011110001000110110
00111101000001100001001000010101
00111010010101010101111101101010
10111101011011110111101110101000
10111101011010110110001100000000
00111110001101101001000110110101
10111100110001011000001111010111
10111101110100001100110011111100
10111101000100000111100001111010
10111101100101001010010001101110
10111101001010001011110110001000
00111100001101111001110010010010
10111100111100001100000001000010
10111100111010001101111000100111
10111101000101000100011111100111
00111100100111100001010111010111
00111011100011010110110010010110
10111010000111001001101101101101
00111101100100100100110011100100
10111101001110101111010101001010
00111101001001001000111100101110
10111011010000100000101000110101
10111100110011000010001110100110
00111100010111001010100100110010
00111100100111101111000110110100
10111101000101100011101001010101
10111100111110011111100100001011
00111101010100110011111010111000
00111101100000000001001001001000
10111100111111100100101011001000
00111101101000100111011101000001
00111101000100101001011111101100
00111101010100111011101100000000
00111100000100101110100011000000
10111101001111100011100100110101
00111011101101110101010111101111
00111101001100101100000110000111
10111100101010101010001110001001
00111101001000110110110111011000
10111101010111110001100010000111
10111101101001011001110010100111
10111100010100000010111000011000
10111101010100101011110101101010
00111011001100000010000111001100
00111101001001011001110110100100
00111011111001100101110011110011
10111101001001111111000100110000
10111011100000010011001001101011
00111010100110000111111000001110
00111110001100101100011000110111
00111101111011001111111100010001
10111101101011110001101001101101
00111101111001111110100101000000
00111101110010100110000010011100
00111101101001110100011101010000
00111100110001110011110110101010
00111101110010011110110001010010
00111100100110011111011101110110
10111101011010010010011000000010
10111101000001000000000001110001
00111010010100110011100011011011
00111101000110100111101111010111
00111101001110101011001010101111
10111101100110001111110000111110
10111100101100110101010100010000
00111101010000101100011101011011
10111110001001100010001100100111
10111101011111001010110111001101
10111100100010100111110010111111
10111101010001111111110101010010
10111100011100100100111010100111
10111100110010000111010110000111
10111101100010111100000000001000
00111101111001001001000111001000
10111100111100010101001100110011
10111100101101010101000000110100
10111101010111100000111010100011
00111101010010100100000001010101
00111011011100110111001001101100
00111100100100011010000111010111
10111101110101001001010110000000
00111100001001110100100101110011
10111101001100011100101101001010
00111100001010111101100110000101
10111101101011001111011101101110
00111011111000101000111010010011
10111100100010001010000011000110
10111100110110111010000010000001
10111101101111111110111100000010
00111101001000010110110000010101
00111100010000000011111001001110
00111100110110110111101000111010
10111100101110101111001111100010
10111100111111110110100010001001
10111101001001100000101111011000
10111001101111100100001000110101
00111100111010011111101111110111
00111101101110100010111101011101
00111100000000000111011011101100
00111011110111011001100110000010
10111101001101010111111010110101
10111100001011100101011000000100
00111100111010101101000001101101
00111011101011011000101000001010
10111100111111010011111100001000
00111101011010111001000110001011
00111101010100000011110010100110
00111100100011100001011001001111
10111101101000001101000011101100
00111101000011101101010000011001
00111101011001111100001111100011
00111101110010001110010010111110
10111100111001001000001110100000
00111101100100101111100111001011
10111101111000111011100101101100
00111101100000101010000111111100
10111101011001011101011011011101
00111101000010000010001101001000
00111110000111010110001111010100
00111100110010010110101001100101
10111101001101111011010110101011
10111100000011000000001110110101
10111100011010001001101010101110
00111101011001101011100110100101
00111100110111110000111101011101
10111101101001111010001000000010
00111100110000101001001001101100
00111101010000111100111010010010
10111101100010111101011000101011
10111101001011100111101110011001
10111100010000110111100110100110
00111011100001110011111111111100
10111100111110101000001100111011
00111101010110111010101000101001
10111101010010001100011010011011
00111101001010100010001111100001
10111100101111011000011101010110
10111100111001011111111000000100
00111101010111001010001010000101
10111100111111000101011100101010
10111101101010001101111011001001
10111100100101000010110111100010
10111101001011000100111101000000
00111101001111000010001011110111
00111101010000011010111010101100
00111101100110011101000011001111
10111101011001101000111010100000
00111101010011011101011101001100
00111100110001110101100011100001
10111101000001001001000110110110
10111101001101110010010000001011
00111101100000011101010010111110
10111101100011101101100011111100
10111110000110110000101001110011
10111100000010110011011001111010
10111100011000110110111011101101
00111101011001101001111010000011
00111101010000011101111000101010
00111011011101101111001111101001
00111100111000100111010101000001
00111100101000010110111101111011
10111101000001001101000000110001
10111100111000010010101101010101
10111101011000011111101110001111
10111100010010000010011010111100
00111101011011100000000110110101
00111011110100101010011101110011
10111100100111110111110000011010
10111101100000000000101110011011
00111011111100101110100110110110
10111100101011100100101100101001
00111101110011111110101111000100
10111101100111000000111110000111
10111010111101001100011111000101
10111101010011101101011000100111
00111101001111011000010000100110
00111101100010100101001110001001
00111101101011100110110000111001
00111100011010101001001001110100
10111100010000100000100101110101
00111101000110111100101110110101
10111100001001001100110111111010
10111101010011111010011000100000
00111100011111100100101001111011
00111101100001101110100111101110
00111101000010111000110010101100
10111101100011100011101000100011
00111101100100100100011110111110
00111101100100110011001111110010
00111101101011010011011001001010
10111101100101101011001111011100
10111100100000010000010101110110
10111101100100010010101100011011
00111100110100100100000000100100
10111100100110000101010111111010
00111101100001010010110111100011
10111100001011111110100010101011
00111100010111110000100011111110
00111101100001011101001100101101
00111101000110010100001001101010
10111100111110001001101111010000
00111101100001000111111111000100
10111011100100101010011110110111
10111101001011000010011001100100
10111100010010111110001011000011
00111101001100111111001100000001
00111100100111101000010001000111
10111010111001100110011101001110
00111101000010101111100111111100
00111101001010000011110101000001
10111100010001000011101101000100
00111101001111001001000110111010
10111100101110001101100011110000
00111101100011011100101100111101
10111101010011000011110011101101
10111100000100000000100000100001
10111101001010001110001101100111
10111100100000110100110011001111
10111100001011011010101100111100
00111101000111101010101010101111
00111100101010101101100110101100
00111101010111010101000011101100
10111100000111100111010100111000
10111011011101010111110101111100
00111100000110010010010000000100
00111101000110101111100110101001
10111101000101000101110101011000
00111101000100000010110100101011
00111011010100001001001101101101
00111100111100100100001011111010
00111101001000010100011110110000
10111100111001011110100010011011
10111101000000010110111100100010
10111101000101100011111010111100
00111100010110010100110101111111
00111101001010000100010001000011
00111101100100011110101100111001
10111100100101111110100100100011
10111101001000000110011101011101
00111101101010011111010001110110
00111101000011011010010100000101
00111101011111011001011101101000
10111101100011000101101001111101
10111101011101010011000101101110
00111101011100000001101010001001
10111101000011110110010100110111
10111101010001010011110100101100
00111101101100000001000101011101
10111101001111110111011111011111
10111100011011010001010111001010
10111101001110111011000110110101
00111101100100000001000010101000
10111011000011101011111111110001
00111100000001110011100111100111
10111100110011000111001111000110
10111101100000101111100011011011
10111100100111111101001100101110
00111101011000011111000011110100
10111101100100111100111111101001
00111011110011111010011000110001
00111100111010011101110110101100
00111101010100100100110010110000
10111101001111001001110011001010
10111101001001101010000100111111
10111100000000001011011010000010
10111100101000010100110011010000
00111100111011000100100101101010
00111100101001010111111111101101
10111101001011110111110101000111
10111101100001010110011000110011
10111100000010011000100001001111
10111101000001110101100100011111
00111101101000100010000011101010
10111101011101001111000011111010
00111100101100101110101100101001
10111100001000100010111001010000
00111011110001110011011110010011
00111101001110000110000001111000
00111101100100010110111011100110
00111100100101001111010111011010
00111100100111100001111001100011
00111100001000001000101000111001
10111101000001001100101100110100
00111101101100010110101000111100
00111101000000100111011111000110
10111101111101000100100010100100
00111101011110011000111011011001
10111110000100011101100000111000
00111100101110101101010011100111
10111101011011101100011001111111
10111101111110011110001100001010
10111101100100001100000001101001
10111100110100010110101100110100
00111100101101011111100110001110
10111100100101111101011000011111
10111101101011000000011011100011
00111101010111011101000011100010
10111101001111011111000111010001
10111101011001111011001000011100
00111011110100100011100110001001
00111100100001101010101001100000
10111100100110101000101010110111
00111101000000100101100100010010
10111101000011100110100111001000
00111011001111001001011111111010
10111101000011010111011011100110
00111100100100110001111101011011
10111101100010010001001010011100
00111101101111001111001010001001
10111101000011111110100011011101
00111101001000010100100010111000
00111100110111011100111000010101
00111101001010101101011000100011
00111101001101110000110101110111
00111100001100001001111100101110
00111011111101000010100001011001
10111101000100110010110101001011
10111101111010100011100000110001
00111101111000101101001100100100
00111100010111001011111111111111
00111101101110100110010111001010
00111011000100101010111010101011
10111100100011101010010101000011
10111101100000011011101101101101
10111101000010100110010001001101
00111101100110101100001110001110
00111100100010010011001001101011
00111011111001010101010101101110
00111100100011110100101110011101
10111100011100010010101000101101
00111001100000011011100011011110
00111001100001111111011011101011
00111011110111101101001011000110
00111100101000111011010110001111
10111101011100011000001111011011
10111011001001111101111100010100
10111101111110110011110011100000
00111100010111001101001011101001
10111011001011100001110101011010
00111100101011010110111011110010
10111101011100110010100110111110
10111011111000100100100000100011
10111100111110101111100011110001
00111100100111110001000010000000
00111100000001011111000011000100
10111101101111010010001100000110
10111101110001110100000011010011
00111101011011110111011101011001
00111011011000111110111010100001
00111100000100111001000101110111
00111101101110100100111110101011
10111100101011111001001011001001
10111101101111110010001000100001
10111100110010111101101011101101
10111101011101010001100101011101
10111100110111111000010100000101
00111101100100100111110001111011
00111011101000100000101011001000
00111101100010111001111011001100
00111100110001100110010011010111
10111101110010101110011011110111
10111100010100101001001001011001
10111101011010001111011010011001
10111101100010010101010001100100
10111100010001101100001100101011
00111011000001000111000010001001
00111101011110011110001111000011
10111100110011000101110100111110
10111100000001111001111111111010
10111100110110100100001010010100
00111101101010101011001000011001
10111100010111110111011101101000
00111100011110110010001000001011
10111100101011011111111001001110
10111100100001011110101101101011
00111101010010100101010111010010
10111101011011011000101000101111
00111100101101010000011001010010
10111101000000101111000100010010
10111100000011100100100111111111
10111101000111001000001101111110
10111101100011001010110101111101
00111101010111111001010010100011
10111011001010110111101010011011
10111011010110111011100010100010
10111101010011101101101000100101
10111101100011011111111111011111
10111101111010000110100110110111
10111100010110100010111110111010
00111100110010101110100000110011
10111100001110001111111001111011
00111100011001100110000100000011
10111101000110001111011111110111
10111101000100111111010111000011
00111100110100100000001100011010
00111101010001010111001001011011
10111100110111110001001010101001
00111010110100111001001000000010
00111101100001101010111111000001
00111101101011000000011100000011
00111100100001000101111011111101
10111101101100001010010000010011
10111101001100001111000110111110
00111100111100101110101111111000
00111100110101110110111011100001
10111101010011010100011000111000
00111010101110010011011101010000
00111101010101000001000100001101
00111011101011000111010111100110
00111011110001010101011011110111
10111101010000111110010101000000
00111110001101100100101001001100
00111101100110010000100111001110
10111101111001100101001101101110
10111110000110010011010000011001
00111101010001010101111010000000
10111110000011100001111111010011
10111101110000001110000001000100
10111101000111111110001101101110
10111101000111010100101010010111
10111101101001100001010001111011
00111100100010101000011010100000
00111101010011001011110010011100
10111101000111010001011101110010
00111100111011111100111001010110
00111101111100011011101101010101
00111011011111011011111010101100
00111101001000001001011101110110
10111101011010101000000010010100
00111100000010111010001000111000
10111101100010000101010100100000
10111101100110000111101011001010
00111101000101000010011100001000
00111101100010100011010101111101
00111101001011000001111110110111
00111101011111010000111000111111
10111100101110010111100101010001
10111011100001100010100111000010
10111101100110011001011101011010
10111100011101010110011001110001
10111100100110010000101110111001
10111011110111010011000101101101
00111101100000101001110011110001
00111100100010111001000010010000
10111011100100101100001000111010
10111100100000000011100001001101
00111101100010110111001111000101
10111101010100011111011100111011
10111101000001011111111110101001
00111101001000110001101001011000
10111100101111001111001000010011
10111101000011010110100001100000
10111101001011111001111010101110
00111101111000100000110101010000
10111100001101101110010111110111
10111101010100110110110101110001
00111101011011010011111010011001
00111100100011110000010100011000
00111101010101011110010110100110
00111101010101011000001000100110
10111101000010000110100001111010
10111101101001101111101100000010
00111100011001110010100010101011
10111101000010000010000110000000
00111011000010100110111011111101
00111101001011111011111110001100
00111101010001101001101100111000
00111110000000100010000011011100
00111101100010110101110111110110
00111101100110000010011011101001
00111101011111011100011100000001
00111101100000010101000111101101
00111011101001111111001011100101
00111101001101010011010001000011
10111101011000100001101010101101
00111101000111011001010101010111
00111100000001010001000000111001
10111101001110010001100010010110
00111101001000000000000010111010
10111101001010000101000011100111
10111100010000010100111010111011
10111101101110011011100001101110
10111101000001000010011010100100
00111010010110111011101010100110
00111101010000011101011011001010
10111101110100011110011111110001
00111100001101001001111110000100
00111100110001111010010000011111
00111101101111101001100100011000
00111100111100111100011111011100
10111100100000000011101000110101
00111011101100011000010100100001
10111100001011111101111101010100
00111100101011101000100001011111
10111100010100100110111110101010
10111101001111101110010101011110
00111100110101001111011011111110
00111100001010111110100010100100
00111100001111011001001001010111
00111101010001100101010010011100
10111101011100000101111110101011
00111011101011000101111111001000
10111101011001001111010011000111
00111101010111101000111001001000
10111101010111010101101111001011
10111011000110110100111010111111
10111100010000100000010010001011
00111101001110100110110001000001
00111101000111011101010000111011
10111101000010010110010101001010
00111101110000111101101101001010
00111101001111001001111010100000
10111101101000001001100100000001
00111101101001110110101000110001
00111101000001111111100000000000
10111100001101010001111011110001
10111101000001011010000111111101
10111101000010010000100000101110
00111100111111110000001001010110
10111101001101001110111110011010
00111101000011100101000011001101
10111101000011001000101001000011
10111011011111101100101111110100
10111100100101010010011100000101
10111101001001010101011000001111
00111100101010000100101000001001
10111101100110011101111111111111
00111100111001100001010010000001
00111100100111001101100110111100
10111100111000100001000001111100
10111101001101100100110000110111
00111101110001001100011010111101
10111101110001010000011010100001
00111101101001111001011001011111
10111101011011110001011000011111
10111101001110100111100010010101
00111011100000110011000001110100
00111100101111110010101010011100
10111101101011110110010011110100
00111101100100101001111011001010
10111100100000110100110101000111
00111101100011010000000000100010
00111100100010101011111111110011
10111100011111110100101110101010
00111101100000011101001110011110
00111101110100100110001011010000
00111100100000011000110000010010
00111101100001101110110100111110
00111101001000000100111101010001
00111100000011101100011111001100
10111101110010101111000000000001
00111011110010001011110000110111
00111100101001111110000101100100
00111101001001001101111000010010
00111100100110100110011001000111
10111101101101010110011010011001
10111101110000101001000011110100
00111100000001110010100010101100
10111101111110101100001010000000
00111101100101101000110000000011
00111101110010001111101000000111
00111101010010111001000110100001
00111100100000011110101001010011
10111100100101111011110001010110
10111010101111010100011001011010
00111100100110001111100110001001
00111100001000000011111101110011
10111101000100110101001100100111
00111100110101001111010110011111
00111101100001111010111101010011
00111101010010011001010000000101
00111101001011110011101100111110
10111100100100000011011010111100
10111100100010111100110101110110
00111101011001101000001100101100
00111100101111001001101100011011
00111101100011001111110000110010
10111010010000101101001100011000
00111100111000011000001100001101
00111101001001110111011110110100
10111100101000011111111001001010
00111011110000000101100010001100
00111101000000001110100001100101
00111101110001000101111100110000
00111011101110010111100000010110
00111100100011101100000010011010
00111101011100001110100110111100
10111101010000100000001011111111
10111100111101001100001010000110
10111100010101011100111001100010
00111101000001000001100111110101
10111101011001001010010010101110
00111100101011100010100001001111
00111100100010010111100000101110
00111101101111010011001010111010
00111100110001100000001001101001
00111101101001111100110100101000
10111100101001000010111001101100
10111100111100001101011011101011
10111101001101001111001111101111
10111100100100110101000110000011
00111101011010010000001100101111
10111101000010111100100001111101
10111011010110101000001000110000
00111101100110010000111011101001
00111101001100110011011101101100
10111100000001101100111101011101
00111100101010011000011101101111
10111101010100011000101001101100
10111100010000001111010111000101
00111101010101100100000100011010
10111101010101001010010101011110
00111101110001011001110111010111
10111101000001100101001001100000
10111101100110010101100101111100
00111100100100110001110011101011
00111100101011111111111000101000
00111101101011010010011001010101
10111100100101000011110000010001
10111100011110011011101110000010
10111010110111011001100101010001
10111100100101110001011101101010
00111011101010011001110001111101
00111100100101111001010010100101
10111101011000111010010111010010
10111101001110110000110110000010
10111011111001001001001011011110
10111011111001111110010010001011
10111101001110110001100101100101
00111101010111101100101100001111
00111100101001100011100000100110
10111110000010000000111110111110
10111101010001000111111010011100
00111100110010000111001101110001
00111100001001100001001010110101
00111101100001001110110111001100
10111101011000100110011001100101
00111101110101001000000101011100
00111101110111100001110011001100
00111101000000111101000010001001
00111011001110010111110101110011
10111011111100100111001111100001
10111011110110101101111111000110
00111100101101001100001011101101
00111100110011111011100010010010
10111101010111001001011110100010
10111011001011100110111100111110
10111100001010100001110010101111
10111101001010001100011100000111
00111101000000000101100101010101
10111101001110110001001111000011
10111101101110000100110010001111
00111101101100010111111111011010
10111011011101001011001111110100
00111011100001101110110001110011
00111100111010110010011010100111
00111101011110100101010110110010
10111101001011000110011101010010
10111101010010101101001111110101
00111100011010011100011010111001
00111100011011011110100010010110
10111011001101011111101110100010
00111101001000011001111101000111
10111101000111110001011010100010
00111001000110000111111111100100
10111101001001111100111001001011
00111100110100010100111111100101
10111100101101000010000101100111
00111101100010111010001001111011
00111100010010100100100010111111
10111101001001111110101010101001
00111011111001111001101100000110
00111101100111011011001101010010
10111100110001110111000000100000
10111101110010001011111011001111
00111100111000100011100011111111
00111101010001100110010000111110
10111101001111010000011110011001
10111001000111111111000000111010
00111100110100100100011101110111
10111010111111000110110111000001
10111101011110010001101100011111
00111101001010101011110001101000
10111101000111111010011010010110
10111011111011010111000011110111
00111101111010011110100101101110
00111100101000110010111111000100
00111101110011101010010001100111
00111101010101111110000010110111
10111101100011110011001111000100
00111101101011101010100111001011
00111101010011011010000111011000
10111011011110010001100110011010
00111100110100101000101111101000
00111011100100110100010101000011
00111100001011010000011101010100
00111101001011110101010111010101
10111100101101100000111001011001
00111101010010000000110111001100
00111101011110000100101110111111
00111101011110000101101100101001
00111101100101100101010110110110
00111101011011000101001111001010
00111011101101011011101011100011
00111100111000000101111111110100
10111101001001001001110010111000
10111101011001100110000101010101
10111101111110011101110010101011
00111101000000010101111000000101
00111101111100101011100011011111
10111011100110011011010000110010
10111100110111010011001000110101
00111101110010111000101110100011
10111101010001001000110111000001
10111010110010100011100111001111
00111101101001000101011110001101
00111101000001000100000100111111
10111101100000000111100000000000
00111101111000111011111110010110
10111011010101001111110000111100
00111100101110000100100101101111
10111100110000101100010100100111
00111100010011011111110110001001
10111101101110101110010111110010
10111101100101100000111001001011
00111101010011110010101111111101
10111101010010011110110010100000
00111101000000110101001100100111
00111101101010000100111000110001
00111101001110101111101000101001
00111100001111011011110100100000
00111101010100001111001001111111
00111101010100101110011111110010
00111100001100011100010000100101
00111100000000001100001011000011
10111101001011110001101111110001
00111100011011001000111001011010
10111101011010011010101110011101
10111101010010001111001100110101
00111101011011111011010001110101
10111101000111101100011011101000
00111101101111101110001010011111
10111101101011010000010111001111
00111101000011110000101101111111
10111101001010101110100000011100
10111101000010000011110100101000
10111101001010010000010100101100
10111100101001000001101011011101
00111101100000101011011110100000
10111100010011010010001101011100
00111011110100011001001001111000
00111011100011010110010100110111
10111101011011001100110001011011
10111101000000101010100111010110
10111101001001000011100000000000
00111101011010101100111001100010
00111011100100111100101000111111
00111100001101100101010100100111
10111100100000010011010100000111
10111101000001100110010000011110
00111100111100011110111000110010
00111100001000100110101100010101
00111101110010100111111110101001
00111010100110010100100010111011
10111100110100100011110011000101
00111101101111111101000111011110
10111101101111010111111101011000
10111110000111000111111001000101
10111100101101100110011011011101
00111101011100010010100101000110
10111101001010000110001001011010
00111101001000110111010010101011
10111010101101111000000001111010
10111101101000100010110010010011
10111101100011000100101011111011
00111101100100000101110111110100
10111101001111100011101111011111
10111101011000000010101111111100
00111100110000110001101011101011
10111101010110001110111000100101
10111100100011011001101000010100
00111100111010110100000000100010
00111101000101111100110110111010
10111101011010001000101000011001
10111101000000010101000000101001
10111010110101010010111010100010
10111011111110101000010110010000
10111100101011010000011001100011
00111101101111010001011010000101
10111011101011101111001011100111
00111100111001111000001100111001
10111100111111011001010011010001
00111101000011111001111101101011
00111101001110111111011010101100
10111101001001011001110101100010
00111101101000101011101011111100
10111011100110010011001100110110
00111100001101111010010100110000
00111101000011111111101011000111
00111101101101100111110010101100
00111101101111011011110000111110
00111101001011110110101010101011
00111100110111000100000000010000
10111101000111101001011000101100
00111101100111011111011010110010
10111101100100001000110011100010
00111101001100111000001111000011
00111100000011000100010000101110
10111100110000010001101010000101
10111101011001001011110111100110
00111100000100011000110100110011
00111100101110000011011001010010
10111100111001000010110010111010
10111100111000101011111111000101
10111011111001011111111100011100
00111101110010001100110110101001
00111100110011110001110001001111
00111101001011010001000100110001
00111101001011010000001001111100
00111101001111101111110110011010
10111101001001100000001010101101
00111011100111110010001010101001
00111101011101101111001011111010
00111100100000010000000011101110
10111101011100111101101111011001
00111100010111110111110100010110
00111100101100111110000100110101
00111100011001111110110110110110
00111101011000111111010010111101
10111101100101110010001111011110
10111101011011010110111010101110
00111101011110001111010101010000
10111011110010110111110010011111
00111101000000110010100111001011
00111011101001101011001010000001
00111100100010111010101101111010
10111101011110101100111001111001
00111100011001011010100011100100
00111101001111110011001101111111
00111100000010111101001110100100
10111101001011110011000000110100
10111100110101100111101100111001
10111101100001111000111110100001
10111100111001111100000100101010
00111101100110110110110110111110
10111101100101011010010010101100
10111100010001110011100110011000
10111100100000011111010100001011
00111101001100111110000011111011
10111101011010010000001000101000
00111100111101000111100100001001
00111101001111111001011101101001
10111101010111110001010000110000
10111101100100111101000010110010
10111100111011100100000010111010
10111101100101101111011110110001
10111101100001010011011011010000
10111101010101101001011000100101
10111100101111011010101010000111
00111101011100010010101101101010
10111100110101111111110000001011
00111100000101110001111101100001
10111101100110010101101011111001
10111100111011110110110100011100
10111100011010011101110011111001
00111100001111101001001110100000
00111101010000000110100001000011
00111001010010110100010111011010
10111101000001010000001000100100
10111100011111111110010011110000
00111101001100010010010010000110
00111101100000011101101101000100
00111101100000000000010111101110
00111101001100001111001101010111
00111100101010111101001010011010
00111100000110011110001011111110
10111101000110111110010100111100
00111100111001000011011000101010
00111010011011010011100010100100
10111101011000111001001100111010
00111100101011001010101011001110
10111101000100100000000110100010
10111101100110100100001000011010
10111101001100011011001000010011
00111101001010111100110111000110
00111100101111000101100010000101
10111101100100000111001111001101
00111101110001111010000011011000
00111011001110001011010011100000
10111101100111000111100001100001
10111101001101100111110110111000
10111101011110010111010010110000
00111100000110111110000000010000
00111101011011111000100110100110
10111101001100111010111010011000
00111100111101011110111100110100
10111101100100110100010001011111
10111101100010001001110101110111
10111101000001001100111100101111
00111100101111001010010111101000
10111101011101111110010100001110
00111110000000100110110010011001
10111101001000001100001011010101
10111101101111010100110001100000
