00111101001110100000010010101011
00111100111010000111001100101110
10111100100110010011001101110001
00111100011000000001000100110011
10111101011101000011111001000010
00111011100010010101100111111001
10111101000011101011110000101001
00111100100000000011011110110010
10111101001111000000010010001110
00111100001010000111000000001100
00111101110000001000001100100101
00111101001011001111000101111111
10111100011100001001100110100010
10111101100001001110101001001101
10111101100100011011100000011011
10111100110011110101000101110001
10111101101100110101110111001101
10111101111000100100010101001001
00111101001011100011111010010111
10111100011101110000010010001010
00111101101011011110001100111000
10111101000111000100000100111010
10111100110101101010110110001011
00111101011010010110101000001001
00111100111001110000010100101001
00111101011110000100010000011011
00111101000010011100111100111111
10111101011001010010111000001100
00111010010001110110100010110111
10111101001100000100111000000101
00111101001100010111011110111011
10111100010111001100010101101111
00111011000100000110011000001011
00111100111000110000101000011011
00111100000000011100010010100011
10111100010110100011000011001101
10111101100101100111001000101001
00111011010010111110110011100000
00111101100111001011101101110011
10111100010101101011111100100111
10111101011101001010110110001011
00111100110000001000011111101110
00111100000001000100100000100111
00111011110100010100110010011001
10111011110001111111000000001101
10111101010110001010101001011111
10111101110001100011011001101000
00111100110110101100001001011100
00111011111011111111010111010010
10111100110100011111001101010110
10111101000010110000110001110010
10111101001111001011001111000101
00111011111111010011010010110101
10111011110111010010000010110010
00111101000111100100001011010011
00111100110101101100111100111010
10111100101111011010011010100101
10111100011011000111001101100111
00111101101010010100100111111001
00111101001101010100111111110100
00111011001001010100111111000001
10111101000001000111100010100100
10111101001111010001001101111111
10111011100000011100100001100110
00111100000101010111100100101001
10111101010010010100101111100010
10111011111001011000000010010011
00111101100001111010110011000101
00111100100011101101000000011011
00111100100101011101111101010100
10111100000100000101000001101110
00111011111011111001101100011010
10111101000100001010111011001000
10111100110010010101010111101111
10111110001001010010111100001100
00111101110010000001010110110011
10111101010110011001011110101010
00111101111101101111110100000111
00111101101110001101100110111001
00111101001111001110001111000011
00111101101000100000100110101000
10111101001011101001111011011010
10111101100110001011110010110100
00111101000000111001011011100010
00111101100111010100001001011010
10111101010000011011001111111101
10111101100101101011100110010000
10111100100011110100111011100111
10111100010111110011110101111111
00111100101110001001101101110010
00111101011011110111000001010100
10111010111011001010110101100100
10111101010011111100101010100110
00111101111000010100000101100100
00111100110001011111010111111101
00111100010000000101101110001101
00111101010100001100001110000010
00111100101110000101011010110110
10111100110011100111101011000000
10111101011000000100010001101001
10111101100100101000000110111011
00111101101001000001011100110010
00111101001011111110011010001001
10111011101101000000001000110010
10111101011101110001000000100111
10111010010000010010100111100111
10111011110110101000110011000010
10111101010100011010110011110001
10111101100000000010111110001011
00111100011010010110101110101100
10111101110111010101001001100000
00111101101110110001000010110000
10111101000001011110001010110100
10111011110001011110101100101100
00111100001111110111010000001010
00111101100000001110101100110110
10111100101101101000101001010111
10111101000011001010100010010001
10111101010100000101010000011001
10111100110010111101100000101111
00111011011011110001110101000100
00111101010110001111100100011001
10111100111000011110111000010101
00111101110110001001011001000001
00111100010011100011000101100111
10111100010000011100110001001101
00111010100100101111001000010110
00111100011001000100101100101110
10111100010111110100010111110011
00111100111011101010101110100001
10111100100101111110110101011000
00111101100101000000101110101000
00111011100100111000111010100010
10111101000101011010010101110100
00111011101010000001111010100110
10111100110010101001011001100101
10111100111000010111101101110100
00111101011111000110101010111110
00111100001110011110011000010011
10111101000111100000011111110000
10111101010000010011111111001000
10111011100100011101000111001111
10111101011000111000000001010111
10111100000100101000110110100100
10111100101110011100101101110011
10111100000001010011111111111011
10111101100011111110110000101000
10111101011000110011100111001101
10111100110111101011111001010101
00111100000100010000010110011100
00111100000011110011011011011010
00111100100111110100111100110010
10111100000100001010001100000110
10111101101001100010001100001110
00111100111000101100101010010111
10111011111100110001010111001101
10111101010110100000101010001111
10111101001100001101101000000110
00111001111111001111111011000000
10111101100110111111010101100011
00111100110100000001100110011000
10111011110111010001011010001111
00111101100111000101001110010110
10111101100001000001000011110111
00111100000100110101001011000010
00111101101010011100011011111110
00111100000111100101100001110110
10111011010010100000001101101000
00111101000001100000011001010111
00111100000000011001010011010000
10111101100100010010101010111110
00111101000001001110101111101111
00111101011101111011000001000100
10111101000011000101011101101010
10111100100100111001000101001101
00111101100101001011101111110010
10111100000101100100001010011100
10111100111000101111110011110100
00111101000011101011010010101000
00111100010111000011000011101111
10111101001001111001001110110101
10111101010001101011001001111001
00111011111100011001001110000111
10111100100101111110101001001011
10111101001011111101000110101110
10111101010100011101000100000000
00111011110100000001100111111100
00111100110011001001100010010010
10111101110100011100110110100010
10111100111100010000011011101011
00111100111111001100111100111001
10111100101000001010000100100100
10111100010010011000100001001100
00111100010101111001011000010001
00111101001010111111111010010001
00111101011010001001110100000011
00111101000100001101001011001110
10111100011100010001001100100000
10111101101001101000111001011111
00111100111111100011111011000111
00111100110011111001010010101010
10111101100011001010001000111101
00111100010001011111001100110100
00111100111111100010010100100111
10111101000100101000001110100101
00111100100110100111000011011101
00111100111000100110011001101100
10111100001000110001110000000001
10111101001011011010100001100111
10111100101111011111011101011100
00111101111011111111001001111011
10111101011100110111101001001010
10111101001000101111001111111101
10111011110101100001101111000101
00111011100010000111100101101011
10111101001000001111010001001011
00111101010110101110010100111100
00111101010010010010111010000101
10111100101100011000000010010000
10111011111011011010010101010100
00111101011110111011101000101011
00111100101000010100101010010011
00111101101100100100000111000111
00111100111101101011110001001010
00111100000100011110110010110111
10111100001000111010100010111101
00111100010100011110111101000000
10111101010000101101101000110011
10111011101111011000101100010100
00111101001000100001101111100111
10111101101010101100000101111110
00111100111111010001000010001100
00111100000110111110001000001110
10111101011110011000010010100111
00111011110100110101000100100001
00111011001011000100000111000111
10111101100000100101110100000010
10111101110000110101111101110101
10111101100111010010100011000101
00111100010001101111101110100101
00111101010011100100111110000001
00111101011011011110001011100001
10111100001001111010100000110100
00111100100110010000001100111100
00111101011110100010010100011110
00111100111011010101010001100110
10111011101101101001010010010111
00111101000111010101110110100011
10111100011000100010110101001001
10111101100001110010000101110011
10111101100000000010001011001001
00111100001111101000111000011111
00111100000110010010000000100100
10111101100000011011010010100010
00111100110010100111011001001001
10111100110011010111010000101000
10111101101000110111111010100000
00111101000001001010010011011010
10111101011100001101000000001110
00111011110010110100101110101000
10111101001000001011010101100110
10111101100010001110110010111101
10111101110001011010100100100000
00111101011110110111000000100110
10111100111011000000100101111001
10111011011001000101001100111111
10111100110011110100010110101001
10111101001101110011011011110100
10111100111110010001001100001011
00111100100110000110110001010111
10111011100010100010000001001001
10111100010101000100000000110101
10111101000000101111101001100100
00111101000111110000101100101111
10111101100000111101001000001001
10111100000111101000110100000110
10111101011011010111011110100011
10111101000110010100101001100000
10111101100111000101111010001010
10111101100101010000111101101111
10111011101110110110000100001110
10111011110000110110011001111000
00111101000011001100010001100011
00111100111001111101000111000000
00111010010110000101010001100000
10111101110100111110111000100110
00111100001100000000011100101001
00111001111011111000110111101111
10111101010111000110000101001101
10111100110111101001000011010010
10111101000011001000010101110100
00111101001001010111101111111010
00111100110001010010011101110111
00111101000101011111111110111001
10111101001001000001000111000000
10111100011110100001000001100001
10111101000010101100000011000110
00111100111110111010001101011000
00111100111010111010011110000000
00111101011100110001010000100010
10111101100111000110110011000111
10111101011110001110101011010010
10111101110001011100101101010111
10111101010101111001110101101110
10111100100000100100101011000011
10111101100010111100101111011010
10111101101111110111100011110011
10111010111110010001101111010010
10111101101010100111000010110111
10111101100000010101111011100100
00111101000100111001011011000001
00111100100100110001101011110100
00111101001111111000100001001110
10111101101001000110101100000100
00111101100011010011100101000001
00111101001111100100011001111010
00111100100001001100101101010110
10111101011011110100011111110000
10111101101010010111101000111101
10111101000111101100010101011011
10111101101110001111111000110000
10111101101101000101111000101011
00111100110100000100101100001010
00111101010101000000010000110100
00111100000111110101011010001111
10111101001100100011110101100111
10111101101101010011111101111010
10111011100010001001010001001011
00111100101110101000000110100100
10111100110100000001101010101000
00111011000100110010010101001010
00111101011100011000111100101111
10111100110111110001111101010100
10111100110110101000100100100010
10111101011011111011100111011010
10111011110111011011010111100110
00111100011011101111001100000100
00111100101001001011011000001000
10111100100111000111001011110001
10111101000101111100010000000001
10111101100011001110110011011111
00111011101001111011101001011001
00111011010000111011000101110111
10111010011010110011000100111011
10111101011011111010010001100110
00111011011100010001100100100100
10111101101110110011010111011010
00111011001001100100001101011011
00111101100101001001011000110011
10111101000110001100001001000110
00111101000101000101100011010100
10111011100101011010001101100011
10111100000110101110000010100000
00111011101111001001101011100000
10111101110000010100011101000100
00111100111110110110000110111100
00111101000101000101001110001101
10111011110100010001110111011111
10111101000111110110011011100010
00111011100010101110011110010000
00111100001111010010100010011010
10111100111110000001001011011101
10111100010100100110001110110100
00111100100101011101111001100001
00111100110111101000100001010000
00111101000100110001011111010110
10111100100000111100100111100001
00111100000001011111010000010101
10111101000100000010111001111110
10111100110000011110101001010111
00111100010100001100100001010111
00111100101000000111111100001000
00111011011001100111111000110011
00111101000110010100111001111001
00111100010100010101100011001000
00111101100110110011001000111001
10111101010000011011101011110010
10111100011111100001000000110110
10111101101111000011101110011000
10111100110001111010011111010110
00111100101000010000000110101011
10111101101100111110110011010011
00111101011010111101010010101100
00111101100111101010000011101000
10111101001101110111100101101000
00111101100011101000000010101111
00111101101010111011101110101101
10111101010100101100000010010001
10111010101011011111010011001101
00111100000110100110011001101110
10111101101010100111111111001100
00111101100101011111101010100000
00111100000011101100100000100010
00111101100000110110100101011010
00111101010111100000100110111100
10111100000010000100010011010100
00111101000100111111101111110011
00111101001011110011101011100110
00111100010110110011000011101110
00111100101111000010100110001110
10111101010011100010101001010010
00111101001001000000001000100011
10111101010110100110011011010101
10111100100110111011001010111110
00111100110001010011000000111101
10111100000000110010101100100001
10111100010011001001010110101010
10111011000000100110111000111111
10111101001111001100110100110010
00111100110010000110101001000011
00111100111001101010010101111110
00111101010101001001100111101001
10111100000110110101110001000110
00111100110110110001111000010100
10111100010100000100111001001100
10111011101111001001110110000010
00111101100011100100110001000110
10111100010001000010011101010000
10111101000100001111010110010111
00111101000000011101101110011010
00111101001101101110100000000000
00111100101110010111011000010100
00111011000110011000110010001111
00111101101100111101000011010011
00111101110000000101101000010001
10111101101000111010110000101110
00111101010111011010010011011111
00111100111000101110110101011001
00111101000101010011001100001011
10111100100101101010000110011111
00111100100010000001011011011101
00111100100101111111101001010000
10111100111011111111100001000100
00111101000011111010110010101011
10111011110010010100101011100100
10111100001001011111100100001101
10111101000011101000010101010000
10111100101100111011001101110011
00111011110010010111111111111011
10111101001111010101100010101111
00111100000011100000010001001111
10111100110110001010010011001101
00111101100010011101111111100001
10111100100111001001000101100110
10111100000111011000010011000100
10111101000010010000000001111100
10111101100001111010011111011100
10111101001011011010001100001000
10111010000100110110010110110001
10111100111011111110100001011001
00111101001110100110110111101110
10111100100110101000101001101000
10111101101001110000100011010111
00111101011100101000010001111001
10111100100100111110011110001110
00111101011110011001010100001010
00111100011011000111001100001101
10111100010101111101011001101010
00111101001111010001011110100001
10111011011011011110011011111000
00111001110011011010001111000000
10111100110000101100111001100000
10111011100001111010001100111010
10111010000011111111110111001111
10111100111001010101001100011010
10111101101100001111101101100000
10111100010001001111010010000011
00111100110000101110010111000001
10111101100100010100100011010000
10111100010000010111011000011000
00111100111100110000011100101000
10111101100000100011101000111100
00111101000000010110111100000000
10111010110010011100101001111001
00111100001001111000000110011110
00111101000001001011011100111001
10111100110001110101000101011111
10111100100011001101101111001001
10111100001001100101010000111001
00111101010000111000001010001100
10111101101010101111100100011100
10111100101111110011010011100011
00111011111100011100110111011111
10111011100011010010100010011011
10111011100001010001010010100000
10111011101100010110110100011010
10111101001001001110100000100101
10111100010001011011001101110000
00111101010011101000100111110110
10111011101000101101010011100110
00111011011100000101011110111010
00111100100010010100111100001011
00111101001000110110000101100010
10111100100110111000000001111110
10111101100001000001110100000010
10111100000101100101000110101111
00111011111111010101100000000000
00111011010000101101110001010101
10111100111101010010111000000110
00111101001011111000001101100100
10111101001000101011111111111011
10111100010111101111001101010111
10111101101011111001001010110000
10111101000011111000011111101011
00111101101000001100100110010110
00111101001100101101101101111010
10111100101111110001000001101010
10111101000000011011010101010110
10111101101011100111111001110000
10111100010010100101111000110001
00111101100000111101011010010001
10111100111111000010101011001010
00111101111000011010000001101000
00111011010001000011111001010101
10111101010110111011001101100110
10111100001000011011010001010000
00111011101000000101100000011101
00111100010010100001000001110001
10111100010101000100110010011010
00111100100010110110010100000010
00111101100101110000101111100101
10111100000111011110011100011000
10111101010110100011001100011001
00111011010111110011111000101001
10111101100001100011011111010010
10111011101110000111100101011100
10111010100010000010011100010100
10111101010110100110110110111000
10111100000110110000010011000100
10111100100110000110110000000001
00111101010111001010110001001111
10111101010101010010001001101110
10111100100000101100001000010101
10111101010001110111010101000000
00111101000011001010110011011001
10111100110001000111000011100111
10111101100100101100010110010010
00111101000110000010000111011000
10111101110010011000100001000010
10111100110111001111010111101101
00111101101101100101101111000001
10111101000101100101010100011100
00111100101001111010101100101111
00111100010110111011100011110101
10111101001110010100001010101101
10111101100110010001111001100011
10111101001000011011010110010000
10111101000101110110010010101001
00111100101100001110001001011011
10111101011110011110000000101010
00111101010100001001111000110000
10111101010011101111000000000011
00111100100000100001111111001001
10111101101010000101100111011000
10111101001101000100000101110100
00111101011011100100001101000110
00111010101110010110101000111100
00111101001111011011001101010111
00111100110010000101110111100000
00111101001010010010110011111011
00111100100001101000110010000001
10111101100101001010011110110100
00111101010111110110000101010100
00111011111101110011001000000101
10111101010100011010001010101100
00111100011111101100111111101111
00111101000011000011111000011110
00111101001101000111010100010010
00111100111101100000111000110011
00111101001001111000010001001100
00111101010100011010010110110000
00111101000010110001100000100010
00111101000111011110100010111001
00111100100110000100101001101011
00111011101100101100010011111111
10111101001101000001101000100010
10111101010011010000001110010101
00111101010011101011000001110001
00111100011111110010001011000100
10111101011111111110111111101111
10111101000110101100010001101000
00111001010010000100101101010001
10111011101001000011110100010010
00111011010100000111011001010000
00111010110110000101101110001101
00111100110010100111101011000100
10111100100001000100110110110000
00111100000100010010000000001010
00111011101001011100001010111101
10111100010110111000011101110000
00111010110010010101011101111000
10111100101101110010011011101000
00111101101110100110101111010100
10111101100100011101100111101010
10111101101001000111101101010101
10111101100010000010010100101010
10111001111010011010000101000111
10111101001101100110000101011111
10111101100100110010011101111000
10111101001101001011011011000001
00111100101010101100100101110100
00111100101011111111110100100101
00111101011111010000110001111010
00111100011110000100011011110111
00111011001111011010000011001110
10111100000111011101100010000100
10111100010011100110101100000000
10111100010111101101100001100000
10111101000111111101010110001010
10111011000111111111100010000011
00111011101001000010001111011100
00111010110011110100001011010111
00111101100101101100100011100101
10111101010010101011010001001101
10111100110000100000010111010110
10111100101011110111011010111101
00111010111101100111111101111010
10111011110000101101101001100001
10111101100000100001001111000011
10111101100010011100111111101000
10111101101010111001000011110000
00111100010101010100100110000001
00111011100000111010100011110001
00111100101010011011100000111000
00111101010010011100011000001100
10111100011110011011111011011000
00111011000101010010101000011010
10111011111110010100111010111101
10111101001001101110110000110101
10111101110000000001100000000111
10111101010000010000010010101111
10111101000111101100000110000100
10111101011111110011110001100010
10111100111100001001111111101110
00111101000100100001101100001111
00111100101101100011101110001101
00111100000111000101011011010110
10111100110011010000111000001000
10111101001000110001011000001110
10111101001100101011001100110101
10111101001100001011011000111111
00111100000010111001001010010111
00111101010010111111100001001110
00111101100010010111000110110100
00111100000001110001000111010101
00111101000001000011011110111110
10111101011110010001001001110111
00111100000110001111011010010000
00111100110000001010100111001110
10111100001110001110111000111111
00111100000001100000101000111010
10111011011100101011111100100000
00111101100101000111110110010010
10111101010000110010111000001101
00111100011110101010010101100000
00111101100010011111000100101010
00111101011100111011001110110100
00111100111110011111100011000111
10111100110100000100011100000101
10111100110001010101001011011011
00111100110010100111000110100011
10111100011100000001110101010010
00111011110100001101111100000000
10111100011111111000101011010010
00111101001000111001100001111000
00111100110110111111111101101001
00111100100101011010111000011100
00111100101100100000110110100000
00111100101110011101111101010101
00111101010111100010010101011001
00111101011011010111101111100101
00111010111110001101100001100011
00111101011100100110111100010010
00111100100011110011011100110110
00111100000101110010001011100000
10111101101110101100010001001011
00111101010010100111000100001111
10111100111111101110010011111010
00111100000010101110001001010101
10111101101110001110111111110010
10111101110001010110000100111000
10111101100001001000100100100000
00111011011000101010010100001000
10111100111011000110111010010011
00111011100101011111100111001010
00111100000001111010010100000011
00111101010001001010010000011011
00111100111010011100100011011100
00111101100011011111000101110011
00111100011010111111100101101110
00111101011101000100100111011100
00111100101010110111010011110010
10111100110101100011001100111101
00111101100000101110100000100001
00111011100100110100000001100111
00111010110001100111110111011001
00111101101100000111101011000111
00111101001001100101011111101010
10111100001010101000001101100111
10111100000101100000101110001110
10111101001000000011011001111001
00111100111110101110001110101101
00111101000101010110100011010101
10111100110101100011001001001001
00111100000110010001011001011100
10111101011001110100101100000000
00111100001001000100001101111011
10111011000111100100001110010100
00111101000111110001111010101011
10111100110000110011011010100111
10111101101100011110111101100110
00111101011111100101010111001110
10111101101000110101101111001000
10111110000011101000101101111010
10111101101010011010010011100000
00111011000110000101000001010110
00111101000011001011110010001111
10111100100111111001100110101110
00111101000100010111011011111001
10111101110010001101010001010001
00111101001110011010101000010010
00111101010110101001011000101100
10111101001110011011000100100011
00111101000000001110110110010000
10111101101100010100010000011101
10111101010011101001110110010101
00111101000010001001011000001101
10111101001101101010111110101101
00111101010010010101101111111101
00111101000010100011101110010000
10111011110100001100110111000110
00111101100111011010100111001111
10111100010000001000011000100111
00111100001000010001001101001000
00111100101011010100010001011011
00111100100001101011000010100000
10111101100011001011011011001110
10111101110010001111000000000001
00111101100101101110100010101011
00111101010001001000110111011100
00111100001000000011100110111100
10111101011111111000101001001101
00111100100111101000000110000011
00111011010111100010110100110001
00111100010010111000101100110001
10111101001001010101110000010111
10111101010010100010010001001010
00111101100011011110110100110100
10111101110010011111111001000111
10111100011000001010101101011010
00111100000011001101011110000110
00111101100000000011101001010101
00111101101110111101100111101101
10111101000100011110111110001100
00111011000111111000101001100111
10111100110001001010101100010101
10111101110001011011001001101100
00111101001001010110111010100101
10111011100110100111011100001011
00111100010001101011101111101010
10111101000000011100101111001100
10111101001100100010101101111110
10111011101001100100000110000001
10111100010100101000010011111011
10111101000001111010101110010101
00111100000111110010000100100110
10111101010110110001111111000100
10111101100111110100111100101111
10111100100101001010001001001000
10111101000111100101010000111011
10111100010001000101101100111101
00111101100101110101010111100001
00111101100000011111011110100001
00111101011011100000000101110001
00111101101100101011101110001010
00111100000011111000000001100111
00111100100100010010010001111001
10111101000010110000011111111000
10111101000101101110110110111110
10111101000111011100010111101010
00111100100001000110100101010010
00111101011111001001010011011101
00111011110111100100000101011010
00111100101001101101100101011000
10111100100011001101010100110001
00111101011110110101100101000000
10111101100001011100111001100101
10111101000001011001100011000011
00111101001101011111011101110100
10111101001011101111011100001101
10111011111101100011101000011000
00111010100110100101000010011110
10111100011101111011101000101000
00111101010001011100110000101010
00111100100101000101111110100101
00111101101011110111011101111111
00111100011010010111000110111100
00111100001101110111000011111001
00111101010110000101011100010100
00111101000100010000100000110111
10111101110001000000000100100001
10111101011001100100110101111101
10111101000010111010111100111111
00111100010001011101000100110011
00111011100100100111000010011101
00111101001010111001000100110101
10111011101010101101101001000110
10111101010111010010100101000010
00111011000100110101110010010001
00111101100111011101101010111000
00111101100010010101111101000010
10111101011101001110011011011011
10111100111001100011100000110001
10111101011000101111001010101110
00111100000010100011111010010000
10111101010101011110101010101101
00111101110001011111110001110010
00111100010011000001100000100101
10111101100001110000101001101100
00111101100001111101010010100111
10111010010000001110000011101011
00111110001110001000111011001000
10111100011001100100110110000010
00111101100000111010000100010110
10111101001111111100011000001101
10111100001011000000000101100010
00111101101100111001100110111010
00111101011011110011110011010101
10111011110010011100100111111101
10111100110001001110101001100110
10111101100101110011000101110001
10111101001111001101001111011110
10111100000010001111000100001001
10111101101100001110101001111111
00111010001000001111100011011000
10111101101111010111000010011100
00111100101101001100000010000001
10111101000101100011011110010011
10111100001100011000101110111010
10111101100010100100101101001111
10111100001100111010110011110001
00111100111001000110110110010000
00111011111011111000101101110001
00111101010110000010001000100111
10111101001101011111011000100000
10111101101010010101100000111001
00111100111111110011000001001010
10111100001010100111000011100100
10111101001000001001011101001011
10111101011110000011011000111010
10111100100100110111010111011100
10111011111111111100010000000100
10111100101110010000010101011110
10111101001110001101110000011011
10111101010001101001110001011111
10111100110001001100001100000010
10111101010110100010110001111111
00111100001101100001110000101010
10111101000101001100111100000100
10111101000010000010010011100010
10111101100100001010100100010110
00111101000110011100011101001000
10111100001101110101001100001001
10111101000010100110100001111101
10111100001111011111000101110001
10111011001010001110100010100101
10111101001010010011001011111010
00111101001110111100011010010001
00111100010001001110000001000000
00111101001110110010101010111000
00111101100010100010111011010100
10111000101001001001111110001110
00111010101111110110100100101110
10111101100111100011011101000100
00111011111111010110101010111010
10111011100011111010010001011111
10111101010110111110010101111011
10111101010100001010011100110111
10111101100100000100001101101011
00111101010001001100111000111000
00111101100111110110000111010000
10111101010000111011101100000010
00111101100011100001100110110110
00111101100010110010000011000011
10111101010000001111111111001111
10111101100000101110011101100010
00111101001000111100100100110110
00111101100101110110111110101101
10111100100011001010010011000011
10111100011110110011100111011110
00111101101111101001110110111100
00111010011111101111111100101100
10111101100011000000000001011100
10111101101100010101100101101011
10111101000011001110001000000001
10111011010101111010000111010000
00111101011001001000110100011110
10111100110100011101001110011010
10111101100110111100011010110011
00111011001011011001001000111100
00111101010001100101101000010101
00111101100101111101101111101000
10111100111110000100101110000010
10111100000000110110100100111000
00111101010001111110100000110010
00111011111111111010111111011000
10111100010010100110100101110010
10111100110110100100110100110110
10111101100000011101110111010110
00111011101000010010100100000100
00111101001001110010101011110011
00111100011001100110010011101001
00111101011000001000010110010101
10111100110100000011101110001011
00111101010111100000001000010000
10111101011001001011101001010011
10111101000111110101001011101101
10111100111011111111000100001101
00111011100010100011000011000100
10111101000101101000001010101100
00111100111001111101110101010100
00111100110101000011001100010011
00111011101011011111001010110000
10111100100010111001111100001110
00111101001100101011101000111001
00111100111101010111110010011111
10111100001101110110010001011111
00111100111110011000011111000001
10111101101001010100100101101101
10111101100101111100111110000110
10111100011100111010001110101011
00111100100111100111000110110101
10111101011100010010011011010100
10111100100110010101000001101111
00111011100000001111100000000011
10111100011000100010011100110001
00111011110100001010111100101011
10111100001100110111110010110000
10111101100011101111011111110011
00111101010101101101110010101011
00111100111001010100000111010101
00111100101101000111110000011101
10111101011001100110101101010000
10111011110100001101110101011100
10111101010111100010011110111011
10111100111100100111000001101101
00111100111000110111011011010101
10111100110011111000110100010100
00111101000001011100010101010010
10111100110011111010001000101100
00111100111100010011011000010110
00111100101110111101101011001111
10111101101011111010110001011100
00111101100101111000011101111001
00111011110110000110100100110011
10111101011011010010010101010010
00111101011111111100110111101110
10111100110100010001110001111110
00111101010011111011101100010110
00111101000000001000011011010100
10111101101010110010010011000011
00111101001011010001101001110011
10111101000010011100010100100111
10111011111101011010101001001010
00111101000111001000100110010000
10111100111010011100100101010110
00111100100101011001011001000011
00111100111011001101010110101101
10111101100011000111001111000001
10111100100101010110111010111101
00111100000000010010010010000100
10111100100001101100001000100111
10111101101000111111100011000111
10111100011010001110110010100011
10111100001111011010000111010111
10111100110011011101111111110110
10111011010000101001001011011111
10111100110010111011001111011111
00111101001001000110010011001010
10111100011110100011101100110001
10111011101010001110101110100101
10111010100000101001101010100000
10111100111010010101011101100111
10111011010100110000110101101010
00111100100010011111001010101010
00111101000110011101000111010101
10111100001110110001011001010011
00111100111110111111110110100010
10111100000011000111010100000001
10111101100101011001000110110101
00111101001100010011111011000111
00111101110110011010111101000011
10111100010001011000001011111010
00111101011000001001100010101101
10111101101000000001111110011101
00111101110100110001101011101011
10111101011001110110110010111101
10111100101100010101111011100000
10111100111011011101100010000111
00111011100001101000110011101101
00111100100011000101000101101100
10111100100111101100000000110111
10111010101000100011011100100010
10111101011111100110010000010101
00111100101111011111000010000001
10111100111001001111110100111000
00111101001010010001000011110101
10111101100110011001011010010101
10111101000011001011111000101010
00111101011110100110000101011001
00111011111101000000100010001100
00111100010111011111001110010000
10111100110001110101010011011000
00111101000100110100011010111101
10111011000001011001011001110100
00111100010011101010011111010001
00111101001100011101011010010000
00111101010001111001001001101111
00111100110100101101010101010001
00111100110001000010011110110101
00111100100111111001000010000011
00111101010000110000110000110100
10111100101000101111100110101001
00111100010111001001100010110101
00111100101101110000011010011101
10111100010001001100010010000001
00111101101010100000100010101011
10111101011000110110000111011111
10111101000100000001010100011010
00111101100110010111010111001100
10111101011010011100110111100100
10111101100011011001111101001010
10111011100010101101110110001011
00111011110001000111001100110110
10111011101001101111101110111100
00111101000100111101001110110000
00111101001111100000001011010011
10111100111000111001000011001110
00111100110010101010100010011001
00111011100100101000101100001101
10111100101000001101001011100001
10111010010011010001100000101011
10111101110001001100001011001100
10111100110011111001001101111000
00111100100110101001110111110001
00111101110000100111011001000011
10111100101011101000101011110011
10111101100010101011001111000100
10111101011100001000111100001001
10111101100000011010110111111111
10111101010011001011001000011110
10111101010000100000001101101011
10111101010110101011000111011000
10111100110000000111000101010010
00111100111010000111100010010100
10111100110000110001101110111010
10111101110111110011110111000111
00111100011001100000000011110110
10111010110000110011010010011110
00111101100000000101011101110110
10111101000011000101000111111110
00111011110001000011010110111001
00111100000110111110001001000000
10111100101000011111101100111010
10111011111110101000000011110101
10111100100000010011111110000101
10111101001110011110100000111111
00111100000111000011101010101101
10111110000001101110000111101101
10111100111000101110110001001100
10111101101011101001011010110100
10111011110101010100101011001000
00111011010110100101111100100000
10111100001000011101011111011001
10111100110001100101110000001100
10111100000110000011011111010110
10111101101000110101010011010111
10111100011010111111111111011000
10111011100011110101111010110011
00111100010101101010011100110100
00111101010011111110110100101110
10111101010111010000000110101010
10111101000110000011011111101000
10111100110111111100000001110010
10111100111111000000111011110010
00111100110101011000000001010001
10111101100111000011010011101000
00111101001101011110000110011000
10111101011001011110110100001111
00111101000010011110001111111110
00111100010110011001001101011011
10111110000010001000000111010111
10111100001000001101010101101001
10111101010010101010010001110000
00111011100001100110001111111011
10111100011010110101000010101100
00111101100010111000111010010011
00111101100111000100011110111100
10111100110100100011110110000001
00111100101111110111100011010001
00111100101100010011001001001110
10111101010111011011111000101011
10111100100110000011100111000001
10111011001100111000110101001001
10111101010000111001111101011110
10111100011000001111100000100011
00111100100001111111100011100110
10111011111000011110110101010001
10111011100001111010011001110111
00111101010110000000111000010011
10111100000110011001011110011100
00111011000001001101100110011010
00111100111111001100110010011000
10111100011010100111001000111000
10111101000100010011000000010111
00111100000010001101000001001111
00111101100001000100110101110011
00111101101011001111111000010010
10111100111000100010010010100010
10111101000110100010000000101110
00111101110001100101010000010001
10111100100011011101010110001100
10111101001010101111011101001100
00111101001100001001111000010010
00111101011100010011011010001000
00111101000001100001111011011001
10111100010011000000010110100110
00111101011101001001011111100011
10111100100000100110111111011001
10111101010000110000011010111111
10111100111000000110111010110011
00111100101001011010110010010110
00111101010111100101001000100101
00111101100010001100110111100000
10111010010010010001100001001111
00111100100110001001101100101100
00111101101010110001101101000101
10111010101000111111100100110111
00111101101000110011010000111011
10111101011100111100010110100101
00111011101011111011101110010111
10111100001111110011110001111010
10111100100000101100110101101011
00111100111101110000100111110101
10111011000101110001010011011000
00111100110011111000110000011011
00111101001111111101111001001111
00111100000001101001001000000000
00111011101101000011100011000100
00111010110011101010010011011111
00111011111000011100001001001001
10111101100111100110100000111110
