00111101101011100010001100110111
00111101101111100111010111000001
00111011000111101010111001111011
00111100111001000001001101000111
00111100100111111110001111101011
10111101110111001100010011110101
00111101011111000100110000110011
00111101110110000010101011010111
00111101000010101111000001101101
10111100010100110111001101001111
00111100111110000001111101011011
00111100111101100111010101111101
00111100100100110011001101010110
00111100000101110011100011010011
00111101101110000001011100011000
10111110000101111101001110001100
10111101101001011000101101000010
00110111111101111010011011011100
10111101001101100010101000100011
10111101100001010001010001110111
10111101110100011011010101100000
10111101100001001101010100011110
10111100011111001011100011011010
10111100110111011110100110101010
00111100111011010111010101000101
10111101100010000110111101100100
10111100001000011001011101110011
00111101100010001100001111001101
10111101100100010000001110100100
00111101010100001001011001100111
00111011111011100100110110010101
00111101000100010000010000001110
00111101100111000001011001111110
00111101101011101001000100101101
00111011010001010101110001011011
00111101101011110011110101000001
10111101100000110100110011010100
10111101010001101110000110101111
10111100000100000111100011111001
00111010101010000000111111010111
10111101000101110011101111000010
10111100111000010011100011000010
00111011010110100100011000000001
00111100010000001100011100011000
00111100101011010010011011101001
00111101000101001110010101010101
10111100010011001110101000100100
00111100110111001001011001110000
00111011110000011011101100111000
10111010111010010011001111001011
10111101100100110011110000000000
10111100000000001101101111101000
00111101001111011001010010000000
00111100001011110110111001010000
10111101000100100001100110111011
00111101011011101011010101101001
10111100110001011111001110101101
00111101101011110100101011011010
00111101100001111100010101001000
10111101000111010011011010001101
10111100101101001110001000110000
10111101000100100111100101011101
00111101011111000101101100001110
10111101001011111011111000010000
00111100100111011001000100101011
10111100101001100000110110001001
10111101011010100001111010110011
00111101010101100110110110000010
10111101000110100110000001010000
10111100101011100100010111111010
10111101011111111010101110110001
10111101101000110011110010110011
10111101100000000011011011111101
00111101100110010111100100111110
00111101001000010010110000000111
10111101100010010001011111111000
00111100000110111000010100100000
00111100001101101001101000110111
10111101100101000001011101101101
00111101100110111001000010110000
10111100000111101100110001011101
10111100010011111110111000111000
10111100011001001101100001100110
00111101010011011010101010111000
10111100111010101011100100011110
10111011011100101101000101101100
10111100100001110100000110101011
00111101010101101110010110011100
10111101011110000100011010111100
10111101110111000100101000110010
10111101100001110111010101100010
00111101100110110100101100111001
00111101000011111001111011101010
10111101011000011000011010111101
00111100010100001100111111111110
00111100101000101101100000111010
00111100100000000001001111000000
10111101011110111111011101100110
10111101100101111111101110100101
10111101101101010000000111011110
10111101001101101110000101101011
10111100101011000110010011000011
00111100101001110011001000000110
00111101011110100100110010001110
00111100101101110011111100010101
10111100011001010110101100010111
10111011101010100011110100011000
10111101101110001101001101100110
00111100110101100100000010011100
00111100110010100010110000000111
10111101110100100001001011011011
10111100111000010011001010001101
10111011101101110000101010100100
10111101000001011010101011111111
10111101010101000110000101110110
00111101000011011100101110110101
00111101100111110111010001100100
10111101101111101111101101111110
00111101101101010011011011011010
10111100101000011000100010000010
10111101000011101101111100001000
10111101011101111000011100000001
10111011010101000011011001010110
10111100000001001110100110010111
10111100101110000100101010011011
10111101000101100001111101111100
10111101100001100011101001000110
00111100111110010111000100010011
10111101010001011101000100100001
10111101000011000100110011110000
10111101100011111111101100011001
10111101001110111000010010011000
00111101101010010000010001111000
00111100101111110100010001110001
10111100111110000000011111100110
10111101101101001110100011101101
00111101100011110111010101100010
10111101101101100001011101000111
10111101001001011011100010010001
10111101010101011111001100011001
10111101000110101111000100011100
10111101011010111101011100100010
10111101100011111110101110110101
10111100111101000111110100111110
10111100010011010001110100000011
00111011100111010000000011110110
00111101000000111100100011100010
00111100101110100110010010101011
00111101100111000111101011010110
00111101000100000100000110001110
10111101010010110010111010100000
10111101101010111110010100011010
00111100101100100110110100010101
00111100100111001010000111100110
00111100101010001100001111101110
10111101011110011110110011101101
00111100110000110011101111101011
00111101100111011111011100100111
00111101100000001101101100000000
00111100111001011101001011111110
10111011011000011011100000101101
00111101101011100011000110101111
00111100111100100100010011011101
00111101011010010110001100100001
00111101100001011000011011011110
00111100010000000110011111100100
10111100101011101011010011010110
00111101001010110011100011101100
10111101011111011111111101001111
00111101010111110001000101110100
10111101100011110010010100000000
00111101100010110001110011011110
00111010110111100011010100101100
00111101101101010010100111110100
00111101001000101101011010001101
00111100000000011010110000101111
10111100101110010011010001101000
00111101011101000110101100100011
00111101010011100011000101001101
10111100101110001110010001011000
00111100100101000010100110000110
10111101010000101001001001000100
00111101011001111100101100110111
10111011110101111010001101000100
00111100100100110010010101100011
00111100000110100100111011111011
00111101101101000100111001110111
10111101000001111000001001100011
10111101101100100001111011111111
10111101010110110110001111000100
10111101001111010101010100010100
00111101010000000101100100011010
10111101100000100011010111111100
10111101101111011001000110001011
10111100110111000111010000111101
00111010101100001001000100101011
10111011010000001101001001001000
10111101100100100111111010111010
10111101101011010100011011100111
10111100100010000100011000001011
10111110000011110000100010011011
00111100100010001110111001001101
10111100010000100011101101100110
00111101000000010001011111010111
10111100111010000001011111011110
00111101001000111010100000000110
10111100110011011001111000100001
10111101001111101011111110000011
00111100111001010001000001001011
00111101010000111000111111101110
10111101100010001100001101111100
00111100010100100010000110100010
00111101011101111101011110001001
10111110001010010111001011010101
00111100011011001000001001001100
10111101100001001000010100010101
10111101010100011101000001110101
00111101101101000011110110000010
00111100000001011110011100001111
10111101100000011111011111011110
10111010010011011001001001110101
10111010011001011001101111000111
10111101010000011011101010111111
00111011000101110110110110010100
10111100101011000010001101011011
00111100100101110101010111100101
10111101000001010000101001001110
00111100111000100011001111110001
00111100100111110011111010101011
00111101100100001100010011101001
10111101100000010101000101111100
00111101011011111001010111010010
10111100111011111011100110011010
00111100110111000111101011101010
10111101100111101001110100101110
10111101010101110111010111101111
10111101001101110101001010011001
00111101101110001110010001101101
00111101010100000110111110011010
00111101100100010001000010100110
10111101101111101011110010110101
00111101100001101000100011000011
00111101100111010000111110100010
10111100100110111110011000111111
00111101101101101110010101010010
10111101001010111100000010110111
00111101000100100101011100000111
00111101001111001100000000110100
10111101001001000111011010001100
00111101001001011011001000110000
00111101100011110001111011110011
00111100110111000000110111011101
10111101100000100110010100010100
00111100101100111110110101001001
00111101100000010000111110001101
10111101000000001000001010011010
10111101101101010111001100001110
10111101000011001010111001111101
00111101011100011001101111001010
10111101010000000101001110010101
00111100111111010011110100101010
10111110000001110110101100110100
10111011101100111010110010011000
00111100101000001111101101100110
10111101100010110110000110111000
10111101010010011101000010010100
00111100100010111001011010001111
10111101011000101001111000010001
10111100100001110100100001001010
00111101100000011110010101111110
10111010111011101000001110001011
00111101010101100011101100010111
00111010111101000110101010110010
10111101110001001001000110100111
00111101001110001111101000100111
10111100111100111011110101000111
00111101101000101001010000001111
00111011100001111011001111100101
10111100110000000111011000111000
00111100000110010100000111111010
00111101100000000000110010101001
00111101001011010101000000111100
00111100101111111011110110011101
10111101101000000011111111001010
00111101001000111011110001111001
00111100111011000100000001100101
10111101011010111001000101000110
00111101011001011100100011010010
10111101100000111100111111010101
00111101001101101001000011010100
00111011111100001000010100111010
10111101000101000111011001101111
10111100010010110010011111101111
10111100000010100110111101101011
00111101011011111010111000010001
00111101010000011001110011011011
10111101110001000011000101000011
10111101000111001001010011000000
00111011100011001111100101001100
00111101000001000010001001101100
00111100100111100100101011000100
10111100100000111110100000010001
00111100011011100101100011010011
00111101101001100001111111100011
10111100100110001110100101010010
10111101001111110011011001101011
10111100010101010100011110011010
00111101100100010000011110011101
00111101101000110101101000110011
00111101000010010010110011110010
00111011111001111101000000000000
10111101000110000110000001111110
10111101000110110001011011111000
10111100000111101111010110100110
10111101110001001010111001100000
10111101000010101101110001110010
10111010111100100101110010011010
00111100100001001110010011001110
10111101000011110111100101001110
10111100111001001001101101010011
10111101000010001101110001110011
10111101000010100011001101110100
10111101001100110001101011010110
00111100110010011001101011000010
00111100001010001111110010011001
10111101000101110111110001100110
00111101100111010111000011001011
00111101000111101100111011111100
10111101110111100001111100000101
10111100100101010110011111011110
10111101011010110001011000010000
10111101010110110110001100000001
00111101000111010101011001110001
10111101000011000100101001111110
00111011100001011001110001010101
10111101010101101011001011010101
00111100110110100010101111010001
00111010110001011000111110010001
10111101100101110010110110110011
10111101111101111001011101000110
10111101110000110001000101000010
00111101100111111011110000111000
10111101110110000011101101011111
00111101001010000000010011101110
00111100101010001101111010001110
00111101110001000000101010010100
10111010101110000111101001101101
00111101010111100100001000000101
00111100010100101110100011100111
00111100110101110011110101000010
10111101111111100111001001110010
00111101001101001100110011110001
10111100100001000001010010011100
10111100000110100000001001001001
10111101010011101001011111000110
10111100010101000101111001000101
10111101011000010011100110011100
10111011101100111110110110010001
10111101010111011111110100110011
00111100111001100101100011001010
10111101100000110000000011011011
10111101110111000001011010100001
00111011111000100010011110000111
10111100101000000010101100110000
00111100101111100101111100001011
00111101000001100001101000101100
00111100110001000111011111001100
00111100110101000100110001111011
00111101000010111001100010001011
10111101000010110100101101101010
00111101011000111011110101110010
10111101011011000111010001011100
00111100011100100111100111000111
00111100100011010101110101000000
10111101100010011001111001111001
10111101101000101110011000110101
00111100001110110000101000101000
10111100101010111100111011011001
00111001111011011001001111100001
00111100000001100110000101100010
10111100100000011010000110101001
00111101001111011010100110101010
10111011111001011000000011100111
10111101001001101101011011100111
00111100000100011111001100010011
00111100100100000011010101001100
00111011100100010101100011001000
00111100101101110011010111111010
10111100010010110001011101011111
00111100010010101011001111000100
00111100010111101101100001100111
00111101100010010000011100101000
00111101110001000110101111101101
10111101101110111101010000110110
10111100011010010110000110110011
10111100101111011000100001110010
10111101110000001010111111001111
10111100011111001000000100010110
10111101010110101100111100111011
00111101100111100100011101001010
10111011101111010100010101101110
00111101110101111100010001011101
10111101101111111110000101111011
10111101011001000011011000110110
10111101100101110011001000110010
00111101100111011100111110111100
00111101010010111110111001001000
10111101100111010100001010100000
00111010010110000000010100111101
10111101100010100001101110111011
10111101100111011110100111000100
10111100001010101010001111000111
00111101000101110000110110000110
00111101110111111000000001101111
00111101000011101000111110111110
00111101000000001101001111000110
10111100011100111010111001010100
00111011110011000010001100101111
00111101101010010000010111101111
10111101111001001101110101111010
10111101100110000001011000010001
00111101101101001000111011011001
10111011011011110110001100101111
00111100111011110000011110010010
00111101001110100001100010010000
00111100101101101010011001110100
10111100100110011010111100110000
00111100101010011000001110110110
00111101011101111101001011101010
10111101100111110110111010100000
10111101110100110101011100111010
10111101001101110010110101011001
10111100101111100000011101111100
10111011110001001011100010001011
10111001100011110100111110100111
10111100100011000111100100000101
10111011000111111101110010110000
10111101011101111111100100100101
10111011101011010100010011110111
10111100011110001101110010100101
00111011110001011000101111000111
10111100100101101000010000110101
00111101011101101010110001100101
00111101010000010110001101100000
10111101001011011001111110000101
10111101110100101000110110101011
00111101111010111100110110000110
00111100010101011111111010011100
00111101100001010111101110011111
10111101000101100100000111111111
00111101001001110111011111001000
00111100111100010100010011101101
00111101001111100011111010000010
10111100110000101001011010000101
10111101000010011100010011111001
00111110001001010101000011100100
00111100110111110010101001001111
00111101100001000101010100100000
10111101101101101101111100110010
10111101010110111000111001100011
00111100111011011001100001000001
00111011111001111111110101011100
10111101010110001000111011010011
10111101000101100011000001100011
00111101110001110110001101010011
10111101101000001001001010001101
10111101010111011001101111110001
00111101100111111101110010001100
10111101000001001010011101111000
10111100101110100101000111000111
10111101010111101011001110101111
10111101000000111100111110010100
10111101100100010110100111011001
10111101111001101010000101111000
10111101100111001110111001010111
10111110000100111101001101111011
00111101001011101101100000101010
10111100100110110111111011010010
10111101001100000111110111100000
10111100101000101010000000111111
00111101100001110001111001001001
00111101110110101111111000011101
00111101001001110111111111000000
10111100100010101011111010101101
00111101101000101100101100110110
10111101100011111010100111110111
10111101000010000100010011011000
00111101100011010010000111110110
10111101001110000110000000000101
00111101000000001011101111110000
10111100101100011010011100110011
00111101000111011000111110110000
10111101110000101110010101000111
10111100101001011010000011111001
10111100010101011110011100101010
00111100011111111100100100011001
00111101011000111111100111000011
00111101010001000010001110000011
10111100101000110100001101001000
10111011100011001111010011001101
00111101111000001001100110011111
10111101011101111000011111001101
10111100011101101111010000101010
10111101010010011000000011011001
00111100100000001011000111000111
10111011101110001110110110101001
10111101010000111100011101000100
00111100100111011001010101100010
10111101001000010100110000001011
10111101110001001010010111100010
10111100101010001001011011001101
00111101101101100110001101111100
10111101000110000010000110100111
00111100110111010111001100100011
10111100101001011000101110010010
00111101001000100001100010100101
00111101110000000001001000001010
00111101001001001010010111110111
10111101100110110001001110101101
00111101010101010111100110110011
10111101101000011011000101111010
00111100010010010100110111000100
00111100100010011001011001111000
00111101001100000000000101011000
00111101000001011101011000011100
10111100111100001011000010010100
00111101000101111110100001110010
10111101011101011101100010000011
10111100011000011010011101011111
10111110000101111001000010100001
10111110000110000100101010011011
10111101101001011101100001110100
00111101001001100000011111001000
00111101000000001110111011110011
00111100000010101101100011101001
10111100000100111010110110111110
10111101001111001111000010001110
10111101111001110110000000100011
00111100011111101001000111100000
10111011001001100101000100011111
00111101111101111101111011000010
00111101010111110001010000000100
00111101101001110111001111100011
00111011100111011101010110110000
10111101010110000011011111101111
10111011000011001011001101001010
10111100101010011001010101010110
10111101100000111001101011010110
10111101111111001010111010101110
00111101001001110110000101110101
00111101100010110111000001010111
00111101000000110110101011110001
00111101101011011000100000010110
00111101000100000100111100100011
10111100111101111011101100100111
10111101100000010100011101010011
10111101111011000011101010100001
10111110000010100111011111100001
10111100110100011111110101100001
10111100101100001110100110101100
10111101111101011011100001111000
10111101011100111000110110000110
00111101110000001010110011101110
00111100101100111100100011000010
10111100101001101110101101100111
10111100101000010100010111000001
00111101100110110011010111110110
10111101001111011110010101100111
10111011010011110111111011001111
00111101000101101100000001001010
10111011101100100010010001101110
10111101001101000001000000111001
00111100110011111000010110011011
00111101001001110010010010010000
00111100000011100010001001001100
10111101100101110000000100101011
10111101001010011000010011010010
00111101110000010100100010011011
10111101101010001001100011100100
10111100101100100101100101001111
10111101100001000111001011100111
10111101111000111010011111100100
10111100101011100100000001000111
10111101101100011001110001001000
00111100100000010001110001011101
10111101101011010100111100010010
00111101101010000110000011110011
00111101110010110110111011011001
10111100110101001100010101010000
10111101110111101001110101110110
00111110000000001010111100011000
10111100001001111000001111001001
10111101101110100101010100010110
10111100100010111010001101111011
10111100111001011100010011100000
00111010101010110011011100100101
00111101011001100001010000111111
00111101000110111001100010001001
00111101010010100001111100001111
00111100110011111111001010101001
10111101101100111101100110101001
10111100101011001111000110110001
10111110000001000111001111001000
00111101100000000011101110000000
00111011101001010001111110111011
10111101110100011110100100111000
10111101010001101001100011110001
00111011110001110111101100011001
10111101011011001010110110010111
10111110000101100111011010100100
10111011101010001000100111101011
00111101011011111111011110011011
00111101100000101000000110011101
10111100011101110011111000100001
10111100010100011010100011101100
00111100010101110010011101010101
00111101101000111011011001111110
10111101100100111000011101111110
10111101101001100101001000101000
00111101011011100110100101010010
10111101101010111011011000110111
00111100101000000110100110110010
00111100000001001110011100001001
00111101010101011101011011000100
00111100011011010101100011111101
10111101011000000100110111111101
00111100111100111111111100100011
10111100100011001100001100110000
00111101100100110011000000000101
00111101100001010100011001001100
00111101000110111111100001001111
10111011100011100100111011011010
00111100010111010110100101001001
00111101001101010111101010110010
10111101100111010010101100001011
00111101010011101100111101100110
10111101011010011010111110000010
00111011110000001110001000110100
00111101011001111111000100011111
10111100111000001001010011110100
10111101001111101101111111011110
10111101100100010001110011110101
10111101000010110001110110100000
10111101000101001011111100001001
10111101010101010011100010101100
10111101001111100010011011001101
10111100111111000000100110011000
00111101100100010010110110111100
10111011001000001111111111111001
10111101000111010001001000111011
10111101101010101111111011011110
10111101000010011100011000101100
00111101101001001101011100011100
00111101011010010111110111000001
00111101000001100100110000100111
00111101010011110011010010110000
00111101101011110011011010010001
10111101010000101000000110010111
00111101010110111011000010010101
00111101100000000001010001010001
00111011100010101101100110100010
10111100100100110101010110011110
10111100101101001011111100101101
00111101100100010101000000101001
10111100110110010011010000000101
10111100000111110101111111010110
10111101000000001011010001001001
00111101101100101110001101010001
00111100001110100010000010011001
10111101100010110011000110010010
00111011000110100101111000100001
10111110000010000011011011101111
10111100100001111001000000110010
10111100110000010101001100111110
00111101010011111100001011000000
10111101011010011110000101111000
10111101011010011110111000100000
00111101010011111010010011101010
10111101001100011111101011110011
10111101111001001000001000010110
10111100011100110011001101100010
00111101010001100100011000010110
10111101100100110010001111101100
00111101101000110011110101111010
10111011111111111001000110000000
00111101000111011000101011001111
00111100010111101010001000010011
00111101001111000010111111011110
10111101101000101000111101100011
00111101010011101110100010000001
10111101000011100000010000000000
10111101011011010010110111110111
00111101010100111001001111110101
00111101010000011100111101001000
00111101100011110000010111001110
00111101001100110001111000011100
00111101011000000111000110110101
00111101001010100111011010110010
00111101010010101010100011101100
10111011101001111011001001111100
10111100111011001110011010001001
00111101000101100010101001101100
10111101100001010010000001001000
00111101001001111011010111110001
10111101110000101011011110010101
10111101100111010000001101000111
00111101101101111100011001010100
10111101010001111111111000010000
10111101001001110100110001101101
10111101010010011000111100010100
00111101000110010000001110001010
10111100110010110001100111111111
00111100101010111101010001110100
10111101100001101000101111001001
10111101110000001110111010001011
10111100111101010110111010111111
00111101101101101001001011110101
00111101100011010110011111110100
00111101000100011011101110101010
10111101000001010110000000000101
10111101001110111101010111011111
00111101110110010000001000100111
10111101011011110010001110100000
10111101100000000000111100110101
10111101101010101001110110010000
10111100101110110110001011110001
10111101100010100110001100111100
10111101000001100010001101000010
00111011111010100011001001001001
10111100101000111001000111100011
10111101000101111000000000100011
10111011000111100100010110000010
00111101011011011110101010101010
00111110001111110000110010100110
00111100101111011000101011011111
10111101010111111000110101100000
00111100001111110000011110010011
10111101010100101101101000001100
10111101001101010010011110001000
00111101010010010100110100111111
10111100101011000000110011111101
00111011100110010000011100001101
00111101010000010001001110011011
00111100000001001001111100110001
00111100000001000001111111101000
10111100011001001100011011110111
00111101010001100000111110110001
10111011101100011011101011000001
10111100101000000000100000110010
10111100000100001000101010001000
10111101110110011011111100100001
10111011101011000000111100001000
00111100010000101101001001111110
10111110000001001111000100101110
00111100101110010110101110000000
10111011111001011110100011001111
00111011110101001010111100000010
00111100100011110000010001010010
10111101100000010100010000101101
10111101100101001101011010111110
00111101011110101100011101001010
10111100110000011100101100011111
10111011101000001101011111110100
00111011011010010101101000001000
10111011100000100000000000101001
10111101101000110110001010111111
00111100111101110011101110110001
10111101101100000000110110101011
10111101111001100101111001010010
00111101011010110111110010000011
10111101101101100011101110111110
10111101000111111011101101011010
00111101100100000010000011001011
10111101100100010110111100100101
10111010101101101101001011111011
10111101000110011011101110110010
00111101100100010101101111101110
10111100110011010010111100010101
00111100000001000101000101100111
10111100100001100101110000001110
10111101010101110010100100101110
10111101101111111111101111101000
10111101110101011000100101011101
00111100011110110011010100001011
10111101101101010110110001101001
00111011001100011000111011001010
00111101001001001011101000101011
10111101110010110011011000100110
10111101011100110000001011110100
10111101001100000010001111000111
10111101000010010011110010111011
00111101011001111100010101100111
10111100001111111001110110100100
00111101100010111100001100010010
00111101101010000010001101010001
00111101010100010011111001000110
00111100001110010011001111100001
00111101100010010010101100000110
00111101000001110011100010101011
00111100111100011001011010100110
10111101001110111001001100000110
10111101000100011010000110110010
10111101111001110110011011000101
10111100101001010011000100110111
10111110000111001101101110010010
10111011010110001010000000011000
10111101011111011111010111111010
10111100101101010000010001000010
10111011101110110000100100111000
10111101010011111010110011011100
00111101000010001110011010111010
00111101110100110101101011110100
00111101100001101110011010010000
00111100110101101101111010000000
00111101001011001000000001111001
10111100010011111010000010110000
00111100101000011011000110111110
10111101010011100111101011010101
00111100111100000010011010110001
10111101100001100100010101101101
10111011101111111110100110011001
10111100101000000101111101010000
00111100010001101110000001010100
10111101000111000000000111001110
00111100000100100011100011100100
00111010101111011100100010001110
00111101000011110111111010110101
00111101011000000100001100111100
00111100001001111000001100100000
00111101100111101011011111101010
00111100001000000110101111010110
00111101100011101111001001011001
10111101100000001001001001110101
00111100000100100010101000100111
10111101001011001101011010011111
10111100000010000011111100010100
10111101000011100100111100000010
10111101001101101111110000000100
00111011100101101010110111011111
10111101001100010101001101101010
10111100100110011111100010011111
10111110000000101000100111110101
00111100100111010110010101110001
10111101100000000101110101100000
00111100011111001110000101011010
10111101000000101010111110111010
10111101001010101010101011111100
00111100100010111011111001100101
10111100101000110100101101101111
00111101101010000010100011111010
10111101011100011011110000110001
00111100101010100011000111000011
10111101000000100011100001000011
00111001100011100011000101011101
10111101001101101110110011101101
10111101100011011000101100101110
00111100111111110001111010000101
10111101101000111100001111011100
10111101001001011101111010100110
10111101011010101010101111110100
10111011001010010001010101010111
00111100100011000010000110011100
10111101110010111100101000001100
10111101011100111010101001011000
10111100111101100000000101111010
10111101001110101100100101101111
00111101110110010111011111111011
00111100001001010101000000110011
10111011101001100011001000101110
00111101100111100010000110000010
00111100001011000010110011100010
10111100110011100101000000111100
00111100000010111011111010001001
10111100110101001110101111010110
00111100110001010111110101101000
10111100110111000011110010000110
10111101000110010111011011100111
10111100110100110100100111101100
10111100001000111111010010000101
10111101010101011000110111110110
10111101010011100011010011101001
10111101000100010011011111010000
10111101101100100111110011100111
10111101101111110111001011100110
10111101101110010111000111111010
10111100000111110000101011000011
00111101011101010100001111010111
00111011100100011000100110111010
10111101001100111010011011111111
10111100110111100110101000110100
00111101000001000011111010001100
00111100101001111111001010100101
00111110001010100011110010100010
00111110000110011000101001000111
10111100011001011010101010000001
10111100101001100100011001000001
00111011111110101000000110001011
00111101100011100101101010111111
10111110000001110010011100111010
10111100001010110000111110110100
10111101000100110010010100011011
00111100101010010111110111100001
10111101100111000110101010001000
10111100100111110001101010010011
10111101010111100101011011110101
00111100101101110001101011100001
10111011011101101101001100111100
10111101000101001100111010011100
00111101011011011111110011101011
10111101000011101010100100101001
00111101001111001110111111011000
10111101100111000111011100011100
10111101000101110001001100011010
10111101111010100000101101111101
10111110000001011101000010100110
10111101100111011001101111110001
10111101110010100111101001010000
10111101101110010111001101001011
10111101100001010110000100011010
10111100010111110111111011111000
00111101100000001010001001001111
00111101001110111000010011000111
10111101100111000101010111010010
00111101100000001101001110010000
10111101010100011100110111111110
00111100110100100101110100001011
10111100100110110110111001101010
00111101010101100101110010111011
00111100001001010010011110001110
00111101100000100101100011100000
10111100010100000000101100011101
10111101001011100011001111100110
10111101010011100010100000001001
10111101010000001101111101010111
00111101110101000110111100111011
00111100101101011111001110100000
00111101000000111101110110100001
10111101101100111000011000000011
10111101010010111010001110000000
00111101101000000111011111011000
10111101101011011111111100000100
10111101010001001110011111111101
10111101100111101100101000101110
10111100111111011000011101010101
00111101100110000110110000001111
10111100000011001011011111010100
00111101010011010111000101010000
10111101010111000100001000000111
00111100100000011011011110100101
10111011111000010000000101100101
00111101000111101100010110100001
00111100111011100011001000101000
00111101000111011100010011100001
00111101101000001110011001100010
10111100010101001101000001100010
00111011101000101110000010000100
00111101101001000100100011111100
00111100101100111111100100001010
10111101100111100011000100101010
10111100010111100101110110100101
10111100110110011110010110011001
00111101000010100100101100111111
00111100000100001111010001101110
00111101000110111001011110001000
00111100101011010010110011010010
10111101010011100101101110100110
10111101001001000010110111100001
10111011010011000011011100110000
10111100110110111001111010100000
00111101000111010101011110001111
00111100001001000001101001011110
10111101101001111011110101001011
10111011100000000111101011101001
10111100111110000110100101010111
10111101001000110011000100011001
00111101101100100111000010100101
10111100111110001110010010101001
00111101001000000110100111001100
10111101000100110010111101100111
10111010001001000100110000101010
00111101100001101111111110111011
10111110000010010110000111100001
10111101110000001011010010010111
00111101011101010101011111100000
10111101010101010011100111001111
10111100101110001101010101101001
00111100101101111000011111011010
10111101100011001101011010000011
00111101110001110110110010101110
10111101001011010001010000100100
00111100111110011001111110000100
00111100010001100101111111111101
10111101001010010111000011100110
10111101101010011100110010110100
10111101010001111110010001111111
00111101101001011111110000010010
10111101000001101010110100000001
00111101000110111111010011001000
00111101100000110100000111011011
00111101101110011101101001011110
10111100100100001110001110010000
10111100101100111111011100101001
10111100100000010011110111111010
00111101110111011000111001101000
00111100100000011101010110000001
10111101010001000010100101001111
00111101100101110111010001001111
10111100010100000111011010110101
00111101011000101011000011010010
10111100001100001001110110000011
10111101101011001011100111011110
10111101001101010101110111100001
10111101100011000010001101011111
00111101101100010000011001011011
00111101000110110111100101010011
10111101010111000110110000111110
10111100101011111111110001100001
10111100001011000000011000000001
10111100100010111111111011111001
10111100101101101101010111111011
10111101001100011101000100011000
10111101010111110101000110010011
00111101110110111011011001111111
10111101110110001110100101010011
10111101101011001100111001111101
00111101110101101011110000001111
10111100110010101010101111101001
00111101101011110110010110101011
00111011110110001010001011000000
10111101001000110000001101011110
00111100111010001000000000100101
00111100101100100101001100000100
00111100101110010011010010111010
10111101010111001001100101011111
10111101100101101100000110110011
10111100011100010100111001011111
10111101011101110010000111001001
00111100110001001101111010011010
00111101110101010011001010001101
00111101010111101110100111010101
00111101110101100011001111101000
00111100110101011100000110110100
00111101101110000010101100001001
10111101001110101010010000001111
10111001101110001011000000110010
00111101001101010000111110011111
10111101010010101100010001100101
10111101010110010101001010111111
10111100011001100100101010011010
10111101100000111110101000011111
00111101001010001010111011000001
00111101100001101000011110101110
10111100011011000101001101011011
10111101101101100101010100110111
10111101010101111101110100100100
10111011010100110110000111111100
10111101100001010000001111100010
10111101010001111001000000110111
00111101100001000101111010110111
00111101001011001101110010001110
00111100011110010111111110000111
10111101101111111001011110010000
00111100100001000000001000100111
00111011101010011101001011110010
10111101100000110101000011001110
00111101000101011100010001101110
10111100111011101101110111011110
00111100100101110100111110100111
10111100101001010000000110010101
00111101110001101011011001010010
00111101101000110111111000010000
10111101010010000010101011011010
00111101000100000101101011111110
00111101011010100111010100000111
10111101001100100100011111001001
10111011001010010001110000110100
00111101101010001100101010000110
00111011110100000101001000101110
00111100010010111001011110010101
10111101001100000000001100101010
10111101100001001111010111101110
10111100101001101110111101001111
00111011101011110110111011000101
10111101110001000111111100001001
00111101010100000001110011010010
10111101000010000010101101001101
10111101011111001001010111100011
00111101010001100010101100110000
10111100011101110011001101110111
10111011110001010010111011010100
10111101000010010101000100111010
00111100100110101000110000111111
00111101001101110101111011101000
10111101000101001010000111011101
10111101011100110011101111101100
10111101101011100101010000110010
00111101101000111111000111101100
00111101100101001001111010111110
10111101010101110010000010110000
10111101000000001000101111011101
00111101001011000010100011100000
10111011111100001001000110011101
10111101101101001010011111100010
10111100111101000011110010001111
10111101100110011000011111110000
00111100100110001110011000100110
10111011101001010101000100110111
00111101010000100001001111111101
00111100010001001110000001101000
10111101001001101101010010111101
10111101100010111001101001011110
10111101010001110111101111010000
10111101011101010100110100110000
10111011110010011000100001111110
10111100010000110010100110101100
00111101101111010000010000101110
10111101000010111101010110000010
10111101001010111000010000001000
00111101110001000010010111000001
10111100010010111000011110001001
10111101011100111100110001011111
00111010101110101110110000111000
00111101100001010111011110010101
00111101011011111101111110001011
10111100111110100111010011100000
00111011111010100010111111100000
00111101000100011000101001000101
10111011110100101000000111000000
10111101010001111000111000010001
00111100100111011011001111000100
10111101100001101100000000110000
10111101010101101101001111110011
10111101001101001000101000100111
00111101100111001101011001110001
00111100100011101011011011001011
10111100100101010010111011011011
10111011011110101100010100101110
10111110000000111110011011010110
10111010110011100000010111101100
10111101101110101010000010000010
00111101001101110110000011101100
00111100100100111001001010101001
10111101000101110110100101110110
10111100101011000010100111101000
10111101110001111100001000110011
10111101001001111100100011110101
10111101100100110000110010110111
10111101011110010000100100011010
10111101100010111011110010011100
00111101011000000010000101000101
00111100111100011001000010110011
00111101001001111111110011110110
