00111101001000011110000001010010
10111100100010100110001111011000
00111100110100001000110000100101
10111101001110101011011111000100
00111101001010111011000011011000
00111101001000010100011001000111
00111011111111100110111010110010
00111101101111101110000111110011
10111101000100000111110010001111
10111101110011001011100111001001
00111011111101000010001100101110
10111101110101101110110100011100
10111101010000111011100111101011
00111011110010010001000011111100
00111100011000001000110011010000
00111100010111010011011000110111
10111100111100000111000001001000
00111101001100001100100001100100
00111011001001111011001000111011
00111101110010011010111111111110
00111100000001010011111010000100
10111101011001011010111101010100
10111101110100100001110010110011
00111100111110111101001111001011
00111101101110011000000110110010
10111101111000111010100111011001
10111101011101001111000100011001
00111101001101011001001010010001
10111100110101110100110010010110
10111101101111011100000110100110
10111100001011011111001001111001
10111100100111101011111001010101
10111101000000011000001000000100
00111100101010110001000101110010
10111101011001101100110000001100
10111101001101111011111001001110
10111101010110001111101001000001
00111101000011111001001000011111
00111101001100111001110001100001
10111101010001010111111001100100
10111101010010100000000111111010
00111101010101100000000101101111
00111011110011101110000010010111
10111101010011100000110100101100
00111100100000111010111111001011
00111100011001111100000000111000
00111010100000000010101000100101
10111011101011110010111100111010
10111101010001001000000011001100
10111011110111011100000010010001
10111101000011111010110001110011
00111101001001001101001111001100
10111101000010001011000100100101
10111100011100110101101011000111
00111101011110110110100100010000
10111101000111000110111100110011
10111100101011101000000110010100
10111101010000000101010001011010
00111010110011011100011100010000
00111100100010000011100011011110
00111101010001011011001010001111
00111011111101110011110110100111
00111101100011100110011010111010
10111001111001110011101111001101
00111100100001101101101000101101
00111101100010111111100100000001
10111100110101010001100100001110
00111100110000000101001110000111
10111101011010101001001100101110
10111011111110110000110011100001
10111100100110001000101101001111
10111101100000100000100110111100
00111011111100101001001110101100
10111011011100101011101101010110
00111101001000010100001010011000
00111101011100000011011111011101
00111101100100110010101001111010
00111101101001010110001101110111
00111101011110111101110010000000
00111100111101101010100011100101
10111010111111111101110000000110
00111101101100100001010011111111
10111101011101101100111110111011
00111100111010111111010101011001
10111010101011100111010101010000
10111101011011001111100100011110
00111011000101001111111000101100
10111101000011001010100000001001
00111101011101000101010001000010
10111101001011101101010001001111
10111101000101100010001011111010
00111101000111000110010101101010
10111100111111000011100111111101
00111101000110110110000110101011
10111100100010001100011111100100
00111100111111010111111001011001
00111100111001001000111000111001
10111100010111010110001100001001
10111101100111100000101110101011
10111101001010111110100101010100
00111010111011110010001111000110
10111101011011111111000000110110
10111101100001011000000001101110
10111100011000010011010110010010
00111011110001001110100110001010
00111101011010010001010001011000
10111100110001100010101100011001
00111101000011011001111110011001
00111100100111001110010000111001
00111100101111010100100011010101
00111101000001001101111111111100
10111101001010010000111011010000
10111010000100101111110000110110
00111101100111001101011011001010
10111100100001010000010110011000
00111100010010000111110111100111
00111101100010001101010100000000
10111100111000110001010100001110
10111100010100000011110011001000
00111100100101010000111011010010
10111101101111001100101010101111
10111011101100101010101110010010
00111100000101110101111111101010
10111101000010000001011101001010
10111101000100111001010000100100
10111101000110010111110100101000
10111101100110101101110111001111
10111101010011110000011111011100
10111101100100100010000000000011
10111001111101010100101110000010
00111100100110000110011001011000
00111100101110111111011010001000
10111100101101101111001000000101
10111101001011001011100100011000
10111100110000000111110010011000
10111011101010011011110010001100
10111100011110111100010010100100
10111101011100101100110101100001
10111011000100111100110001110001
00111101000001110001101110000011
10111101110101011011110100000101
00111100000101110011001111000000
00111101100011001001011101011100
10111100110101000011001101111110
10111101000001101101001001010010
10111101101010101110011000110111
10111101000011001010111000000001
00111100111110111101111101001100
00111100100010100000001000101010
10111100001100110110001011110101
00111100111001100101011110011111
00111101011011011010100101100001
00111101000011100001101010110111
10111101101001011100110011010100
00111011111101111100110011000110
10111100110100011110101110000111
00111100010110011111101001000100
00111101011010111000000101011101
10111100111000111010000110011110
10111100100111110110111100111101
00111101010111110000101111110000
00111101011000111001110010011100
10111101100101101011110110101101
00111100110000001111101111111100
10111100001110010101011101011011
10111101100011101111110000111100
10111101010100111101101100000110
10111101000101001001001100011110
00111010100110110111011100100111
00111101101100000011101111001110
10111101001011101000000011001010
10111101000101111010011010001101
10111101101010101011010010111111
10111100110100110110011110010001
10111101000001000100111011011111
00111100000101010111011101100100
00111101110001000001010000100100
10111101000101100001111001000010
10111010111000010000001010001110
00111011010000100000110001101100
10111010000001011000110100100110
10111101000110111010110001100111
10111101001101001111011001110111
00111101101000010100100100011111
10111101010100100000010110100100
00111101001011000100000101101110
10111100101110010000010111101001
10111101100000101001111111101010
00111011100010101101101001110111
10111101100010011011011000010000
10111101110100011000001001110011
10111101000011010101010110110000
10111100101111101100010101100010
00111101000010110110101000110010
10111100111100010000101110101111
10111101100010111111111001001110
10111101011010100010011111110111
00111101100101101001110000100111
00111011001110111011110000001101
00111101000010101100000010010000
10111101000100111101101111110111
00111101011110111110001110100110
00111101001100001101100010001110
10111101001001000101001100001111
00111101000010100000111000100001
00111101101101011000101111101000
10111011101010010111011010111100
10111101011110100001100111010001
00111100010111010101101011100000
10111101010010110010101101011001
10111101001111110100111010011011
00111100111011010110110101001101
10111101100110100110010110010001
00111100001110101010000001101010
00111011110000111000110010011111
00111101000110010111100110011100
10111100101001010000101011111000
10111101000111111010000101001000
00111101011110010011101111110100
10111100010100010110011010100111
10111101011101000000011111011001
10111101001011111100111100100101
10111101100001101000100110011111
00111101010101011101101011111010
10111101101001110101000110001001
10111101001011011010001010101110
00111100011000110100110101011111
00111100100111000111011010111101
00111011001000011000101001100001
00111100100100100001000100011011
00111010100010101010110100001011
00111101010100110001010001011001
00111101011110001000001011110010
10111101100101111000110110000001
00111101001111110111011010011101
10111101110001000111000001110011
10111001100010110011111111101110
10111101100011011110111010110000
00111101100111100011001101101001
00111101010000101010101000101010
10111100011010000010100000110100
00111100101001100101010101110000
00111100100011101000100010000100
00111101101010110101100001111100
00111101001010000110000010010000
00111101001100110000101101010000
00111100111101000010010100100100
10111101100111010100011001010010
00111100100101111001001100100110
10111101011110011111100000001111
10111101010110100001000111100001
10111100100101000110000110000111
10111100100111111101101111011000
00111100110001000110001011100100
00111010001000000001111110011110
10111100111001101000010110100011
00111101000101011100110010001001
10111011101111000101110110010000
00111100011111111100011001010011
10111101011001101101101011111111
10111101001110100010010010010110
10111101011000000010001100000000
00111101100000001110111111011101
10111101001101101001110011010001
10111101100010111000111001110101
10111100011000001001101111100110
00111101000100101111010101110011
00111100000001101000000100111000
10111101001101010000101010000001
10111100110011110110000011000000
10111100111001101000001000111001
10111101010101110100100001001100
00111101010010001001100000011110
00111101010010101000111010010000
00111100101111101010100010010001
10111101100111001111100010111101
00111101010101100101011001011000
00111100101001100110110110001010
10111101000101000110011111100111
10111011110010010100001011011000
00111101101111111010000110100111
00111101001110011011101111101001
10111101011100100110110001011110
00111101100100001101001111010111
10111100000001101111101111010011
00111011110000000011001101110111
10111101010111000000001000111010
00111101010100100010010000111000
00111101001110011000010101000111
00111101101001000001001110000011
10111100011011001100110101101110
10111100101001011001111101110100
00111100110001011110000111010001
10111101000000100100101110100000
10111100111011011110100110010100
00111101010101000100110000110111
10111100010111111000000000101101
00111101001000010110111111101011
10111100100110010011110111110000
10111101011111111000111000011110
10111100111110111100000011111000
10111100100111110111101011110110
00111100101110011011000010001010
00111010110101011100001110111011
10111100101011001100110100000101
00111101110111001001110110100001
00111011110101110001010000110110
00111101101101110000111001010010
10111101010010011101110101111100
10111101110110011101100001101011
10111101101111000010100111001000
10111101100010100101110010110111
10111101100111110001101100110000
00111100111000001011001011000000
00111100010001011001001000101011
00111100011001110100001011101010
00111101011011110010010101111111
00111010100100000110010100111111
00111011110100100011110000100011
10111100100100000000010000101000
00111100110011110110101001011100
00111100101000000100111011110101
10111011100001100000110011011101
00111101100111010010011100111001
10111101110100101101001000100110
10111100111001000101111110001101
10111011000110101101011010000100
00111100111101010011010001010110
00111100010011001100100011010000
00111101100001001100111110111110
00111101010000111100001100000111
10111101100111101011110111000011
00111100101110111011010101100101
00111100011000100110101100110111
00111101100110100011011010010001
00111101011010100001011111110001
10111011101001000011011010101100
10111101001001110010100110011001
00111101010010010010011111111000
10111100101111111010101000010010
10111001001010101100001101110001
10111101000101101100000101000011
10111011101111111111100111100000
00111101001001100100111100010001
10111011010111110010110111100100
00111101000000011000110101000001
10111101001010010011110010100101
10111101001011000001001110111101
10111100011110100001000010000100
10111101010101001110000110001000
00111100111010110010100010000011
10111100111000100010101010111010
00111101100000001110010111111001
00111101001110001010101000100011
00111100110011000101001111111000
10111101011110100011110010001010
00111011110000010100111000011100
00111101100001100010101000110001
10111100011110100100010000010111
10111101000110100010110011001110
10111101010100111001000110010110
10111101100111110000110111001101
00111101000000000011001101001101
10111101010010000101111101010110
10111101100111001011100110010011
00111100100011100001000011111101
10111100001010001000111110101011
00111100000001010000100010000101
10111101000110010110011011100011
10111101000001000110100011111110
00111101001101000011011111110100
00111101010111010000101011110001
10111101001111100011001111100010
00111101000111100001010000110010
00111011001111111101011001101100
10111100110110010101000110000010
00111101001011000110101100101010
10111100110010000001000011101010
00111100110010010100101100010001
10111100101011110110110010100000
00111011110000010100001111001101
00111101010001011101010111111000
10111100011001001011110000111011
10111100000101010010000001101011
10111100010010010101100010111011
00111011100100011010000010001111
00111100110101101101011101100001
10111010001011110000100011010101
00111101010100101101000110100111
00111100100000100001010110011110
10111101100001010001111000111001
10111101101001000101001010001001
10111101000010011100111100000110
10111011011000110010100101110100
00111100110001000010000111110111
00111101000010010110111101111100
10111011111110101001010000110110
00111100100111111100110111000011
10111101010010011000000010110001
10111101011011111000101110111001
10111101111010110101000111000101
10111101010010000001010000000010
00111101001111010101010010001001
00111101110101000000111110111101
00111101001110010110001010110101
10111101001111111000001111000111
00111011011011010101010000001110
10111100110110100111011011100000
00111101000000010011011001111001
00111101011110111010111000000010
00111101000101001000001100010000
10111101001100100111011101001010
00111100001110001010110111010011
10111101001000110101101001010000
10111101011010110011001100000001
10111100110101110100011010010001
10111101010001010010101001011001
10111101000010100110010100100011
00111101100010110110110111000011
00111101101001000101011010010000
00111101101100111110100011000001
00111100001000101100001010000001
10111100001000110010011011110000
10111100010000001010000001110100
00111011101100111000101001010111
10111100111111010110001101101100
10111101001101001111010010011000
00111101011001101100101111001111
10111101011010010011000111001010
10111101010100101111011100110000
00111100011111010011010101000001
00111101001101000011011111010100
10111101001100000110101111111101
10111100100001101011011100010101
00111101101101010110000000011010
10111101000010010111011100001010
10111100100110111010100111111111
10111100011000001010010100100001
10111011111000100000100100000001
10111101001110100010101001010101
00111101100110111100111111111010
00111100000110100010011001111111
10111011111000011101000011101110
00111101000001000000000110110010
00111100110001000100001000001100
00111100000010010000101100100101
10111101101111111111000111110100
10111100011011000011110011011011
10111100110011100101011101110100
10111101001100111010101100110010
00111101000011110010000101000100
00111101100010111101001001011000
10111101100110000101011000000100
00111101110100000010111110111010
00111100010110101011000110001000
10111000101100111110011001010010
10111101001100001010101100111111
10111101001011010111001100001001
00111100010111010011100011011000
10111101000001010101010111000011
00111101011110111101101010111111
00111100000001010001110001011101
10111101101100100011111000011110
00111101000010000111101000010001
10111100001101100111011011100111
00111100111010000001101100100101
00111101100111111110110010011100
00111100100011001100010010000101
10111101000001010110100000011000
10111101100001101100010101101001
10111101000110001010111010010100
00111100000110110010011111110000
00111101101110001101110111011100
00111101001101101100011011010101
00111100110100000000011000111010
00111101010010110110110111101101
10111010000001110010001110011001
00111101100101000000011001010011
00111100100010001101000111011100
10111101010111011010011111110110
10111101001000011100101100011000
00111011111010011111111101011100
10111101100101010001001110010000
10111011000110100110110111101010
00111011100011001001010000100111
10111100100010000101110001111010
00111101100100110110001011111111
00111011010000001001010001111111
00111101100111111000111101001011
00111101101100010110010111101100
10111011101011101111000101000000
00111100111000111100100001010011
00111101011011111100101010101100
00111100101100011101010101011001
10111101001101010100101101110001
10111101110010010100111011001111
00111101010110100011000110100000
10111100111100011110111110001000
10111100111100000010011111101011
10111100101010001100111000001000
00111101100100000110111001000110
00111100110100010110010111100010
00111101011110100010001111000001
00111100001100100001010010111011
00111101111001001001011001000011
00111100010110100110110010111100
10111100011101111100110000111101
10111100011111011101000001101100
10111011011110111001100101011110
00111101000011010111111111111000
10111100110011110111010010000111
10111011100111100010000010001000
00111100100010111111110101001011
00111101010110110011101111011111
00111011010100010110010001101100
10111101100010111111101110001100
10111100100100101000100000100011
10111101010001001010100011100100
10111100110101111111100110000010
10111100111100110001001110101001
10111101000000011101110011110010
00111100010001101001101011000010
00111101011000001001010011011100
10111010011000000010001011100011
00111101000000010111111010011011
00111101101001100011101010111001
10111011010010101010010011110100
10111100000111111011100001001101
00111101110011111101010011111100
00111101010000100011101101000110
00111100110110110101111111111100
00111101001101000111000100101000
10111101000111111001101100110111
10111101100110000011011100110001
00111100100100100100001011110100
00111101010110100011101011111100
10111100111001011000011001010100
10111100110111110110000101000110
00111011111000111000101111111001
10111100111111010111001001110000
00111011110100011010100000101101
10111101101111001011010110011000
00111101010101000001101110001110
00111100101110000001010110000110
00111101100011101111001001110110
00111101001010110001100011100001
00111011000110110100101110001100
00111101101100000000011110011111
00111101110010011100010001101111
10111100010110101111000000011010
00111100101100000011100101100000
10111100010011100111110000000011
10111101100110011010110100111100
10111101111010010011100011000011
00111101100010000001000010000011
00111100111101011100110010000000
10111100100100000010010001101110
00111101100001010100111111111010
10111101011010110101100101101011
10111101101010110111000100011110
00111100001001000110010111010010
00111101000101111010010011010001
10111100110001010111001111011010
00111001111111010010100000100100
10111101100101001110000100101000
00111100110001110010100100010010
00111100010101100100011001011110
00111010000001111000011010111101
00111101010111010100110100010001
10111100110010001111000011011111
00111011111011000000111100000100
00111101011010001110101010100001
00111101001100111001010011000011
10111101000011111111001011001001
10111100001110111000001101100000
00111100000000101011100011010000
10111101001000000001101010101000
10111100001100001010010011110010
00111101011010101111111001000100
00111100110000001101100100110001
10111101001011110100100010010001
10111100000001011110100010100010
00111101011110010011011010110100
10111101001110110101111110101101
00111101010001011010011011001000
00111100001010101000111010011011
10111101010001000001111010001000
10111100100100101001000100001010
10111101100100010011011010110001
10111101000010011001111010100110
00111100010101111011011011000100
00111101011100010110010011110100
10111101000001010010101001101100
00111101101000011001101011011010
10111011100010100111101100000111
10111100000110110111000111100110
00111101001010000100100010100111
10111100111001110001001100010111
00111101011011110101101101010010
00111100111000000111100011101011
10111101100011011001010101000000
10111100101011101011011011000011
10111011100000011001100101101111
10111101101001000100011111101010
00111101010110110100000101011010
00111100010010110100111110100000
10111100100100100110101001110010
00111101100000010010011011011001
10111100101010111010011000001011
00111101100011100010010110010111
10111101001011010010000110000001
10111100000111001011000101111011
00111100000101010000000000100010
10111100011101100111000111111001
10111101001000100000100111000111
00111100100111010101100110000100
10111100110110001010011110110101
10111100100001011010000100111000
00111100111110010100110110111101
00111100110011001111010000000000
00111010001011000111010100011111
00111101000110100111110010110010
10111100100000000110101011110110
00111101100111110100000110100001
00111101001011101110010111000011
10111100011011111001011100001111
10111100011101001000000011111111
00111101001110000001011111010001
00111101100111010010100001111101
10111100001000001011000100111011
00111100110111000000011000111101
00111101100000000110011001000101
00111011010100101010110111001110
10111101000001000011011010011110
00111100111110000110101100000101
10111011110010111111111011101101
00111100000001010111110101000011
00111011100010111101000110110000
10111101000001001101001111110001
00111010110010000101100100100110
00111100000100110101101011001010
10111100111111100100110111111110
00111100100101001111000111001010
00111101000111110000111101100111
10111100101011001010110001010110
00111101111010010001011101010101
10111101010101011111001100111011
00111101010000011111101000111110
10111101000001010001101111101010
10111101100100101001100010100111
10111101101110111101000010100000
10111100101111101000011100110111
10111101011111111111111110101001
10111100011000111000111111001101
00111101101010111001010101000100
10111101011010010101001000001011
10111101001001000011110010001100
10111101000111100000011000001010
00111100100001001001101110101010
10111100001000000000001101101011
10111011110110111000101110111110
00111100101100111010001001110100
10111101001101100100110011010100
10111101001101010000000101111000
10111100110010001101110100000110
10111100110100111001011011000010
00111101010010111000010110110011
00111101000110101101010011100100
10111101010000010011001100001010
00111100111011101111010010001010
10111101010011010100010011001100
10111101001111011011010100000110
00111100001110100110101000010001
10111101001000000111000110011010
10111100010010101001111000111101
00111100110100100110100011000000
00111100000100111100000111010001
10111101010001011000000100111001
00111101010000111011010110110110
10111101100110101001000001100001
00111100101010100101000000000100
00111100110001111010111100100000
10111101000101101101010101110011
10111011111111101101111010000001
10111101001110010000101100101000
10111100110001101000011001010011
10111101100100110110000010100000
10111100101101011011011000110100
00111100101000010010010100000101
10111101101000101000001010110000
00111100010111111010101100011111
00111101010111110011000110101000
10111101000001011101111111101111
00111100000011101111010011100010
00111100111110111000111100010100
10111101100110000001000111101111
10111101001001001010111101101101
00111101100100110001111110001111
00111101100111100101000111111011
10111101100011000010101001010110
10111100000011001110100001010111
00111100100101111110001100100100
10111011100100011111011101101111
10111100000001110010110100011000
00111001101010100000111000111100
00111100100011000011011110011110
10111100100000101101001011100001
10111011101100010010001111111001
10111101100010010101111100000010
10111101101100001010101111000010
00111100111010011010000011010101
00111100111011000001110111111100
00111101000111100110100110011101
00111011111000001110010101100010
00111101001010110011010011110010
10111100001111001111111001001000
00111100100110110100101101110111
10111100100001010000100110111010
00111101000111110101111011011111
10111100110000101010000001101111
10111101101100010111000101100001
10111101101111011000110010101011
00111101000111000101011001011100
00111101000101000100000110111111
10111100011100011100001010101100
10111100111011101011001011011100
00111101111000101011100111001111
00111101101000110000001000000000
00111101110100000011111110010001
00111101000100010001101110101111
00111101100001000001000101001000
10111010010001110101110111110000
00111101101010110011110010110101
00111100111101010010101011011100
00111100001100101001110110011001
10111100101100111000100010011110
10111101010100111100100100101010
10111101010100110001110110111111
00111101000000101111100110000101
00111100100000010110100100101100
10111101000000100101011100001000
10111101011110101111000001010011
10111101000101110111101101010001
10111101100000111101001101000110
10111100100010000010110001001100
00111101011101110011100100000110
10111101111101011101011000001010
10111101001110111111011111101001
10111011011011011100110101111110
00111101100101000101111100011000
00111101101101010101011001001010
00111101011000100100110001010101
00111101101001101100100010111101
10111101011000011111000101111001
00111101010110100101001011011011
10111011101010011010101010101000
00111100010010110001010000011100
10111101100010110101100101011101
10111101101010100011001101011100
00111100010011111000111001101111
00111101000101011000000011111111
10111101000110101100100011000111
10111101010110001001011000101110
00111101001011101110001010001001
00111100100000011111110111001001
10111101011111100100001011001001
00111101100110001101100100011110
10111100011100010011101011001110
10111101100111110101100011000011
10111011000110101001100011100011
00111011011001011001001100111001
00111100111011011011101010110101
00111101001000111011110000101100
00111100000010111111011111100010
10111100000110100110101100010011
00111100101011001100001000101110
00111101101100000011111000001111
10111101011110011100001101101011
00111101001010001110100001011001
10111100101101111110100000010101
10111101010100100001000110001110
00111101001101000101000100111011
00111101010001001011101001110111
10111101001100101001110101011000
10111100111111011000111011100010
10111100011111000011011101100000
00111100101010010100101101111011
10111100100001000000110000011100
10111011000111110001001010000101
00111011001011010000010110110100
10111101101001101110100000100111
10111101010111110111000010001010
10111011111101111001001110010000
00111100011011011100000101011000
00111101001101011101110111001010
10111101010001010100011111110111
00111101001111011010010001011011
00111101001110110011101100101001
00111100101011001101101101111110
00111101000101011001110010110001
00111011111001100111101110010101
00111100011100111111101101001100
10111101010100001011001011011011
00111101010011001110010000001000
00111101001101110101001010101011
10111101000101111100011111011010
10111100100100101011100011011010
00111101000111101111000111010101
10111100100110100100110111111000
10111100000111100100111110111110
10111011101011101101001110011101
00111101101111101011011011001001
10111101001001011001000111101000
10111101001010001110101011111011
10111100011100110101011111010111
10111101100011000001101010111001
00111101101011100010100010001100
10111101100011101110011110101001
00111101001101011010110000010000
00111101000001011111001001101111
10111100111110101001100111010100
10111101000111111001110101100111
00111101010111101001011101000101
00111100101011011011000100111001
10111011100110100011101010010101
00111101100011100101000100111110
10111101001001111100001001000010
00111100101010110100010000100100
00111100101001111001100110001100
00111100110001010111101100101101
00111100011100010001100010000011
10111011000000110110011011011010
10111100101000001001101101101111
00111011110000101111100110011000
00111010110101110100101110001010
10111101010000111010101011111001
10111100101101010100100011111001
10111101011000010010111010100000
00111100110010100001111110110111
10111011100010010101101110110110
00111101000100010000010010111101
10111101100110000101101101010100
00111101001000001110001111111010
10111100110001011010010110010000
00111101010011011100110111110110
00111101000001101001010110001001
10111100100001001101110000001111
10111101101110100101110111011110
00111101011100011010000000110101
10111100110111110010100111000011
00111100110011101000010111110100
00111101100010001111110101100110
00111011011011110101110101111101
10111011100100110101111000100101
00111100110011101110010111001110
00111011011010000101101100011110
00111100000000111011000111110011
00111101010001011110010010110110
00111100111000011101011100010001
10111100101101000010011011100111
10111101011111100000110011011110
10111100111000001011000010100011
00111001110101001111100000000100
00111101010001010101001011101111
00111101001000111100100100001001
00111101000010011111100110100100
10111101010000000100101011010111
00111100101011000111000101010000
10111101101011011001101110101010
10111101111001010011000001100111
10111101001010010001111000110101
00111100000110101000011111101000
00111101101101001111111100010001
10111101011011100100000001111110
10111101101000110100001011100001
10111101011011110000010010111000
00111100111101001000011010011001
00111100011110000111111100001111
10111101000101110101101111110111
00111100010111000000011000101100
00111011110101011000101001110111
00111101010001001000001000101111
00111100011110111101110011001100
10111101010100001000100101001100
10111101100010011110001011010011
10111100110100000101011001111101
00111100010001011110000110001000
00111100101100010011010101100000
00111101001100111011110010011111
10111101101000100011100010110010
00111101100000100011000000001110
10111101100001111001010101110001
10111101000001000101011111100000
00111100111100001001101001100000
00111100110001010001010101100000
00111101001010110101101111100001
00111100100100100011001111011111
00111100010000100011000110000010
00111101001101100110110110010101
00111100010110111111110000111000
00111011110011100111110011001011
10111101010110001011101001111111
00111101011000111100111111101111
00111101000111001001100001010110
10111101101010100101110010011000
10111100111000001000101000010110
00111100100001000011100110000010
10111100111000111100111001110010
00111100111011000101100100010101
10111010101110111001011101000010
00111101100000110101011000001000
10111101001000100001000011100111
10111100000000111011011001001011
00111101100111011010101110101000
00111101001110101111101010000000
10111100101011100110001000111111
00111101010110001110001101011010
10111101111001001001000011010111
00111101001100011001011111000111
00111101000010000111101011101101
00111011110111111010010001100101
10111101001110110011010001010010
00111011000111110100010100000100
10111101001110010101010111110100
00111100111111000101110001000001
10111100100001001100000101001010
10111100010010101010101101111101
10111101010010010000001010110001
10111100101001001110111011011011
00111100110011011011000100100111
10111100110111101110110101100111
10111101001111000100101100110001
10111101001111011001001110001100
00111011110101010100110001100110
10111101011111110001010100001010
10111101001010011000101110110101
10111100101110111001000011110010
00111101001011100011010100110010
00111101011101100011000000111000
10111101001010100001011010000111
00111100010101100001110111101001
00111101000100010101010001011101
00111101010011001011111010111011
10111100101111000000011010111010
00111101100000110010001010011110
10111101000110101011101001010110
00111101001111011010000101110111
10111101001111000111011100111011
00111100100100000100101101010110
10111101010000011000100111001010
10111011111000110011000010011110
00111011101100000010101001010010
00111101011000111111110011100101
10111101000001100010101110001110
10111011110010100001000111011001
00111101001010110011000000101111
00111100000110001011011011111100
10111101100110100100010111011100
10111100101101000001101110101100
10111101101000001001101100010001
10111101010011111111110111100001
00111100110100111001111111100110
10111100111101001101001000011101
10111100100111110000001101000110
00111100010000001110110001011100
10111100100000010001101000001000
10111100001001101110101101100110
00111100001000100011111101101111
00111100011010110011000110001101
10111100111100101111100100011100
10111011010001101001110010110001
10111101100101100011011110000000
10111101010101001000110100111001
00111101001010101010010100011010
10111100011001001101110001101110
00111011110000011110100011010010
10111101001111000110110010101100
00111100110001010101101011101000
00111011111000111011100111110110
10111101100110000011101101100000
00111101011111100011010000010101
10111100101001101000011101000100
00111011111000100001010100100110
00111100110111101011100001100011
10111101101000110001011011101111
10111101010101010111100101110111
10111101000110010000010010001101
00111100111001110001011001111001
00111100110010000011111001101001
00111100110100101101010111111001
00111101010001001000100110111001
10111101111101111110100000110111
00111100001101010001101110100110
00111101110100111010010001110011
00111101000101001010001101101101
00111101100000001110101110110110
00111011101011110001011100001110
00111101000001001101111110001101
10111100100010110001110111011111
10111100100111001011001110010100
10111010111010011011110101101111
10111101010110000111001110010001
10111101000100010100101100110100
10111011110100101111001101001100
00111100100111101001100100110001
00111100111100111101000000111100
10111101000001011110101000111111
00111100100010101110110010011010
10111100010101001011100110000001
00111011010000001100110110100101
00111101000011110011011001001100
10111100010011001100100101010011
10111011000011010110100100101011
00111011101010100000001001001010
10111101000001010101110000001001
00111101100110110010101111011000
10111101101001101001101000101011
10111101101000101000010100011100
10111100110101101100101000001111
00111011111110011011011010000001
00111011001000110110000011100101
10111101010100001001010000110011
10111101100011011100000101100001
10111101010110111010010010000000
10111101100000100000000010010011
00111100100110011000010000101110
10111101101100000001100101101110
10111101111000111101110111001111
10111101010000000000100011100101
10111100101110101100110101001111
10111100111100110111101001100001
10111100111010111111010010001111
10111100101011100010001100000110
00111101100010000001010010111011
10111101000110011110011101010011
00111100111100001111010000101011
00111100010101010110111111010011
10111101100110001011100011010010
00111101011011101010010011101110
10111100100000001100001101000100
00111011111010110110111010010100
10111101000000100111010010011010
10111101001000000010001011110000
10111101011101001000001111100010
10111100000011100110111001111101
00111101000101111010001001111000
00111101001001010010110001111111
10111101010101110101010011000001
10111101100010011001010100101101
00111101001100100001001110110110
00111101100010100111011000100111
00111101100000010000101001101100
00111011101111011011000011100000
10111100010110111011101000000110
10111011000111100011101001101011
00111101100100010010011100001000
00111101010110010100110111110011
00111101100000000000001101111111
00111100111000000000111001001111
00111101010001011010000101000110
00111101000101110011101111011101
10111101011111000001111101101111
00111101101100100000010110100111
00111100100110100110001000101001
00111011110110010001001110011101
00111100111010111010110010100000
10111101100001011100000010111000
00111101001000100101100010011110
00111100101001100101100101000101
10111100110011000111011110011010
00111101001100000111111110110100
10111100011010000011001011011001
10111100100000100010010011101001
10111101001000111010010110000010
10111101100000110011001011101111
10111100110010110011101111011111
00111101110011001001100111100010
10111101001111101110001100011000
10111101010101101110000010110100
00111101000101011000001100010111
10111101000101110000001001000010
00111101000010101111000100110000
10111101100111000100110011011011
00111100101010011001000111000000
00111100111001110110100111100110
10111101000001111100111110000101
00111101101101001000000110101010
10111100101001101100100110000101
10111101000101011110111110001100
10111100101011110111110110100111
10111100100101011110110100101001
00111101101010100000001101011010
10111100100010011010001111000001
10111100011101010011010010101000
00111100010101111111000111010111
10111101010100110001011100101001
00111101101000010100011110100011
00111100100110011100011011000101
00111101010001101010000000101111
10111100010101110111001101000111
00111101100011010111010001101010
00111101001010110000100110000110
10111101110100000111000100100110
10111101000100110010011100111011
10111101000000001000010100011011
10111100101000001000101110010110
00111101100010111011010101100000
10111101000101110011101011001000
00111101001100000111110000010111
10111101110100001011001110100001
10111101000100110000100100110110
10111101010111001010011101011101
10111101111010101000110110000000
10111100101100001111011111101110
00111100000110110011000101100101
00111101001011100111111111110001
00111011001001110101011101010001
10111101011001001111000000100000
10111101101010000110101011111001
00111101101001111011111101100111
10111101000011000011001100000010
10111101001001010011110101110100
00111011110011111101110011110111
00111100100101101000110111100110
00111101100110110001001111111110
00111100101001000111100100010010
00111101101111100100100011101001
10111101000001011100101000101010
10111100011111110011101110010101
10111100011010111111011101101011
00111100111001000001010011011010
00111100100001010011110000000110
00111100010100101001110110111011
10111100110100000100000000010101
10111011101010011011000101101010
10111101100011001010111001001001
00111100010101100011011001010100
00111100111111100000001100110011
00111100000100110001110001001010
10111100101111000111001100101010
00111101011100010010101110001101
10111011010101010101010110100001
10111011111100011100101101101100
10111100110110000110101011100101
00111101000001100011001011110100
00111011111001001111100011110000
00111100101011011111101111111000
10111100100000001110100100011111
10111101010011110011010100111010
00111100011100100111101001101001
10111101001000000011101100001000
10111101001010000011100011101000
