00111100100100100100000110101101
10111100011000001001010000001110
10111011010101100000001111001010
00111010010011000110100001110001
00111101001100010011000111001011
10111101110101111010011110101111
10111100101011010000100011101001
10111101000011011001011110001110
00111100111110011010100111110010
00111101110100110111011000101110
00111101110010111000011101010010
10111101000100000101101000100001
00111101001010010101010111011110
00111101011111011110101011111111
10111100000000000011000100101011
10111101101101001100101011111011
00111101011100110011101011001111
10111101000110111010110101010000
00111101000101000111011010110000
10111101111010011001101100101010
10111100110100011010110010111010
00111101000011111110010010000100
00111101010011111100000110111000
00111100000100111001010011000011
10111101001010011111111110011001
10111100101110100010000111010101
00111100101001100000001010111001
10111101010011111010010010111001
00111101001010001011111110100111
10111100100001010010011111010100
10111101000110011110110001101111
10111100001010101100110100001101
10111101000001001000101001010110
00111101101100000110101110110101
00111101011010101111000111001110
10111101000101011011111010100100
00111100101100011101011011000100
10111100010101101111100101011001
00111101101001110000010110000001
00111101000010101001001101110110
10111101001100100110110001110101
10111100000001111110001110011110
10111100111110001010001100101010
00111011111010110100001101010000
00111010101011000100010000011110
00111101011011100100110011100001
10111101001100001010101101111010
10111101000010000100100010101100
10111100010110010001101100111011
00111011101110100111010010111011
10111100110001011000001110101001
00111101001110101100000010100110
10111101100110001000010001000101
10111100100101101001101001100110
00111100110010111101001001000001
10111101100001101101010001111000
00111101010110000101000101011001
00111100100100100111110111000111
00111100111001110101011001101010
10111101011001111001101010110000
00111010011010011100001010010110
10111101000100110011010010001111
00111101010010001001010100110110
10111100000011001111000101110010
10111101100010100010111001011101
00111100101011011010101010000111
10111101000011011000110001000000
00111101100010001000110100110011
10111101100001100011001010011011
10111100100111100111101101100101
00111100100110110010111010010101
00111101001000010101010010101011
00111101011011011000000110010111
00111100111010100001001100011110
00111101101111001000100001110001
00111101100101111001010001010111
10111101001000011000010010111111
10111100100000100000100001010101
10111101000010001001010101001011
00111100101000100001111011101100
10111101100010011010110011000100
10111101001110011001000100101011
10111101100100001101010101101001
00111100000011110000011111010000
10111101011011001011111111110111
10111101101000011001000111111110
00111011110101110100001111101011
00111100001011010111011010010000
10111100100001001000001100001001
10111101010101110111001011100010
00111101010010000110001101110011
00111100111010101100001111111111
00111011111011001001100010111111
00111101000001011111111101000111
00111100101010011010010011011010
10111101000100111101111111100000
00111101001001011111000110001111
00111100110110010000011101000100
10111101000111101010100000101001
00111110001100101000101111010111
10111101100001110010011000110010
10111100111111101100001111011110
00111101101011011011001010101100
10111101110010101000111001110011
10111101001111111010000010010001
10111100101111000110010001001101
10111101101100110111101110110111
10111100100011111011011110001100
00111101001111000000011000010000
10111101000010001010010001000000
10111100000011011010001110011001
10111101100101101101000111010010
00111101000111010100100101011011
00111100010100111000110111110001
10111010011110010001110000101011
00111101000011010100101000000001
00111100100100011001000100011110
00111011100111001100110000111110
00111101010010011011111000001011
10111101001011011001111111101101
10111100111100010101101010100110
00111101011000010101000011000111
10111101001111111101110000000110
10111100100001101111001111000111
00111010100011001001110001001101
10111101101101111011101111011100
00111101011010000111100101100011
10111011110101111100010110011110
00111010101000100100111001001000
10111101000000011011001100011000
10111011101000100000011100100111
10111100110110010100010100111011
10111101010110100001111111110011
00111101011110111110110111010100
10111101001010111000010101000111
00111101000011100001011010111111
00111101100011111010001001011000
10111011110010001001011001111000
00111101001000000001001100010011
10111101100101011011000011000001
10111101101010010001000001001001
00111100000010110000000101110010
10111100010001010110000011100010
10111101000110100000101110000011
10111101010000111111011000101011
10111101000111000001110100100010
00111100100001100100010000001010
10111100101011001100111001010100
10111101001111011111100100111010
00111011100101111000111111111000
00111011011110011110110100110000
00111101100001011110100011111111
00111100111110010101000100001000
00111101000010011001001010011010
10111101001101000111111010011001
00111100111011011111000100111101
10111101100000011111010001010101
00111100101110010100101110100111
00111101100101110111011101111101
10111101010001010000010000001110
00111100110110011101010011000111
00111101011001010010010110011000
00111011010000111011001001111100
10111101001101111111110000001011
10111011000110101001100000111100
00111101001010100011011000111000
00111010000101010101000001001100
00111100001111100101100001101100
10111100010000111100100110101111
10111101001011000011010101110110
10111101000111110010011100100100
10111100110011111001010101011111
10111100111011010100000010110010
10111100101111111110101001110111
00111101001100010111101010100001
10111100011111101010110101111000
10111011001000010011111001100110
00111100010010110100111000000101
10111100001000001101001000011001
10111100100101001000100100011010
00111100000100110000001011100001
10111101000011000101010000011101
10111101001110110001010011001100
10111100100010100110111111000111
00111101001100010001000100001111
00111101100100010110101010111000
00111011011001000000101111100001
10111100111011101110011001010001
00111100101010111000000000001100
00111101100100001011101010011011
00111101101001111110100000011110
00111100110101011100100011111110
00111011010100011110000011000101
10111100100110000000000100111110
10111101100001000011000000100011
00111101101001000101010001001001
10111101100001111100110000100010
10111100101010111111110010110000
00111101001000010010010001011010
00111101001101110000101000011101
10111101100000111101110001010000
00111101010100101000010101111100
00111101011000101011000010000110
10111101000100010111100001101111
10111100111001111001010111110010
00111100100101001000101111110110
10111101010111100111110101100100
00111011000100011011111101010110
10111101100001011101111111001100
10111101100101111100011110010000
00111100001110110010001101101101
00111100011000001001001001100001
00111100011101000010000100101001
10111101110010001111000011111101
10111010011100100100001011100000
00111101000010010111001100011110
00111100111000101010110000011000
10111101000110000100001101011100
10111101011011000011110000000010
10111101011101000101011101110101
00111100111000101111101010100110
00111010110001110001011001110001
00111101010010001110100110101101
10111101010000110100010011000010
10111101010010010110101111000111
00111100100111111110101111111001
10111100010000000010111111101000
10111101010001011111111110111110
00111101001000000000000011001111
00111101100001111011100011010011
10111101001011011100100110000000
10111101010111110010000010110100
00111101000101111001101110110100
10111010100101010100101010000000
00111100111001100010010111000101
00111100100101000011000001000011
00111010111001100000110101000111
10111011110001100100011001000111
00111100101111111110010111010011
10111101011110001001001110011011
00111100111001001101011011001101
10111101000010100001001011010110
10111100101000000010110010110010
10111101011001001110111001001011
00111101000110110100100010000000
10111101101101000111010000011001
10111101101000111100011010100011
00111100100001001111001011110010
00111101000100000110111101010111
10111101101000010011100001111100
00111101000011001010010011100010
10111101100011111000101111010010
10111100101001010011001100100011
10111100100110000100101101111010
10111100001111111111011110110010
00111101010011101001100011111101
00111100110111101111110000110111
00111101001011010010111000000010
10111101010110110001111101001011
00111100000001101000110011111101
00111101100011011110010101011011
10111101100011111100010000001101
10111101100000010100111100110000
10111100110110111110010001101100
00111010101110101011111100000100
00111100101101010100000000110100
00111101000111011011101001100000
10111100101011101111010100001111
10111101010010010100000011000000
00111101001101110101100101001010
10111100110000110110011110101110
00111011001010000010111000000100
00111100010000110001111000001110
00111101100010100111100011110010
00111100011000011100001110110111
10111100110101111101100101101001
00111100110011010011101011101000
10111100111000101001000100110010
00111101000110001011001001111001
10111100110111000010001100011110
00111100000000000111100000110100
10111101101011111011011110001001
00111101101010101000111001010010
10111101100011110001010101100100
10111101011101110010101101010010
10111101100010000010001000111111
00111011101010100011001000011110
10111010010100001010011011000011
10111100110001101001100011100100
10111100100000001010110010110101
10111100011111011001010111101100
00111011010111011000011000111010
10111100111011000110001011111000
10111100000010111010101110110110
00111100000111011010101010111100
00111100100100100010001110100011
00111100101111000110110000000100
00111101011000001001110001011000
00111101100011110010100100010110
10111101011110111111011000000011
10111100111000001110010101011000
10111101010110000000101100000001
10111101010000101110101100100111
00111101000101001010111011000111
10111101001101011100000111010110
10111100110111001111010000111011
00111100011000110101110111111101
10111100000100011011110001011101
00111100111111101000000101001111
00111101001000010000010101100101
10111101110110001000100100000111
00111101001011101110110111000000
10111101011010011000001011011111
10111100101011110100011011111110
00111101000000100100001111101010
10111100100011001110111010001001
00111100100000001011100011010010
00111100000000110001010011100011
10111100010110011001111000100100
00111100011100111010010101101001
10111101000101010000000100000111
10111101100000001101100011110101
10111100000100010011001001000100
00111100101111111011010001111100
00111100101010011111101001101001
00111100110110001111110100100011
10111101001010001001010110100110
00111011101011100010001010000100
10111100110011100011001111100101
00111100110110010000111111011001
00111100110110010101100111000100
00111101010001101010000111001001
00111100000110000011110011000110
00111101100000110011111100010010
00111100100100110111101000011011
00111011100010110110000001110000
00111101110000100001100000110011
10111011111010001101001110000101
00111101011000010010010100101001
00111101000100001101111101110011
00111100100111000001111000010010
10111100011111001001000011001110
10111101100110101001110001000101
00111101010101011010101011101101
10111101101110011110111100110001
00111001101110000011001100100100
10111101100111111011111010011100
00111101000001000101100001000010
10111101001111101000101100011101
00111100111100110011100000011100
00111010000111100100010000011101
00111100111110110100100011100000
10111100110101101101000111111001
10111101000100101101000001100101
10111101010010101000010001100100
00111100100000001001111100001011
10111100000100100100010000011010
00111100100010100111101101010100
00111100110001110011111000000010
00111100111111011011100010011010
00111100011011110110101110110010
00111100111011110001110110111001
10111100100001001011010001111011
10111101011011000111100111011101
10111101000111111000111001011100
00111011111101000111110101000100
10111011100011111001111011100100
00111101100001001011111001000001
10111100010100110011000100110111
00111101010101111101100000110000
10111101101001110011011001010101
00111100100000000011110100000111
00111101010001001010010100100111
10111101000101001010111111111001
00111100011010000101110111111010
10111101000010101001011100111001
00111100111100001100001110110001
00111100100001111100100011111111
10111100011001111101000000000010
00111011111001000010001011110001
10111101010100000001011101010011
10111101000100111100000111001000
10111100111111001000010000110010
10111100000111000011100101101000
10111101011000100100001110101010
10111100101111101000010110111011
10111101001111000110100001010001
10111100000010111101111001001101
10111101100101000101011110111111
00111100001001110111001010011011
10111100000011101100101010010110
10111101010000111110010101010101
10111100111010100111101110010111
10111100011000010100100101100101
00111100100110000111001000110001
10111100000011110010011001110000
00111101100000001010001010010000
00111101110101011011110110110010
00111100010001101101111110001101
00111101010001010001111100111011
00111101101101110011101100001111
00111010111000011111101100101000
10111101010010101010110001110100
10111101000111011000111110000010
10111101100011101100110011100011
00111101100100001010100110011000
10111101011110011111001111000100
00111011100110110000011110101010
00111010100010000011001111001011
10111100100111010111011101100101
00111101100101110010100001111011
10111101101100111001011011100011
10111100110110000110010101000111
10111101010111111001110111010101
00111101011011101101111000001010
10111101101001100011001011011111
00111100001100010101011000110001
00111101001010100011111000000001
10111101010110001000101001101011
00111101000011000101101010001011
00111100100001011100010110111101
00111010110101110101011001011111
00111100000110110111100100100100
00111101001001011001110101011111
00111010100000001000000101001110
00111100110101100000000000010001
00111101110001001110110110110101
10111101100000111010000100111010
00111101000111011011011001001101
00111101100100110001000000000000
10111101001110111011110110100000
00111100110111111111101011111100
00111100011101001001100001110001
10111100101101000010110001101011
10111101101011111010010101001110
10111100110101100000111110001101
10111011111011000110000111010101
00111011001100111100011011100011
10111010101001101000101000001100
00111011100111111010110110011101
10111101100001101000100101001010
10111100110110010010001000110100
10111100100111101010100110010000
10111101001011000010001100101001
10111101000000001000101011101111
00111101011100100000000000101010
00111011000110111000100111100000
10111100000000011001111000011001
10111101001110100001001001000001
00111100101100010011101111111001
10111101010111011010010110011010
10111100101011101100011000110011
00111101010000011011101101001011
10111101111001111110110111100111
10111101000100111001111010000011
10111101101011010111011100011111
10111010001001010111011001011000
00111000100110101010111110110010
10111101010100101110000010110010
00111101011011001000100010100010
00111100010000000011101111001101
00111100101000101111000011100000
00111101000100011100010000100100
10111011110000000010101001100111
10111101001101000001000101110101
10111100110111110010011010101011
10111101110100000010010101111000
00111011010100001000011001101001
10111011000001100111001011111110
10111101000101001000100110100011
00111010100001110011111111001110
10111101001101000010101001000001
10111100111101111110001001011011
10111101010001000110101000001100
00111100100010000010010111011001
00111101010101000000100110111010
10111101010001001001011101110010
00111101011111111000111100100000
00111101010010010110010100100101
00111100111011100011111100110100
10111100101010110100110101010110
00111100100010010010001011111010
10111101011010000110110101001000
00111101001111000101100100001000
10111101100100111101101101100010
10111101100010011000100001110101
00111011111001010100101100011110
10111100110011010101101100001101
10111100111101110011001101111111
10111100011111000010010111110010
10111101100000010011110011111010
00111100111010101110011010110111
00111101000011111100000101010001
10111101001111101000110011010101
10111101101001101011110110110011
10111101010010001111111100101001
10111100000010011000111000100011
10111100111001001111011000010001
00111100000010000111011011001100
00111101100000110101101110101010
00111100101110100001100110110011
10111011011100010111001101111101
10111101000010110111100000111100
10111100101110100110110100000100
00111100101010100001101011010001
00111101000000011100111000110111
00111110000000100100011101000101
10111100000111101000110001010111
10111101100011010001101001010101
00111100100101011010010011111110
10111101010110110100111011111010
00111100110010110011011101001100
00111100010100000111101110000001
00111100100011000001110010010010
00111010110101000000100000011011
10111101001111010001111101011010
10111100000100110100101010010110
10111011101100101011100000000001
00111101010111000001010110110011
00111101001101100100111100100100
10111101100100010100111110110110
00111011010111110110100001010101
10111101011101000011110101001000
10111101101010101001000101011110
00111100001101011000000000001010
00111100110011100111101000010000
10111100101001011000100101010001
00111011101001011001000010111001
10111101101110110001010100000010
10111100100000001011100101111000
00111101001010110011000010100101
00111100000101101111101101000111
10111101000100000100110011000000
10111101100101110011011011000100
00111011001101101110100100111111
00111011110111011000001000011001
10111100100111001110011100010110
10111101100010010000101001000101
10111101000010010011001001000101
00111101011000011011001110000111
00111100100010111110110111110011
00111011100101001010011100000100
00111100101101111000010101110000
10111100110101111110100000100100
10111100010000110010011011011001
10111100110100000000010010010001
10111101101111111010110001001000
10111101000010101111011111000010
00111011111011001000011101101100
00111011001110001100110001011001
10111011010111101000100111110101
00111101000100011100001001010100
10111101010110001011111110100110
00111011000101011001000111000000
00111101101101000110101110111101
10111100101001101111000101111100
10111101100010110010110011110100
10111100010110011111111010011001
10111101011010001010111011110011
00111100000000111101001011010000
10111101011010000100010110100000
00111100111111001001000010101000
10111101001110011001000100101010
00111100110010100010000100111100
10111100101011111101100011111110
10111101000100011111010101000101
10111101000010011100110001001001
10111101010100110111000010110111
00111101001110110011010011001110
10111101001010001100001111101010
10111101010111100101010010101100
00111100110101100111001101100100
10111101101010011010110100111100
10111100111011001100101100100110
10111101010010101110011010000010
10111100010100011001011001010011
10111100110000101111010101001100
10111101000011010010111011000010
00111101100011110011001001100100
00111100101111101001000101100010
10111011110111011111101000111100
10111101001111001110101101111110
10111011100011101000001101101010
00111100111000100011010011111111
10111100110001010111101100101010
10111100110001111111011001000010
00111101001110100001011010000010
10111101000100110111101001010100
10111101000111000101000100011110
00111100001111100000101010101010
00111100100000101111011000011100
00111100101101000110111000001010
10111101010110011010111111001110
10111101001000000111010000010100
10111100001011101010110101001000
10111101100101000110001110001011
10111101100010001100111000111100
00111100111111110100000111100011
00111100100001010101011110010010
00111100111101011111111110011001
00111011100111111110010011011010
00111100001111101001010111100001
10111101110000000000000101011110
00111101110101111111001110011001
10111101101010100010001001011010
00111010110000000001101000101010
00111101010000011001111011110101
10111011101110110100111010001001
10111101010001101111010101011000
00111101010010001011011110101111
10111101011100111110110010000110
10111101010111101011100001001000
10111101101010000100001111111011
10111100000110101000010000110010
10111100010110001100110001101111
10111101100111000000110000101100
10111101100001100001100110110100
00111011111101100111000010010000
10111011000100110111110110101110
10111101100010000111111100001111
10111101101011000110001111000011
10111001111010011001111000011110
00111011000001111011111111100010
10111100110110111000010010100001
10111101101111101011000011010110
10111101100011011010010100000001
00111100101000101001000110110110
00111101001111011010111010011010
00111101000010000011100100011100
10111001111101010010100001110101
00111101110000100011111100110101
00111100010100110100100110111111
00111101000000110100011011011011
00111100100111110101101001001110
10111011110011000011000011011100
10111101001111100100010110001001
00111101011110001010011000110011
10111100010110010110100111010110
10111101110100001010111110011010
00111100101010111010001100011101
00111101101111100000010000110001
10111101001111001101100100111011
10111100101111001001111001100011
10111101001000111000111011110000
00111001110001100101010011001000
10111100010010100111111101000000
10111101010111001101110110111101
10111011000000110011100000010110
10111101000100100001011100001010
10111101000110110110011110000101
00111100111001111101011010001100
10111101101110101010111111011100
00111101000110101011101101101111
10111100100111110010000010010000
10111101001011001010011011001011
10111101000010010101001011001010
10111011011001001100100001110011
10111101100101110100110111101100
10111100010000111010001010001010
00111101000110101100011110000001
10111100111010100010000111100010
00111101000101100001011111011110
00111011110100111100101100101001
10111101101011001101110000111101
10111101001010101010101111100101
10111101011011010110000100011010
00111011100101101111011011111110
10111101101100000010110101101011
10111101011001100011001010011010
10111011100010000001000100000010
10111100011100010001000011111110
00111011100011100010001001011001
00111101101011001100111101110001
00111100101101111010101000111111
10111100000001001010011000101011
00111101000000110001100101110000
10111011100111000001010111101010
10111100111111001100001011100011
10111100011100000110111111000011
00111101010111101100001010111101
00111100100010110100110101101111
10111101001010110000101001101010
00111001011001000111001011100111
00111100001110111000001100111101
00111101100011011111100010100100
00111101101010010110110101111011
10111101100000101100111011010111
00111101000100001001100000111000
00111011011001100110111100001100
10111100001011100100101110100000
10111101010101110100110011001110
10111101101010010111100111000101
10111101100000011000000111100111
10111100010100001101101111101001
10111101100011100000110111010110
10111101101100010111001000010100
10111101101100000010101111111011
10111101101001100110100010100101
10111100111000101111110000010101
00111100100100110001000101110000
00111100110111011100011000010000
00111100010010100111111010111001
00111011101001000110011011111011
00111100111100010001100101101110
10111101000110100101100101001001
00111011110101110000000011100100
10111010101111011101111000010101
10111101111001010000001100111110
10111101011101011111001101011100
00111100001101011100001100101111
10111100101101011010111101010111
10111101010011010010001100010011
00111101000011001100010101001100
10111101100011101101001011001101
10111100101111110001001001100001
10111100010011000001011011100111
10111011110101100111010001110100
00111100111110001100001101111010
00111101100101111110000111100111
00111100111111111000001101010101
00111101100000010000001100000100
00111001111111100111111011011101
00111100110100100110000110101000
10111101110000100100011100010010
10111101000110000000101010100001
10111101111000110111011110100110
10111101001001010111011101000011
10111100101000111110000100111111
10111101100000101001100010110101
10111011101111111001110111110000
00111100001010011011011010011010
10111100101011001000111010001011
00111101100010100110011100011100
00111101010100111010101011100100
10111101001111111000100010011000
00111010111000101101000010101101
10111100101110101000110001100110
10111010101001011011000011010010
00111101110010110101010111100001
00111101101101000010001011100000
00111101001001111000010010110010
00111100000110001011010111000100
00111101101101111111110110011110
00111101110110001110100110101111
10111101101101101110101010101111
00111101011001000110101011101110
10111110000100100110000110110100
00111100111110000010001010100110
00111100001011001110001111100111
10111010001001010100010101000111
10111101000000100110010101111011
10111101010010100011000011101110
00111100001010101100001000000000
00111100111100011000001111010010
00111101001110010000000010011101
10111011100010011110011100111110
10111101100000100101101011100110
00111101011111001000101010101101
00111101011001100110100111011110
00111101011000001001011110001101
10111100110101111001011111100111
10111100010111100011110001011100
00111011110101011100010111001011
10111101101010000010000110000110
00111100000101010110111100100111
10111101011010110011111101101111
00111100100100010000100011100100
00111100101101111101011111000011
00111011110001100101101110001110
10111011100111001000110010110000
00111100110011110001011011001111
10111100011101010100111000100101
10111101100110000111011100100001
10111011101100010110001001100111
00111101010000011001011110000100
10111100101100011110101000110011
00111011010000001011110011101110
00111100101011011010101011001110
10111100110111010100010110011111
00111100100111100001000101101010
10111101000010101010111101111100
00111100100001110111100110100011
10111101010111011001000100100100
10111011110101001001000110101101
10111100111001110100111010111011
10111101100010001010100100110111
00111101000000000101110100010010
00111101010010100110010010100001
10111101110110101101000111001100
10111101010000100001010111011011
10111101101000001001010000011000
10111101100010100001001000010011
10111010010000011110001100001000
10111101000111101000001011001100
00111101000010011101010001010100
10111101001110101010110000001001
10111101101001010011110010111011
10111101101001000101111110011000
00111101011101001000000100100111
00111101000100001000101101010101
00111101010111011011110101010100
10111101001101110111011101000011
10111101101100000111101010101101
10111100110001111010001111111110
10111011100000110110101010110011
00111101010110011101000111001111
00111011111011101100111000001100
10111100110110000101001001011100
10111011101011110000001010100111
00111100110111100111111011110001
10111010101101011000001011101010
10111100000110000010011100110110
00111100010110000110011011111101
00111100010101001000101001011000
00111011010001010001000010111101
00111011011101101011101011100011
00111011101100000000010101101000
10111101010111100110001101110000
00111101011001001011110100110001
10111101110010010001110110000000
10111101011010111011101011110001
10111101011011111101001011111100
00111101001100001001000011011001
10111100101111110010111000001110
00111101001011110000001110000111
00111011100011000100010100111100
10111100100100110000110101011010
10111101101001001101001011100000
00111100110101111100001001101001
10111100011000111101011011111010
10111100010100100010111110010010
00111101100100111100101110001100
00111101000010001000010110101001
00111100100000011101011100010000
10111101101101010110110101101101
10111101011101111101010110111111
00111101100111101110000110110001
00111100110100100101101111100011
10111101011010001110111010001000
10111101110000001100010101010001
10111100110101001011010111110100
00111101001010001110011010001001
00111100101100100111001000100000
10111100110110001101111011100000
00111101100000111010011110000111
10111100010110000001100001110010
10111101010001000000100111100100
00111100100011010000011111011001
10111011000001111010010101101100
00111100100001101011100001010010
00111100100001011010101000100000
10111100001111010000101110100100
00111100100011101000111110110010
00111100100010000001011000000011
10111101100111111010010100111100
10111101100100011110001001101000
00111100001001011000001001111011
00111101011011101100011101011111
10111100100011001110000001000000
10111100000011010100111010110111
00111011110001110010001101111111
10111100110001000101100010100100
00111101100001000010001100000100
00111101001111100111001111011100
00111110001100100111010101101100
00111101100100011010101010010000
00111101111001100011011101000011
00111101110100100010101100010111
00111100110111101101000000000000
00111101001010111101000000000100
10111100011111100011101110000001
10111100110011110110111010010101
10111101101001011111011011000110
10111101001010111000101100000001
10111100101001100111011000100100
10111100100000111010111100000000
10111101000010100111011111001111
00111101100100011111100010110111
10111010001010000011000100000101
00111101100101100000001000100000
00111101001011011010101000000001
10111100001100011110111011110011
00111100100110110000001110101101
10111100100011111010011011001010
10111101001001100101110101100000
10111101000100111100011000000110
10111101000111000101110010111000
10111101000111000100100000110000
10111101001011000101001001001101
10111101000000001111110011101001
00111101000000001111011001110011
10111101100001100100100110001010
00111101010101010000011000111010
10111101010101111011101100101001
00111100010000110000000010111010
10111100101001001010110100100101
10111101010110010001110101111011
10111101000010111000011111001110
00111011110110101001100000010001
10111011100010010000000000101010
00111011110010011010110011110010
00111101101010011110101101110111
10111101101110100001111001000000
00111101001001100010110000101111
10111101011100100100011111100101
10111101001010011110111101110000
10111101000110100111101011010101
10111101000001001011000010111011
10111100110101100110001110111100
10111100101001111010010100110100
00111100001100100010010111000001
00111101100101010110010001111010
10111100011101010011110011100011
00111100100000100111011101100100
10111100101000000101101110000101
00111101000011010010100001101010
10111101001110010101100111111010
10111100110000110100001001111111
10111101110010111111110110001011
10111101101001001011000011000100
00111100001111000010011100110110
00111101010010100000010111001010
00111100001001010101100000010001
10111101011011011000110100111101
00111101011011100111100110110011
00111101000001000011001011100001
10111010000000010111010100000011
10111101000101011100100010101110
10111110000001100100011011110100
10111100000010011100110000000101
10111011101000000011111111010100
10111101011101011001100100011011
00111011111010100001111011000000
10111101101011010011101110000011
10111101010000101101111100001001
10111100111100011110110000110100
10111100011111010101010011110110
10111100011110000111010110100001
00111001100111001110100110101000
10111100001010001000001101110011
10111100100111101010100101100011
10111101000110111011110101110101
00111101100010010100001100110111
10111101100101001010011101111101
10111100001000011000010111111000
10111101100110011101011011000011
10111100111001001100010100111001
00111100000011111111111010001100
10111100110110000001101100100100
00111100111000110001011110011111
00111100100111010010101000100111
00111101001010000111100000011111
00111101100001110111110001110100
00111101101000001001001000001110
00111100100110100001011111101010
10111101010110001111101011011000
00111100110010011110100100101000
10111100111101011010111001001101
00111101001011111101100001001001
00111011000110011000101111011001
10111100110111111101010111101100
10111101011000000010011001110011
00111100110101011111100111000010
10111101011100101011100001000000
00111101011011111100101100110010
10111101011010011011001100011011
10111101101010011011111110110110
00111101011000001100010110110000
00111101011100111111001100111111
10111100011010000010010001000010
00111101000111000011011000000101
00111100100011110110001010101100
00111101100000101000011111001011
00111101101000110011110101100001
00111100011100100101010010101100
10111101010101101110110000001000
10111100100110001100111111010001
10111101010111101010011001111011
10111100011011101010001000011111
00111100001111011000000100010100
10111101000010100101111110011011
00111100011100101110000100111000
10111101110110010111100101111001
10111101110010001100001101000011
00111100000001000100110101011011
00111100110000010011111011011101
10111101111010011111101110100011
10111101010001111110011100010010
10111101011000100001011101011110
10111100111101110010001000101000
00111101100000101100100111000101
00111110000001010111000000101011
00111100100101011011110111100101
00111101100001110001010111010111
10111101001000100110111010111011
10111100101011111011110110011000
00111100110000001101010000000000
00111101101010011101011000110010
00111101101011010110011101011010
10111101100111100000000000011011
10111101001111001001010110100100
10111101001111010010101110100001
10111100100010010111011000010000
00111100010011011111011100111010
00111011100011111100100101000010
10111100010110000001100010011101
10111101100000101010010010101101
10111101001100111000010000001110
00111101010000100001100011110100
00111100101000000011000101101011
10111101000001100111001011011001
10111101001010110100010100011101
10111101000111110110000011000110
00111101011110111010010110010001
10111101010011010001100111010111
00111100111101001011110000111110
00111100111000000100011101011101
00111101101000100110000100101111
00111101101010001111011010110010
10111100010001111111011000011110
00111101100111101010100111001011
10111100111010000001000000001101
10111100010010000000110100100100
10111100011000101111010111101110
10111101101001100110010001011010
10111101000110000010000001001110
00111101010001110011000010011100
00111100111111001101111101111101
00111010001001010111010100010000
00111100011001100000000011111101
10111100010011100101111110100010
10111101101010000101100000110011
00111100011000100100000001001000
00111100011110101000111111110010
10111100001111011101110100001010
10111100101000001001000001101011
00111100101010111001010100000101
00111101100111011011100001101110
10111100100110001010010101111010
10111101101111001010100100101000
10111100011001111111000010011111
00111100101101111100101100010110
00111011111011010000000010111010
10111010000101011000101010001101
10111100100110111111111001111001
00111100001011010010011011101101
00111101011010011011101110111101
00111101000110111011000010111001
00111011110010001001101000110011
10111101001100101111010000100001
10111101011101000101000100011000
10111101110011100010001100111110
00111101101001111110000000010111
00111101000110101001111001001111
00111101000100100101011101111011
00111100111011011111001100001000
00111101101011000101010101001010
00111101001001011101110000101100
10111011100000010101100110110011
00111100100001010000000000111110
10111011110011111100111111100001
10111100100111110011001110001111
00111100110101111011110001100000
00111100000001111011010101111011
10111101100100011010100111111101
10111100001100110111111100111010
10111101000011110000000001010110
10111100111001010000000111110001
00111101001111111111010101001111
10111101101111010111101101010101
00111010011011100000101001000111
00111100111111000001100100011101
00111101010001011101011100010000
10111101100010110110110010011000
10111101010001010101000001101010
00111100100000101001000001110100
00111101011110101110001011000001
00111101100010111101100001011011
10111101000110010101100011011011
00111101010101001100110100111100
10111101001001111111110000010100
00111100100010011100101001110011
00111101000010011101001110000111
00111100111100010100001000100101
00111011011000111010000101011011
10111101000101101111000111001011
10111101110011001101000000010110
10111100010110001110010010010001
00111100101010000001011101101111
10111100101001000100010010100000
10111100100111100110011011000110
10111101000110100111110110001100
10111101011111001101110111000100
00111011101000001010110011011010
10111101110000101010110100010111
10111100011110011110001011111101
00111101000001011001101101010100
00111100000101010000011000010100
10111100011000111011110100011001
10111101000010101100010100100000
10111101001111001100000101011001
00111100010000001111110010111101
00111101100001000101001010111010
10111101100011110111000010100011
10111100100100100110011010111011
10111101001111101010000110000011
10111101101100100010011010010011
10111101100001111111011010100010
10111101001000100010100111111111
10111100111010010001001101110001
10111101001110000010011000000100
00111101100011101100011111100001
10111101011110101100101110110000
10111101011110101001011100110111
10111101000111011110001110111000
10111011011010000110111011110111
00111100111111100111000100010101
00111100110010010001111110110110
00111101011100000001111110000101
00111101011001000100100010011000
10111101000001100100111011101101
10111100010001000111110000010101
00111100100011111110010101111011
00111101000000100001110001100001
00111101011001101000010010011100
00111100100001000001011000100110
00111101001010101111100010011001
00111100000011110110100010011101
00111101000111011100100001010111
00111100111100111100010010100100
00111100110000001001111110100100
10111100100110111100011100000010
00111100001110110111001000111000
10111101001010110100000100010111
00111011000111100011111001110110
00111100100011011111010111010000
10111100010100011111010100100011
10111011101111110111000010001011
10111101101000101100101010001101
10111101011110111000101010111011
00111100100100111111100100001110
10111101100110111001101000010111
10111101000101111001010010101001
00111100111110001100110101101010
10111101110011001001000111001111
10111101011010101110000111010110
10111100100000000011001011100101
10111100001101000100011101111101
00111011110010110001001000111110
00111101010000000001001000110010
00111101000010111001001100010101
00111101000110110100011111111110
