00111101001011101010001011000000
00111101100110110011000111110001
00111100011110001011100111101000
00111101001110011001011011001000
10111011100100001001111011110100
10111100101010101110000011010110
00111101011010011101111100110110
00111011010011000010010000000001
10111100110011011011111111001110
00111100110110100110101101011000
00111100111011001011111111111100
10111101100001011100110110111001
10111011010011010000101111010110
10111101011111000001111000010111
10111101010001101100100000010001
00111100001011011010100010111010
10111100100011000000000000111100
10111101110100100111110101101111
10111000010011011000001100100101
00111100011000011000010010001011
10111100000101101100011111001011
00111100100000010100000101111110
00111011110100100010011111110011
00111101011101000000000011000101
10111101001100101001010110010010
00111100100001011110001110100101
10111010101011111110101000110101
10111101110111000000110000000011
10111100101000100101111101111011
00111100010101000010000010010010
10111101010111010101111100100011
00111101001111010011111111000010
10111101000101000010110110001101
00111100100110001110110011000000
00111011110011000001000110011111
10111100011111010100100101001000
00111101001110110101010101000111
00111101001001110000010100110110
00111100101010110001011011000110
00111011000111101101010001100000
00111101000011110101000001110111
00111100011011010110010001101011
10111100100010100110111110001111
10111011101111110000010111011111
10111100100100110010000111100110
10111101010110001101011000110010
10111101000011010101011010100100
10111101011001001101010010000111
10111101000011000000101000011000
00111011101011010111010011100001
10111100011010011011100101000011
10111100100100000010011011011111
00111100101011101010111110010101
00111101011010011110000110010000
10111101010101000001000001100101
00111011110011011110000100100111
00111101000000110000100100010010
00111101001100100010000000100100
00111101100110110000111110110101
10111011100100001001111010100111
00111100100111111101001110110111
10111101000110001110110100011000
00111101100000101110101110000100
10111101001001001000011001111100
00111101011101100000010101001110
10111100110011000001010100001111
10111100010111110011011101001001
10111101010111101000111101000101
00111011101101001110010101011111
10111101001100100000100100001010
00111101000010100000110100001001
00111101101000011100000100001010
00111101000000101011010100101111
00111101011000000110100001011100
10111110000010010101000010111111
00111101100000011010001011010101
10111101001011100011000101011000
00111101100001111111100110111000
10111100011100111101110110111110
00111101110000011011001111010011
00111110000011110100101100100000
00111100100110001000110101111010
00111100111010000111001110101111
00111101100110011011000001100110
10111101001011100000101101110001
00111100111001100101000110000100
00111101011010101001111100101101
10111101100100001111100111010001
00111100011000000000101011000000
00111101100110100000010000011010
10111010101000010110001000011100
10111101010100101101011111010011
10111101001010101010000100000110
10111011001010111001000111000011
10111100110111101010111000001101
10111101000000111111101000110000
10111101001111011111010110010111
10111101011010010011100001011110
00111011111010000101100110111111
00111101100000101110101011001111
10111101001101001001110111100111
10111101000010010111000110010010
00111101101001010111111001010101
10111100111010101110111111010000
00111100101001011111100011000110
10111101101111001000101101110100
00111101010011101000011101011100
10111100101101001101101001111111
00111101010001001001101000011110
10111101100100010110011001110100
10111101011000011000010010011110
10111100001000000000011100111000
00111100010111010011011111011010
10111100100100111111000011111000
10111100011101011010100001010010
10111100110000111110100010001101
10111101100011010010000110111011
10111100011110101001110001101111
00111100110011001010100100000011
10111101101000110111000010001000
10111100011101111000100011111011
10111100001011010000010111100100
10111101010110011111011010101100
00111011111000100011111111111011
10111101110100111000101110011000
00111101001010101011001101111101
00111101101001011000111001000101
10111100010000100101111111010100
10111100001000101001000100100100
00111011110110101110011111101100
10111100000110100100010101011110
10111100100000100110010111101100
00111100100001110011101011000111
10111101010110101000111000100110
00111101100001100011000010001101
10111101011000101111001011001111
10111100100101011111011101101110
00111101100001001010001011010010
00111011011110001001011001000011
00111011010101010101101011001010
10111011101001101110101000110100
10111101001011101111110011010011
10111100101101101000000111101001
00111101010011110011101000011011
00111100001100100111001011000011
10111100100000001100101001110011
10111100010010111010101001000101
10111101000001011101001100011100
00111011110001000100101101100001
00111100100011011111001010000000
10111101010101110110000100111011
10111101101001010100111110000101
00111101000100010101111011001101
00111101001011000011100110011001
00111100100011111100010110010111
10111101000011011010100110011101
10111100011101010011100010001010
00111100111010000010110011101011
00111100110101111010000101011111
10111101100000101001010111010100
00111101101011100111110010101111
10111101011110111001001100011110
00111101000011010000010011101101
10111011101010110101110010101100
00111010101100010001111111000110
00111101001001101010011100011100
10111101001101000111101110001110
00111101000011010100010010110111
00111011101101011111110000001101
10111101100011110001110010010000
00111101001001111001111010101001
00111101010000111100011100001010
10111100001100110011000010110001
00111100101100110101001101001011
00111100111110111101111100010010
10111011101111010100001010111000
10111011000111110011000000111110
00111101000000000010011110100010
00111101010100111001011011001101
10111101010000010111100101010110
00111101011001101100111101010001
00111101100110010000000110111010
10111101010011111001000010110100
10111101001111011101101011000010
10111101000000101001001011111000
10111101000100010010011010001100
00111100111001000000101010000101
10111101011010011110110000110011
00111100101110101001000011110111
00111101011110110100111100111111
00111101100011001010100010111011
00111101011010000010110011010101
00111100101000001111101110011001
00111100101000101100000000011101
00111100000000101001011000101001
10111101101110001011111000101000
00111100110110100011010010000010
10111100101011000010011011100001
10111100100011110101101111111010
10111100000011011111011101101011
10111100100001101101000101011110
10111100100111000001101010111010
00111100111100001010000110010100
10111101101001111111010101101110
00111010110111001101001000000100
00111011010010100111001000110110
10111011101011100100010010001010
00111100001101100100010101110010
00111100110100000111000110100101
10111100101111000111001110101100
00111100001010110101001110000111
00111101001001000110111110111110
10111101000000100101111000111111
10111010000001101001111010111001
00111100110111001011100101000011
00111100110101011000000001100111
00111100010111100010011111101010
10111101100010010001100111000010
00111101001101100000100010011010
10111100110001000011101001110001
10111100110111111100110110000010
10111100011011101111100001101100
00111011110100111011011011010011
00111011101001000100110111001001
10111101001001000110111110100100
00111100111100101100010000111010
10111101001010101011011001001100
00111101000010001110100001011100
00111101010101011001010100011001
10111101100010001011000100111010
10111100110100001111111110110000
00111100110111000000100110001010
00111101010000011110001001101001
00111101000011100101100101100001
00111101000100011101110101111011
00111101011001001101110110100001
00111011100010110000010111100111
00111100101101110110111111101100
00111011010011011001000101100011
00111011010000010100101011010110
10111100110011000000010010111100
00111011110000101100111101010011
00111100100100110101101101111100
10111101101010010101000111110111
00111000100101010000011010001100
10111101101001011000010001001010
10111101000110001000000000001111
10111101001111110011111111111011
10111011001100101011101101010101
00111100100110010110011011000101
00111101010100101100100000011100
10111101101000100011000110000101
10111101100101011001101000111100
00111100101000000111000100000011
10111100100110010001100110101100
10111101100010110011011010110010
00111100100001011001011100101000
00111011000101011010101101101100
10111101010000110100101011101011
00111100000011010101100101000101
00111101011001001010101011010111
10111010011010010000111000000011
00111100101100100111011011011010
00111101011001000010100111100111
10111101010001100111101010010010
00111101100001101111010111010001
10111101001000000001000000111110
10111101101101001010010010001011
10111100011100010011011011110100
10111100111001110100111010000011
10111100000111000001001100010010
00111100101010000010010001011011
00111101100100010110001001011111
10111100011100010100010011100100
00111100111011010010110111100111
10111101101011100001011011111111
00111101100110111101010111101110
00111100101100100010101101111010
10111101000010111100001111011110
10111100001001010001111010000110
10111010110101011000011100100111
00111011110001100111100000100011
10111101011010101010101101101100
10111100011010101010100101001000
00111100100111111110101000101101
10111101100000101000011011101100
10111101101011010000101111011100
10111100110001000000011000110000
10111101100110110011100101100110
10111100111110110001100100111101
10111101001100011000010011011011
10111011111011011101001000011111
10111101000010111101100000011101
10111100001110010001010101100101
00111100110011000100111111001010
00111101100111000100100110110001
10111100011011010000011001000101
10111100000001101001001101111101
10111101110001100111111010100111
10111101000101101010010111011011
10111100100000100011101000001010
10111100110100110011011110100011
10111101010100001011110010000010
10111101001001001010001011001111
00111101000100011000110010111110
10111101010101000000000001011011
00111101001011001100010101011100
10111101101101010110101101001000
00111101000010010101010100001010
00111011111100111111111111000010
10111100011111101111111100101111
10111100111110110010001001000100
10111101100101000011000100010110
10111100100010010001111000100111
00111101010001111001010011010001
10111101100000010000011100100010
00111100011111011011111000001110
10111101100101101100101111111011
00111100110101110011010111011110
10111100100010101010010010100010
10111101100110111001000100001100
00111100100100101001110100000100
10111100110111110000110000111001
10111100111110110101110101100000
00111101010000100110101101111001
10111101000010011101001111100110
00111011110110111010010001110101
10111101101011111101000100110000
00111101010111011110010101000100
00111100101000101101110010110111
10111100100001001111101111101000
00111101101111110101100011001111
10111100111001101000011110000111
10111101100010000111001111001001
10111101000001011110010101011110
10111100010010100010100101100100
10111101101110110110000000001000
00111100111011010001100011101000
10111101101101110000110101010000
00111100100000010010011001101010
00111101011101111001111101000101
10111100111110000000011111110000
00111011101111110011000100011111
00111100010100110011101111110101
10111101010001011100101111001010
10111100100011110010001110110100
00111010000101001111111000101111
10111100000110011011100100110101
10111101100101011110111100000101
00111100111100100100000000100001
10111011100100011101101110011011
00111011100000001010001001000001
00111101010000010100000000010011
10111100110110001100101111110100
10111100101110010100001111011101
00111101101010011100010100110011
10111101100100111111100010001101
10111101000101100010101011101010
00111100100001101010010111010111
10111100011010100001010001111011
10111101100011000010011111110011
00111100100010101011000001000010
00111101011000101010001100101010
00111100001110101111000110100010
10111101000110100011000100011111
00111101100011011001011110011100
10111101011111111111100010111011
10111101110000001010000111111110
10111011110100000101100010000011
10111101101010010100000111011011
00111101101000111110000111100101
00111101001100101110111000010111
10111101101111011010111011111011
00111100001011100011101101111010
00111101000111001101010001110000
00111101010111001110110001011110
00111101001010011111101101111110
10111011101101010010110011101110
00111101001001001010010110010000
10111101000000101000101001111110
10111100010101000100001001000101
10111100110110010100101000100110
10111101000011101010001100101000
10111101101000001011100010101001
10111100111011111001001110001001
10111101011100101101110111000101
00111011100100001001000001001011
10111100110011011001100110011011
10111101011010011001001011111100
10111011111001100111000000111011
00111010111101010101111100101001
10111101100100111110000110100010
10111101110010101000100001010110
10111101000011000010111110011101
10111011010010101011001100011010
00111010100011111010110100100011
10111101001110110011110011110111
00111101001010100101101100111101
00111101001110110000010100101100
00111100100111011001111001100001
10111100001010001000010101100110
10111011011111100110101001100110
10111101000000011000000100010110
10111100111011101110111001110000
00111101011001010100101100111100
00111011100000001001010111100110
10111100111001011010000100110010
10111101110000110001011110101010
10111100010101010000100001011110
10111101000100111001001001011010
00111100001101001111011010111101
10111101100000101001011111001101
00111101100111001001101010011100
00111100110000001110100001100010
00111100111100110011110001100001
10111101000010000110101110100001
10111011001001010001000110001111
10111010110011000011001001001110
00111101001011111000101110111100
10111101100100011011011101100111
10111101000100000011110001001100
00111000111010000101000111010110
00111101001001110101110011100000
10111011110001010001111100000101
00111101001010100010011011011011
10111101100110001111001010011001
10111101001101110000001100000000
00111100011001001001111110101010
10111100001110000011110101000100
00111101010011111011011100101111
10111100101110000011111011111111
00111101000010000101100011110100
00111100111101111010101111001100
10111101110000000101001100011110
10111100001110000111100001000101
10111101001000110000000111110001
10111100101111011010101011111100
10111101100100101000011001011110
00111101011111111100101000000111
00111011100000101100100100110101
10111101010110101110001000110001
00111010000110001101010101100100
10111101001010000011001001100010
00111010110110011001111100111110
00111101100111000100010101010100
10111101000011100101101001100111
10111100111011100000001000110110
00111101011011110011111011010001
10111101100001111010011100110101
00111100110011000101011001111110
00111000100110101010001011111111
00111011110010000001000010111100
10111101110100000110111111011010
10111100101010110011011111011000
10111100110101101111010110110101
10111101001000010111010010100101
10111101000000110011101010110110
10111011000100011000101010011101
00111100111011110001101001111001
10111100000000100100111011101111
00111101011011011110110001010010
10111010000010110011010000011111
10111101000100011010001100111111
00111100100110001110111011010100
10111100100010001011100000100011
00111100110111111011111011000011
10111101001010001000010110110010
10111100110101110111110111111100
10111101100001110000101011111000
00111010101100111110110100110010
10111101101010111000111101000111
00111101010010101110010001010010
10111101100110000111011011111000
10111101101101110010100011100111
00111000111001110111011010111110
10111101011000111000000000110101
00111101010011111010100000010111
10111101011101100000110010000011
10111011010011111000110001001101
00111100101010000011100010010110
10111101101001000110000010011111
10111100010011101010010001101001
10111100010111111110100011110101
10111101100001001100010101001100
00111101100011111010110001101010
00111100110100110110000101100010
00111100001111010100000001100011
10111101100111100110101110000000
10111010101010110111110111000001
10111010110011001000000000001110
10111101011001001110101100000001
00111011100101101010101000010000
00111101101010101110000100010101
10111100110110100101111101101110
10111101010000100010100011011000
10111101000101111000101101110110
10111101101101110110001100011010
10111010011010110010100111110110
10111101000100010001100010001000
10111010100111010010101110100000
10111101010001111110011110100110
00111101010001000100001110111001
00111101000010000000001010101101
00111101101100010101011101010001
10111100101110011011101011010111
10111001100001100011101000110100
10111101100010010111101000110101
10111101100101001000111110000000
00111101100101010000101011010000
10111100110101110001010100001010
00111101001101110111001001010111
10111100001111101001110011010001
00111100010101101110101110011111
10111011101010000011000101000010
00111100111000011010010010010001
10111101100010001101010001000100
00111100111010100101101001000000
00111100100010110000011111010001
10111100010100010100111110111011
00111101000111000011100010100111
10111100111000101001111011101011
00111011011110101111101000001100
10111011101101100011010000110110
10111011101110000101100101111100
10111100101010011110100000101100
10111100111010111010111000010101
00111101101001111110001000111000
10111001101000010011001010100100
00111101001001010111001011101000
10111101011001000011110110011111
10111101000010110000001001110111
00111100010101101101001010100010
10111011111111100010110111001000
00111010111001011100110100001101
10111100100010100000001001001111
10111011111010010000010111011101
10111101010010001000001010001010
10111101010010001110010000110111
00111011000111011010101100111010
10111100001011100101101100110101
10111100111010011011111000101010
00111100011010011111100101000100
00111101000001111001010100101001
00111101011001111010001110110001
10111101001000110001010111100000
10111101001100111100101001011001
10111101100100000111111000010001
10111101001100011001000100101110
00111101000100011111111000011010
10111100110111100101101000100001
10111100111000110001110001111100
00111100100000000011111011000010
10111101010011011010001001101111
10111100010110001011101111010011
10111100100010110010001010110001
10111100101001110010111110010001
00111100101011000000110110000100
10111101101000001111011011001000
10111100010100100100111001111000
00111011111111000110001001111101
00111010001011110111111111100110
00111101000110001010111101110101
10111011010000111100000111110000
00111101010011000111100001110001
00111100010001010111111000100111
00111101010001000100010000010001
10111101010111111101101000010101
00111100101001101111010011110010
00111101011111011100100101000111
00111100011100101110001111111000
00111101100010010110111101000111
00111101010101111011111101001011
10111101100000011001101001000110
10111011100101100011100010011100
10111100101011010101011100110000
10111100000110101010010110111001
00111101001001000011010001010000
00111100001010101111010111110111
00111101011011000110100100100001
00111011101100110101110100000001
10111011011010000010111101110010
10111101011011101011101001101000
10111100101010010101011011011011
00111101100000010101110011100101
00111101011011000111100010000111
00111101100010010100000000010101
00111101001110111100100101111111
10111100101110001010010111001001
10111100111110000111110111011010
00111100001011111101011101110000
00111100111000110100010101000101
00111101010101000101000100000000
00111101011000011010011110010011
00111101101011101111110001001000
10111101000101001011011100101011
00111101100001100110001100001100
10111101100001010010100100111011
00111011111001011111011000100000
10111101100001100011000001100111
00111101010001011101010100011011
10111101101110010111000000011110
10111101000101111100110110110000
00111100010110110110011001010000
00111100100001001000000110011011
00111100111011001100001010111100
10111100010000001011001110000001
00111101001010010000101011011110
00111101000010001110101001110100
00111011111100010011010111100100
10111101000001000001101110001101
10111100011001010001111100111000
00111101010110101101001010100010
00111101011101001110111110100000
00111101001000001101101011100011
10111011110010111111011010110101
10111100101011100010110101110001
00111101101011101001111110101101
10111100101011101010110100000010
00111100001100011011111011011110
00111101000010000100010100011000
00111011111000010111111110111111
10111101011011100110010100110110
10111100111111000000010011010101
10111101100111011111001110011100
10111011101111111111011000111011
10111101000010010010001001100000
10111101011000001100110010001000
00111011101110100000101010001001
00111101010001100010101111100001
10111100110101001011000101010100
00111100000101110000110001101010
00111011011110111001011011011011
00111101001010001000101111001110
10111100010110101100000110010111
10111011000011011000111111001000
10111101001011010001110010011011
10111011011111000110010110101001
10111101100101111011011001000001
00111011010110000101000111110101
10111100110010110111010100111000
10111101010110101010100101010111
10111101101100110100111101111010
10111101000101000000001000000001
10111101010101010101101110011000
00111101101001000100001100011110
10111100111111000100111110010111
00111100010100001011001110011011
10111101011100110110011001100101
00111101001000010011100000000110
10111101000010011111010010111001
10111100101011000000000011110110
00111101011000010010111110111000
00111100110111000001001001100101
00111101000001000011110110100111
10111101010000000011111100100111
00111011100111000000011101010011
10111100100000101010000000000110
10111101100101101111101011010000
10111100111010110111101100010101
10111100100101101010101110101100
10111101001110111110011111010110
10111100010110000111111011101000
10111100111110010011111001101001
10111011110010010011100101111110
10111100111100001001100101100111
10111101100110101110100010011010
10111101010011101110100111111111
10111100101110110101111010100010
00111100110100000001101011101000
00111101010001001101000011000010
10111101001010000000010010101100
10111101010111001100111000011001
00111011011010011100010110011010
00111101000011110010010011001001
10111101011000100010010000010110
00111100100010011001110010100111
00111101100000110100100011111001
00111100000000100101101100000110
10111100100100001000111100011110
10111101001001001111010001001001
10111101010110110110101101011101
10111101000101111000001001100010
10111101011100010101101101100110
00111100011111011111111100001101
00111100101010011100011010000110
00111100001111001010101011010100
00111101000111010111011010001110
10111101000010010100000001110110
00111100101000100001011110010101
10111010110010101010111010101100
00111101001101100011101010001100
00111101110010110100000110111110
00111101010101001101100010001001
10111100001001111011000001110101
00111011110111110011011011010100
00111011101101111101000010110010
10111101101000011110011100000010
10111101001001011001100111111100
10111101001111001100000111101010
00111100110010111011110010000110
00111011110011100001001111100101
10111100111101100111001001110010
10111101000100110101110000010101
10111100011110001010111110110110
10111100010110011110110101001000
10111101011011100010101101001101
10111100000100111111100001000100
10111100010011010110010110100110
00111100100001110011111000110110
10111100000011011010001100110001
10111101010111001111000100011111
10111011111100001110000001011001
10111101010110010110000001000111
10111101100101010110001101010001
00111101001100010000111010010010
10111100101001000101001110110110
00111100011001110100100100101100
00111101010101101010110111100011
10111101100111010011011011001001
10111101001000000110100001101101
10111011110001010011101000000101
00111100001111100110011010000000
00111011110101000110101111000011
00111100101010000111101100010111
00111011101000110111101001111000
10111100111000000111000000011101
00111100101011010101110011110010
00111010100100111010000010100110
00111101001100010010101111001111
10111100010011011110000101111001
00111100001000110000101011000000
10111101110000100010000110010111
10111101000100111111010101000001
10111101000001111010011110011111
00111100011011111001001111111000
00111101101000110011100111101111
00111101010100011001111111001100
00111100111110011110100110000011
00111100101010000010011010001111
10111100011011111111011011111001
00111101011001011110100110110100
10111010001100100101101111110111
00111101001110100001000111001010
10111101011111111001110101010010
10111011100000111111011110001001
00111100111010100000000001001101
00111011100001011100000100101000
10111011111010001100110101110110
10111101000010011011011101100000
00111000001100110101001100000001
00111100000101110001011110101110
10111100110101100110001111011100
10111100100011101011111101101000
10111011001010011110010110110101
10111101000100111101011010010101
00111100111001001100100110111000
10111100001110010101100001000111
00111100100001011101100011000000
10111101101100001010111110110100
10111100110111110110101001011111
10111101010011100010010111001001
10111100100011100000010010101110
00111101011101010000010001101100
00111100010111001000101010001110
00111100011010000011111100001101
10111101100101011011100011011111
10111101000011011010110100000010
10111011000101111100000000000111
00111100101011000001101101010101
10111101101111010000000001101101
00111011111000110010010110010100
10111101001000111110110100011011
00111100010010100011010001101100
00111101000111010000000110010111
10111100110111111100110010110010
10111101110000010011010001011110
10111101010111010000001010001011
00111100010011111010111011111110
00111101000101101000110111111101
10111100110010010010010111001000
00111101011101000001111010111110
00111100110111101111101001101101
00111100110101100010101101000010
10111100111100000101001110111001
10111101000101100110101111011000
00111101000101010101011100100011
10111100010111100011110110010101
10111100010011111011100100001010
00111100001010101111001000010111
10111100110010111111011001110010
10111101000110101111100010001011
10111101000010101101101011010011
10111101101011001001001110011101
00111101011000110011111111101001
10111100101100101110001111010110
10111101001010101110100101111110
00111101000100010010010011001000
00111101010001001001001101000110
00111101000110000000100010100000
10111101011011101111011111110001
00111100010011010011101010001110
00111100110000010111000000001101
10111100001000111010111010101111
00111101100100001000000010111001
00111100010101101110101111111110
10111011011011010000010010101110
10111100011100000001010010111100
10111100101101100000101110010010
10111100100001110110000000100010
10111011111100101100010110011011
10111100100111010101001111011101
10111100110100001011100110101010
00111100110000001000100111011110
10111101100111010101111010110100
00111100011010011011011011110110
00111100111000100011100000110001
10111101111101010100110010111001
00111011000000110000101000111100
00111100001111000111110110011101
00111100111110001001001001111110
00111101100001100001100110001111
10111100100010001000001110010100
10111100111101011001101010010111
00111110001010100011011110111111
10111011000110100110100011110010
10111100010101000110001110010111
00111011011011010000010010110001
00111101101001010111100110111111
10111100101010010101001101011110
10111100110110011011101011111000
00111101001111110100101101011111
00111101000110100001011011011011
10111101010110000111000000101011
10111101010000001011100001100000
00111011100001101010011011010010
00111101100010010111001100111001
00111101000100010110110000111110
10111101010011000011001011011111
00111101100010100100110011100110
00111100110111111000001100000011
00111011110100100001010100111111
00111011101100000100110000000101
00111101010011110110110010111011
10111011101001001000001001001010
10111100110100001011000010010111
00111100001101000000010111100110
00111011101000001110101001011111
00111100100000001101001101110101
10111101011110111011011000010000
10111100011101001010100100010001
00111100101011000001010001000001
00111100100011111001101001111011
00111100111110100001011101001100
10111101011110100001000011100100
10111100101011101000110011011001
00111101000001111010011010000101
10111100010111000010001111101011
10111101001111100010010000100000
00111101000101110100010101010101
00111101001001101101000000110101
00111100010011111001110101101100
00111100100111110011111111011101
10111101000010010100010010010110
10111101100101001000011110101111
10111100000111011101000110000011
00111101000110110011100000100010
00111101100010011101101110001100
10111101011011011000100011110011
10111011001110111011010000000101
10111100000101111100011000011011
00111101011010010000100000110010
00111011000000111010000001000010
10111101001010100011110011010010
10111101100111000110101011010001
10111100101111010010010101110111
00111101101111100011001010110000
00111101100011101110011011110000
10111011100001101000011001100010
10111101000010010000011001110000
10111101001111011110000100001110
00111101000100101100100111110111
10111100111110011101101011110000
10111101011101000111010111011000
10111101101100110000011001100011
10111101100100111101011011111010
10111101001101010001100010000001
00111101011100011101100000111101
00111101001011011101110101110010
10111101100011111010111001111101
10111100111001111001001010111001
00111101011010101011100101011100
00111101010110011000110011001001
10111010000011111111110111000110
10111011111011000001100011011101
00111101000101011000110111110110
10111101001100000100010001101010
10111101001000011101010000101111
10111101001000011000001101011100
10111100000111101001111111011110
00111011001010011010110001110110
00111101010010111001011000100010
00111101001100001001101111000010
10111100111111010000001011101001
00111100101111111001101110100010
10111011110101111100010110010110
10111100100101011001101101100011
10111100110011010110111001111110
00111101011001100010010111101010
00111101011100010111000100000010
10111101101100010011101011111101
00111101000101111011111010101110
00111101100010111000101011100000
00111101011011010110010010100000
00111101000100110101101001011110
10111100110101010010001101110111
10111100101001101010001110010001
00111101010111000001100100010101
10111101000101111000110000001010
00111100001001111011011001000011
10111010101111101011111011011111
10111101010110110011100011111010
00111101000010110101111111001100
10111101100111101010011111010010
00111011110001010111010001011000
10111100101010110001011110100101
00111100111100110101100000010001
00111101000101010011001010110100
00111101000000001101010000111010
00111011111001111000001001101101
10111100010010011110000000011001
10111101100001110110001110101101
00111101011101101010111010010010
00111100001110101111111011111001
10111101010001000011110100100101
10111100110111010001001100100000
10111101100100000001010101101001
10111101010000101011011101101100
10111100000110011010001000100100
00111011000001011000111011101111
10111010010100100000010011011110
00111100100000010000010001111111
10111101101011010010000110101001
00111101100001111010111100111010
00111101100011011111110011011001
00111011111010010101000101110110
00111101001000111111010101001010
10111011011011000011001110101110
00111101011001101001011010100011
00111011000000011111010010100010
10111101001101110101010101010001
10111101000101110010011101110111
10111101100010011101011100100011
00111100100010110110110110000000
10111100100111101101100110000100
10111101011111000011101111010100
10111100001111100001101000111100
10111010001110110101111011111111
00111100111010100010101100001111
10111101101110001001110000101100
00111100111101000100111110010011
10111101001010110001011100010110
00111101010100011100100111100111
00111100010100010111000111101000
10111100000100001000000110111101
10111101001101110000111001110010
00111101001100111011011111110001
10111100000001011100010111010100
10111101101100001011000110001010
00111100110011011110000001011001
00111101010010001000111000001010
10111101100111001101000110110110
10111100111011011110110110101100
10111100100101110000100101110110
10111101001010111100100111111000
00111101000010111111110000010110
10111101001101011100101011111010
00111011100000001110000101100111
10111101000001110000011011010001
10111010101110100010000111000110
00111010110001011000001011011000
10111101011001100011110110011111
00111011111011100010111111011000
10111010110011000001010010011011
10111100111011011110100100001001
00111100101001010000010001100001
00111101001011010100111100110101
10111101001100010100110011100101
10111011101101010110100110010000
10111101010000111001011111110011
10111011101101000101111101101111
10111001101101100111100011111000
10111101011011110000110111101010
00111101010010111101001011000100
00111011001010000100101111101111
10111101001110100010100001110110
10111100111101001000100110111101
00111101100111111011100100100111
10111101011010111010001000011010
00111101000000001000101110101011
10111100001100001110100111111010
10111100000111110011011000100011
10111100010011000110101110010000
00111101000111101110110100010011
00111100100111001100110001000001
10111101001000011000010100000001
00111011001111000101001101010110
10111010001100101111001010001001
10111100110111001111100010011101
10111101100101001110101111110000
00111101000111101011110000010111
00111101010111101111010111001000
00111101010011110010001010011110
00111011001010011110110111010010
00111100101001110101111001110000
00111011100001010101010101011001
00111100100001001100110011010011
00111101000010101111100010001011
10111101101010110010011110111001
00111101011101101100111111101010
10111101011000110001110101101000
00111100100100001010010111100011
10111100111000110010111101001001
00111100100010111110010110100111
10111101101100000010111100000110
10111100110110111100111110010101
00111101011010000110001111100000
10111100100011110000001000011010
10111100011100110010100000110000
10111101011010010110111000010101
10111101001101111110011010010111
10111101001010000110110100001111
00111101001110111011100000101101
00111101001000100100100101101111
00111101101001000101110100111100
10111100010000101111111000101111
10111100110110100011101011001001
10111101100001100111011100101111
00111101100110011010000011101111
00111100111100101100111101010010
00111100010101001010000001000111
00111100000111000100111111100101
10111101001000010000011100111100
00111100100101111000011010011001
10111101100100001111101111010110
00111011000010011011001000111111
10111101000001000100111001001101
10111100100010001011110101110001
00111100000001101111101101011000
10111101101111101000010100010001
10111101000000111011010100100001
10111101000011001111101001011001
10111101010011011000001001110001
00111101001110100100100010001001
00111101100000101100000011011101
00111101011011000111110000001111
00111101100011111011110010010111
10111100111101100100000011001000
00111100110110101011001110000000
10111101001100111010111100101101
00111011100111010001010100110101
00111011101111100100110010100000
00111100000111000101001001100111
10111101001000111011101010000001
10111101001001000011110110101101
10111101011010101011010000010010
00111101000110000011010100100110
10111100100010001011110101110111
10111101100100010100010110111100
10111011101111000000010000000110
00111100110010101100010010011010
00111101100101111000111110101001
10111101010110111000010111011110
00111100111000010100011101101011
00111100001100111010100001000000
10111101100001001111010010100101
10111101100110111111101110000001
00111011101100001110010010001001
10111011010011110100100011100011
10111101100001011111011100011100
10111100101100110011001000111100
00111100010000110001010110011001
00111101010111000101101111000010
00111101110000000110001101011001
00111100001001001010111110101000
00111101001011000010001111000100
10111100110001100001101010001100
10111101100100010101000101110100
10111001011011101111010110001110
10111100111111100001011101010010
00111101100010011110001111010011
00111101001101001000001000001110
00111101100100011010111000000100
10111101011000001000000110000110
00111101001101010101000011010110
10111101110001000111001010010100
00111011000000010010001001111101
10111101001101010001101101110111
00111101101010101010000011000100
00111100100111000001011101100100
00111100000010000101000001100110
00111010110101010001010011100000
00111100010010111110000100001001
00111100001101011100100111111000
10111010100000000010110010010000
10111011011010100000011000110010
00111100111011001011110110000001
10111101010001100101100011010110
10111101011100101011111011100001
10111101000100100000001101111010
10111100111111010110001101001110
00111101100000011101101000100111
00111100010011011100010011110000
10111100110000010111001101111010
00111100000100001001100100010101
10111101000001111000101110001111
10111101100001000010111110011101
00111101110010011010110101110010
00111100111011001110011011010100
00111011101010000111100101000111
10111101000111110000101111000111
00111100100001001101000101000010
10111101101011000000011101010101
10111101110010010100101101111011
10111101000100100001010100000000
00111101001111010001100000000010
10111101001110001111011010110001
10111101000101100101000000110100
10111101110100010000011111001001
10111101110010000000000000000010
10111101000010110000011000011110
10111101010011100010111000011101
10111101100010110101011111101110
10111100110000001111001011001111
10111011111000100011111001001010
10111100010000010000011101001100
10111011000111010001100100000110
10111100000001100011011011000010
10111101011111010100011110100001
00111011111101111011000001111011
10111101000001000100101101010111
10111100000010000001100011001010
10111100100101100001100000011100
00111011010000000111101111001010
00111101000011001101001111110010
10111101000011001101001110011101
10111101001001110100100111111111
10111011101000001101100101011001
10111100101000100000011100001011
10111010101101010110011100100100
10111101011100110111011111001001
10111101001101001000000111101111
00111011111100100111101110100111
