00111100100111011101011010111100
00111100111000110110101000001111
10111101011101010000110010110011
10111100111001101011011110001101
10111011111001011011111110101000
10111101100100001110101111001101
10111100100000110101111111111011
10111101001110111110000000011100
00111100100110100111100110001011
10111100000011101110100011011000
10111101101110000111010001000001
00111100100011011001110101010101
10111101100110100011100101001011
00111100111110111000000110011010
10111100011100000010111100011110
10111101001101110011001100100100
10111100100111110010101111101000
00111101001100010001001010001100
10111101000110010101000101110111
10111101001011100110001000101001
00111101010010100011100110110111
10111011101110010001100011110011
00111010110000011111011101010010
00111101001111001100111110111101
10111011011100111000001111100001
00111101101010110100100001110110
10111100001100000000100001110000
00111100100001000110100101010100
00111101101011101001000001001101
10111101000101100100111100111001
10111100100110010000111001101100
00111101100100101111010110111100
10111101001110100110011101001101
00111101100110001110101001111111
00111100001000001000010111111100
10111100100011010001010000010110
10111100110111100000011011100100
00111100010010101100110110000010
10111100001110110111010100110101
00111100101011010110101111110110
00111101000011111010000111101010
00111100110011110010110000101110
10111100100011101110000011101000
00111100011010100101101101111000
00111100100110010101110101110110
00111100011000011001111001010110
10111101100010100101111100001110
00111101100011110101110101101110
10111101000010100111000111110101
00111100100110001111001011111000
00111101100110101011010110101010
00111100100001101011000000011001
00111100111001111001100011100100
10111100111011000110101010111000
10111101000000100111110000010010
00111010001000000000001010100000
00111100000011101011111100110101
00111101000110001110011000111011
10111100001011111010101000111011
10111100101001111111111101101001
10111011010011101110000110000001
00111101001011100100100010110001
00111100001001101111101010101100
00111101100010111010101111001011
00111101001001101101010010011001
00111100110100001110100011010000
10111100001000110010111100101001
10111101100000000011111011111110
00111100010011110011000100011101
00111100001011001100111011101010
10111101010010010000011010101000
10111101100010001001001001100111
10111011111011011101101100110001
10111101010100110110001010111001
10111100001101010010000111101010
00111010110001100010101111011100
00111101100000011000001000010100
00111100101011011110100001100111
00111101111011111101111001110110
10111100101011000100010101011000
10111101101011010001000001011011
10111100110100000100101100100010
10111101101001011010000010001011
00111101001110101101111001101110
00111101101000110100100100001011
10111100010110000000011001101111
00111101000000011011100001000110
00111101001100000000111011011000
10111100111110001110010001011011
10111101101100101010111101110000
10111100100001011010001101001001
10111101111100101111101001111000
10111101110100110110101001000111
00111101110000001110101100011001
10111101101001001100011100001011
10111100111011100000011110001001
00111110000111100010001010101010
10111010000111001101001101000010
10111101100111001100100011101010
00111100111000010111011101111001
10111101011010011000010011100000
00111101010101101000111101111100
00111101000011000101000011011110
00111101000011000111111111000110
10111101001110010010011100111111
10111100000010111110110110111100
10111100101010011110100010001011
00111100110100011001100010011100
10111101001010011110011010011110
00111101100000011000100010010111
10111100001111111001001011000111
00111011101001001100110000101000
10111100101101101101000010001100
10111100101001000001011000000101
00111011010110001111110011100010
00111100000000100001100101101101
00111101101101100011110001001101
10111100010111011000111011100011
10111100110101010111111101110001
10111011101101100000011110011101
00111101011011100011011001110110
00111101111111111010010100101000
00111101000011110101001111110110
00111100100010000000110001100010
10111101000000100010100100000101
10111100100110110110111100001101
10111100111110000001110000110111
00111100011111101001001100001001
10111101110000001011001101110000
00111101011010100000111001001110
10111100000010100100001011101101
00111101100001001110011101010111
00111100001010011000011100001000
10111101010000010101000010011000
00111011111100101100110001001000
00111100111001100011011010001011
10111100110111111000011000000101
10111101001110010011010011111010
00111101100111011100101100100000
00111100101101001010111100101000
00111101100100010011111011101111
10111011011000111000010100100111
10111101000110000110100110101110
00111101010001001111010111011101
10111101010111110010010111100111
00111101000100111101010111111110
00111100010100010101100111011110
10111101100111011101000010100100
00111101000001100100000111110000
00111100101011100101000111001101
00111100111000100100110000001010
00111100111111011000111011011100
00111011000111001001101100001011
10111100100111110110111100111110
00111101001101110011110101001011
00111101000001111010001100110100
10111011100001001000101011101110
10111011101010111010010110110001
10111011110101110000001101011101
10111100110000000100000011011101
10111101100000111001010101101100
10111100110110001111110001001110
00111011010010010101010101110100
10111100111011011010111011011001
10111011111100111101101011010011
10111100001110100010001101001110
10111101100110010001111000111011
10111100000010110110010000000000
10111100101010011000010101000011
00111010100110001101110001011010
00111101100011100110100111111000
00111101101011011011001001111101
00111101000101101010100111000010
10111100111100010100001011001010
10111011100110011010001000111111
10111010111100110010100100101101
10111101010101111111001011011001
00111101100000110011000011001101
10111110000000000101001101100111
10111100100110110110111100110100
00111101011000111100110010110101
00111100111100001101010001100001
10111100001111101110110000011001
10111101100011011100010100011110
00111100111011010100011111000000
10111100100100100111110100101110
00111100101010100100100101000010
00111100010111011110011101000001
00111101010011001011001100101011
10111100110010000000100011111110
10111001011111010011010000100000
00111101000100010001011111010011
10111101001000110110100001110010
00111100100001010110101011001011
00111101100010001111110010010000
10111101011100110101101101100101
10111100010001010110110100011011
10111100110101111101010101111110
00111101001011100010011100100001
00111101100110100111010100100001
10111100110110001010100000000011
00111100011100111001101110001000
00111100100101010101100101010000
10111101000101110000001000100011
10111010110111110011101101110101
00111101000001110111000001010100
00111100101110100100101010100000
10111101001111100101110001001110
00111011110000000000000010001010
00111101011010001011011100100100
10111100100010100111101010011010
00111100001111101000011010111000
10111101000100001000010011011011
00111100111000010111101011100100
00111101010101011111000010010010
00111010011001001001010101101101
10111101000100001010101000010110
00111101001011111100011111111011
10111100101001001101110011011101
10111101000100000001010101001000
10111101000000101110111011010110
00111100000111011110011100100000
00111011101010011000101110110011
00111101001011110010001110111011
10111100010001110000101010001000
10111011110110010011101000011110
00111011100011010111110111001001
00111011100110100111010110010111
00111011111000010010000100000011
00111100010101111001011010110111
00111100100110110000000000101110
00111100011000110100101101110100
10111100100001001100010010000101
10111100100010101000101000101111
10111101100100100110110001000101
00111100101100110000010001110011
10111100100101001100101010001001
10111101011000100101111011000101
10111101101001011101010000001011
10111101011101101011110110110101
00111011101011001000100010111000
10111101100100101111011100101110
00111100000011001110110011111111
10111101010011111011110000100010
10111101100101110000100101101111
00111101000111011110101001100100
10111101011010111000001011010001
10111100100001101101101001110001
10111101011001011011100110110011
10111010110010000111100001010101
00111100010000100110101101111101
00111100101101001000110000111011
10111101110001111000101001110111
10111101011110011011011010111000
10111101101001111111011111001101
10111100001111000101101001100001
00111100000001011000000011101011
10111101011101000111100010101111
00111100111010000011001100110001
10111101101010010001000100100010
00111100001001111111000110010010
10111100111000010110110000111101
00111100111001101010100100000010
10111101011011101001100110001110
00111100111100000001000111111101
10111100100010011111000101011010
10111100110101101000011011101101
00111101010101111010010100000001
10111101011010001100111101111010
10111011011001111010101011011100
10111100110001001111100000100101
10111101101010100000101111000101
10111100100001101100010101100011
10111101100101111111000010100110
10111101000101100110000011100110
00111101010100010011000011011110
10111101001111011011100100111001
10111101100001111000110101010010
10111101100010100010000010100010
00111100110100011001000010110011
00111011000000110101100100110000
10111100000111011000010101000111
10111100010100100100110000011101
10111101100011110101110010001110
00111100100001100101111111101000
00111010011111011100110010110010
00111100110110110010110011101100
10111101110101100101100000011001
10111101101111111100000000011011
10111101100111001000101001000100
00111101100101110111010010010101
10111101000100111110010001110000
00111100100010010010100010011111
00111100110000111110110011100011
10111101010000101000011010000000
00111100001110101110001011010011
10111101001011110000011111111011
00111100111011010101010001110110
00111011011110110010100111101010
10111101100110000110100101001111
00111011010100101001110111110000
10111101110111111010001011011110
00111100010110011001010010100111
10111101100110001100101011010110
10111011101011011000000110111011
10111010000001100110100110000110
10111101001110110110011110000101
10111101000000101001111001110111
00111101100010010100010111001000
10111100100000111110100000010110
00111101000110111110101011001110
10111100111100011100001100110000
10111101010001111010110110111110
10111100111001010111110101000000
10111100010111110010001000010011
00111101001101100011010010110001
00111101001000010001001101101000
00111100111011010110001101001110
10111100100100011001110000100011
10111000110110100000111010110001
00111011110001110101100001011101
00111100110000010101111000001111
00111101000010100111000000100110
10111101100010111100000010010100
10110111111011010101111000001011
10111101011011001001001111000000
00111100111011001110100100000000
00111011011110010111011010111010
00111101001100100000110011011011
10111101010101101000101101011010
10111010100110011010111011110100
00111100111011001111011011110001
10111100010110110000101100101011
00111100111000011001100111111010
10111101100010101001110110010000
10111100000100000001101000000001
00111100000010011100010111100101
00111101100100010000101010011100
10111101001101111001000010110010
00111100011111100000110000100100
10111010000010110100011011001100
10111100101110011100110011010101
10111100011101000100101111000011
10111101000110110010001100110000
10111100100001001111110001000001
10111101010111001101011000010010
00111101011011001111100000111011
10111101001000011011010010111100
10111100011001101011110101100110
00111101001001100110110100011010
10111011010001011111110010000111
00111101100000101110011011101000
10111100001101001010011000111110
10111101011110010100101110110100
00111101101010001000110110101010
10111100111001111001110110111101
10111011000110001111110010100101
10111101100001010000101101001001
10111101100000010101100010101010
10111100101010000110101101101100
10111101110010111010110101100100
10111101100110011010011111011110
10111101010011000110100101000001
10111101110111011111010100010110
10111100101001011111010100000110
10111100111111111011101011100110
10111101100011111001010100100101
10111101101000111000110110010111
10111101011101011111011001010110
00111101100010101000011001010110
10111101110001000111011001111000
10111101000100110011000110011010
10111100100000001101010011101111
10111011100001101111000001101000
10111100110111101011100111010010
10111101001010100000001111000101
00111100010001100010000111101010
10111100011100010001001111111000
10111100111101110001010000001001
00111101011100101000010000100111
10111011010000011000111101111001
00111100000010101100000101101000
00111101100110001100110100100010
00111101001001110001110011010101
10111011111110000001000001011111
10111100110001000110001010101111
10111101001011010101010000100111
00111100010111111010110110111011
10111100100001100001111001010001
00111100101000101101100100111001
00111101001011111001000100110011
10111101011011110000100010100111
00111100100011011100110101100011
00111011001001110011001101001010
10111101011001100001111101101011
00111100001110001110011101011001
00111101001100011101000011011011
10111100011100101111111011110001
00111011100101000010011100011011
00111011101001110011011110111101
00111100000011111110110010001011
10111100110100101101000000001110
10111101100011100101100110100111
10111101000010111110101101111110
00111101010101000011110000011100
10111100000100010010010100110011
10111011101000010001100100010011
10111100000100101100110011001101
10111101000001001011010100001011
00111100111010000111110010010101
10111011111010010001001110001001
00111011100011011001010001111011
00111100010001011001001111111011
10111100101011011111010011101001
10111101010000000010011101000111
10111101001010110011010010000000
10111101000111001100011101011111
10111011010110111010101010001111
10111101101001101101101001001100
00111101100011010011100001000111
00111101100011101010110100010010
00111101000100010110000000100100
10111100100011110110011100000111
00111101011001101001010010100000
00111101100011100000111001010100
10111101010011110100111000011100
10111101011000000100001010010101
00111100010011001000000000011001
00111101001001011010111000010111
00111011111100110111001011010000
10111101000010110100001111010011
00111010000110001001110101001101
10111101001001100000001010001000
10111100110011010011110001000100
00111011010100101110111001100100
10111100101010100101110001100111
10111101010110101010100011100010
10111101011011000111011011101000
10111100011000111111110010011011
00111101010000101110110111011110
10111101100110011100101101101001
10111101010001111111111100101000
00111100100011100101010101000001
10111100110011111110011000010000
10111101010101100001011010111000
10111101010100010010010100100001
10111101011001000010101111001011
00111101101000010110011001110101
00111101010000110100100000010110
00111101011110011011101011010010
00111100010111010000110110011001
10111101011000100001110100101010
10111100110100010001001100000011
10111011100011110001011110010000
10111100101101101110101110011110
00111100100110010101101011111010
00111100000110001110111011001110
00111100011111010001000001111010
10111101001001010100101111111001
00111101011011100010011100111111
10111011111101000100010110101000
10111101001000100111001000010110
00111101000110110100000000100000
10111101101011111110100111001101
00111100101110000100110001011000
00111101000110111001011001111010
10111100100011100001110100011100
00111100110100110000100111000011
00111011011101101000100000110110
10111101010011000111011000100100
10111101001101101110111011010010
00111010001110101101100111110001
10111101100110111001101000111000
10111101100100100100010111111001
10111101011101001101111101011100
10111100011101110011100101110100
00111101010011110011001101001100
00111100110111010001000011100100
10111101011101100000110001011111
10111101011000100001011110010111
10111100110011110110110101000011
00111101010110001000101010111010
10111101010110100000110000011100
10111100100101100001000001010111
00111100101000010111101010000101
00111101011000000111111110101101
00111011110101100011110110000001
10111101100010001100110111010001
00111101100100101110010111100010
10111010101110111010101101001011
00111101100010001011011010001110
00111101101001100101011011100110
10111101000011010100001101001101
10111100000001001010110100111100
10111101000100111110011110110111
10111011110101000101010100110001
00111101100001101101010000010010
10111101011011001100101010010010
10111100100010110011111110000111
10111100111111110010101111001101
00111100010011011000101100111001
00111101011110100001100110111001
10111101001110001010001100100001
00111100011100100100111111111101
00111100101011111011010010111011
00111101100001001011001011110101
10111100100100011000011011000011
10111100000001101001111110001001
00111101010101111010000111100100
10111101100100100101111110111101
00111101100001101110011111001010
00111100010011011010100101011100
10111100110011101001110010100101
00111101011101111111001010001101
10111101000001010110111100001101
00111101000001100001111110101001
00111101001010110100000111000010
00111100101111100001010011011011
00111101001111111111101110110100
10111101000110011101110110001001
10111100111010000100110101001111
10111100101111101000000110001000
10111101001101010111001000001110
10111101011001100111111001100110
00111101001001001101100101100001
00111100110101100111011001100000
10111011011011101001110111010101
10111011101100111100010001011110
00111100001111110011011010010101
00111101000111110010111110001100
00111100100011111011001100010000
00111101000010100111010111110110
00111101000101101111011111111000
00111011110101101100010000111100
10111101110000011110100110010001
10111101101000011111110110001110
00111101011111110101111110101111
00111101010111011010010011011001
10111100000011000101011011011110
00111100111010000010111010001100
10111101010001010101000011100001
00111101010111110100011010001100
10111100100000001101010010011001
10111100001011111000101100101101
10111100100010110101010110110000
00111101000000011000101000111000
00111101010001110001001001111000
10111101111110010111110100001010
00111101001010101001011101111001
10111100010001001110000110011000
10111100111111000101010011100001
10111101001000110111100110000101
00111100000010111100000000100111
10111100001001100101101111111010
10111101100011110001010110011101
00111100111010011000100100111000
10111100110101011110100000010001
00111100101111101100000101010110
10111101000110011011011101010111
10111011110000001011011111100001
10111101101100111101001100111010
10111100111111101110010110000010
00111100110100111110000000010000
10111101110101010111001000010011
10111101100111011111010111001100
00111101100110100101011110010101
10111010110110010001100011111011
10111100001111101111111111111010
10111101011101000100010111100101
10111100111100101100011000101110
10111101000001001110110111010100
00111101000011111110100010011111
00111100101100110111110110111010
00111010111010011010111011111101
10111011010011011100010100101101
10111101000100010010111111100101
10111100001110000100001000010101
10111101010001110110101101110101
10111101011000100011101101111100
00111101000011000101100101001110
10111101000001100101000010011100
00111100000011100000010001000010
10111011010100110011010101110111
10111101101000100011110100001000
10111101100101110111001000001000
10111101101011100010011001100110
00111101011001100011100100010010
10111100110110100111100001001000
00111100110001001111010000010110
10111101001100111001011110010110
00111100000001101111100110010111
00111011110110011000011001001000
00111101100001110010101000011001
00111100100100010110001011101111
10111101010100010010101011100001
10111100011100000110100000001001
10111101011001100010001100101110
00111100110001111101011100010011
10111101100000110001000011011001
10111100111111101111001101001000
10111100011110110111100010011001
10111100100010000110110010111001
00111101011000010100010001000011
00111101101110011101000111010100
00111100110001100101001100000000
10111101100010110111101101101100
10111100100010010011000111000011
10111100101000000100110110111100
00111100011001001110100100000100
00111101100111011000111010100111
10111010010011000011110000111110
00111100100010100101001110100101
10111101000110100100111101010010
10111101010101010100110110001001
00111101011011011100100011010010
10111101000110111110101100101011
00111101011000001111110101111111
10111100101011101110011011010010
00111011101000000000110001011010
00111101011101000011101000111111
00111011001100001100100011010001
10111100100110100000010010000001
00111100100001111000111010011001
00111100100001001111110100011100
10111100111111001000010011110100
00111101010100011111001100110011
00111100100010001000010111010111
00111101000100010100111101011101
10111100101011000110100111000011
00111101001010001100110101111011
10111101100010101100110011011011
10111100010111100110010100111010
10111101011010111111001000110101
00111100111001101001100011101011
00111101001001111000000110101000
00111101000111010001111000101000
00111101011111011111101000000011
00111101001111000011101001111010
10111101100010011110001111000011
00111100000011011010010011100001
00111100011101100111110000001011
10111101101000100000000011001001
10111011111110000101100010001100
10111101000011100101110011111110
10111101101011011111010011000001
10111100001001011111001100010000
10111100110000110000001001101110
10111101010100110000101110100000
00111010110111000011100001001011
10111101001010110110000000010101
10111101101001000100011111101000
10111101000011010001100011000110
10111010010100111000100110000001
10111101100010110000100111111011
00111100011010101100011110110010
10111100110110110000100001010101
10111011101110111011001110100011
00111100111100010000001101000110
00111101101110100111100111000010
00111101101010111101011011110101
00111100011111110011000110101111
00111101001001110110110110100011
00111101000110111100011000110011
10111101010010100111000000110101
10111101001111111101101000111000
10111101101010011101000110011111
00111011000010110101110110101111
10111101001101001101100100111001
10111101010010100011010001001000
10111101000111011000111101111011
00111011100111110010010110001001
10111101101111100000101010000110
10111101010101101011011010101111
10111101010011100110011011011111
10111100010111100011111010110001
10111101000010001000000101111111
00111100001110101011010010001001
00111101000100111000111000000001
10111001100011010000110000011111
10111011101110011011000110010001
10111101001111110111111101011011
00111100100111000001000110101100
00111101000001101000011110010111
00111101100011010000100000110110
00111011110010000000011101001010
10111100001110000000100001111100
10111101100111000001000000001110
10111101001001111011100000000010
10111101011010010010010101000010
10111100111011101111111000011111
00111100100000101100100001011011
10111100111001000100111110110100
00111011101010111100011100101100
00111101011110111010011001010111
10111011100001100011100110110110
00111101001011110010111101001101
00111100001010010111110111011100
10111101010111111111100110100110
10111101010011001110000011011110
10111101010011111101100010100010
10111100110010000010000101100110
10111100101110100000101100000101
00111101100010110010010101010110
00111101100100111011110101110111
10111100111011010001100101101101
00111101000001000001110001111001
00111100111111111110110010001110
10111101101101111010001010110110
10111101001111010001000100111100
00111100100100001110000000111000
00111101010011110100001011111001
10111100111000011001000001010000
00111100101011001100011110010011
00111101011101101000000010110010
00111100100011011010001111111111
10111101101010001010000000100100
10111101100000001000010000011101
00111101100000100011010010101010
00111100011110111101011111101001
10111101001000110101001011100111
10111100010110011011010100001011
00111101101001100111001111010001
10111101101111010111011110101100
00111011110000100111101111000010
00111101001011011110100001110110
10111101100011110010001010011111
10111101110001010010110011011111
10111100111110001011010110100011
00111011100011111111010010001110
10111100000010000001000110110100
00111100001110100110011101000010
10111100110001111011111001011101
00111101100100000011001011011100
10111101010000001010101000111101
10111100110101110001010000101010
00111101000110110010001000010000
00111100001001000100110000011011
10111101001100011101001011111001
00111100011111100010001101100011
10111101001000011010110111011100
10111101100000101000111101001110
00111100100011011010011100100001
10111100111011000111010111100001
00111101000001010101110101110111
00111011011110110010100010011101
00111011111101010011111111011110
10111101101010010000100101100101
10111011111011011010011010101011
00111100110010111111010010011111
10111011100101000011101110010111
10111011111000101100100100001011
00111100000000101010011111000110
00111101010101100111000101001110
10111101001111011101001000000010
00111011001000101010011111010011
00111100111110111100000000001010
00111101010010111100010001001011
10111010101011110010000010111001
10111101010101011110010110000010
10111101001111010100011010011001
00111011001111010011000001110000
10111101110100010110101000011001
10111100101101101001010100100001
10111100111011111111001111100011
10111101100111101000011000010000
00111101100101111101101000100001
10111100100011110100110010111000
10111101000100000011111011001010
10111101011000001100001001011011
00111011000010011100110100010111
10111101101001001000011011001001
10111100111010100101001101101110
00111011011101000101011110100110
00111101010000001101011101000010
10111101011101001111111101110111
10111101010110001010111011111111
10111101110001011011111011101101
00111100000100110110100111000110
10111101010000111011011100010111
10111101101001000001101111001010
00111011111110001111001001010000
10111101100100010101100001101011
00111100101010110001110011011010
00111101100001001010000000111010
00111011100101001100000101000010
10111101000001010101110000101111
00111100101000011111111101000100
10111101101000010110010111001101
00111100111100001111011010000111
10111101101001011000101110100101
10111101010100011010100101110010
10111100000001010000011101011100
00111100101001100000111001011111
10111101001011000001110100100010
00111011111000100010111100001001
00111101011011101100101100101110
10111100001110110101010110010110
10111101010000100000010010100010
10111101000011001111111111010101
10111100100010110110011110010000
10111101011101101000001101011010
10111101001010011111101101110001
10111100101001100010111100100011
00111100100001111111101001001101
00111100000111100001000111101011
00111100001110101101111001110001
00111100111000011011010011001011
00111101101000000010011101000100
00111100000111000100110100000001
00111101110101100101110011110100
10111101000100010010101111100010
10111101010001101001101011010010
00111101000011100011011110100100
10111101110100100010010100110100
10111101101010111000100011010011
10111100101010110111010010110010
10111100010110110010001111001010
00111101011100001010011000000110
00111101001101100110000000101000
00111101001100100100011111001000
00111101100011101000011110000110
00111100001010001011101111101011
00111101000110110110011111111101
10111101011001011101110101100111
10111100001010100101010011000000
10111101011111100110101000110101
10111100100101001100011100110000
00111100110011010010100011111101
10111100111110110111100000111111
10111100011011001110001111010000
10111100010011000110011110101110
00111101000001000001011110110101
00111101010000110111000111100101
10111101011000111100011000111000
10111011010011100111011001011000
10111001111011000100001011000010
00111011111010100010011111110101
00111011111111100011011001001110
00111101000110100101000111111010
00111101010000011100110110110111
00111101011000100100011101011100
10111101011001111100101011010000
10111100011011001010000101111000
10111100100011011110101111001100
00111011110111010111101100110110
10111101001011010101001111111100
00111100010001110001101110010011
10111100101010001110111100011100
10111100110111001101000101000100
00111100100010000111001110000001
00111101000100000011110111010011
00111101100110110001111000101101
00111101010011100010110100001100
00111101000011100110011101111100
10111101000111000101101000110000
00111001001000001011111100101110
10111101101110111101110011101101
10111101011100001110001101100001
10111100111111100011000100101101
00111011100100011011110000100010
10111101000110100000111001101111
00111100100001100010011101100011
00111011111100111100000100001110
10111100000100001010101011101011
00111100000111110011000000000111
00111101100000000001110010111100
00111101011101111011101011100011
10111101101011011010101001010011
00111100110010011011100100001011
00111100010000001101011100000000
10111100001111010111101100000100
00111101101110000000010111001101
10111101001001000011001010001100
00111101010011110110001000110111
00111011110010111011110010111101
10111100010010101101101111110011
10111011001010000111000110110000
10111101010011001101101010111100
00111011111001001100100000101111
10111100111100100100000001000110
10111100001111010101001110000101
00111100000110111011101101001110
10111100101001011101110010011100
00111100001001001111001010011101
00111100100001011010000010101100
00111100110110110011111101011010
00111100100011111100100111011011
10111101001010101111110001100110
10111100101001101000001101101011
10111101000100100111100101011101
10111101000101011010011011100110
10111101000100000100011011000100
10111100100110011111000000010010
10111100110001000011101110000100
10111011101111101100100001000000
10111100000101011010010010110000
00111100110100101100001001111010
10111101110011001001101011000100
10111101001011011011100001000110
10111100101011001011001100000011
10111101000101100000001001101101
10111100100111000101110110111101
10111101110101000111110101111001
10111101100001011101100110011000
10111100110011000001100100001000
10111101011000110000010100111000
00111101100111001110001110110010
00111101001010001100011110110011
00111101100010110111110001000110
10111100111100000110011000111011
00111100011111110110101000010111
10111101000110100010010111100010
10111100111111011001011101100100
10111101100010111001010100001011
00111100111000001111000011000111
00111101000110010110010000011010
10111100100011011001010101011111
10111100000000011110110100111011
10111101011100011100000101100000
10111101001011011100010011011010
10111101010111110000100011001010
00111101001110010111110111010110
10111101001101011110101110100111
10111101011101000101110001100111
10111101110100100101001110110001
00111101011101111101100001000000
10111101101110101111100100110101
00111011100101100000001101100100
00111101010101011110000000110110
10111011111001110001000001010110
10111011110001110101111010000011
10111101100100001011100010010001
00111101011011101101010111110101
10111101000101101101010010111101
00111100000000100111110111110100
10111011111100011101010111100111
00111100100100100000000100101110
00111101101101100000011010010010
10111101000011001001101111000011
00111101001001101000010010110000
00111101101010101010001110110010
00111101101111111110100011010001
00111101100111101011010101110111
00111101001111011001101111000100
10111100111001100111000001111011
10111101011000001110000100111000
00111100010000111000010010011000
00111100010010101100000101011110
00111101000011110101111011001110
10111001000010100111100110000110
00111101001010010111100110110011
00111101001100100000100110001000
00111101011011110110100101110111
10111101100100010111010101110011
10111101001110111001111100011011
00111101100001111010001111111011
00111101011101011000100111011101
10111100101100110111010000011111
10111100110000011001110111011001
10111101001101100111001100111000
00111101001000110011000010111001
00111101011101110100100010000010
00111100110000110010000001101001
10111101100100101100110001000100
10111100100111011111101110110001
00111101100010100111101110111100
00111100100011100011010011100001
10111100000111011111100111101011
10111101100111011010101010101111
10111011111101100101000010101111
00111010110001111101001110111110
00111100111001001000010110110001
00111101010011010001010000111001
00111101010000011001001010111110
10111100111010111001100011000100
10111100101101111010100010000101
10111010011100000100111011100011
00111100111111101110110110111101
00111101001100011010010001101001
10111100000000100110000111000011
10111101001111111110011000001011
00111101101000000101110100010011
00111101001011110011111011001110
00111101001011101100001010111110
10111100101100010010001001000000
00111100000010110100001111111001
00111100100010111100100000100111
10111101010010010100000101100111
10111101100010111100000101010011
00111100010010010111101010100001
10111011010001000101011111111111
00111011110110001001110100000100
10111101000010110010011000010010
10111101001111011100111010101101
10111101000011101111000100000100
10111101011000101100100011101011
10111101011100111001110010001110
00111101101011111111100110111100
10111101011110110001001111000000
00111101001001110000100100000110
00111100001100110001110011111011
00111100000111101001111010111000
00111100111010010101100010000001
00111101100101110100001111111011
10111101101111000010111011011101
10111101010100101110011000001000
10111101100010001001010111100110
00111100001001110100111101110101
10111101100100001010101010010111
00111011110011011101101010111101
10111100101011100110100101111110
10111101110000011111110100111111
00111100111000001101110100110000
10111100110100010111011001001011
10111100011011001110000111110101
00111100011000110100000001010111
00111101101001000100111010010010
10111101000101111111011000110010
10111101001101001010110001101101
10111101100001111010000100101000
00111011111101111100101100001010
00111100001000101111100010100001
00111101010000001011111100001001
10111100100100100111010010011001
00111100111110011010101000100000
00111100010111101111101111111011
10111101110000011000011100111111
00111101000110000011100000011111
00111100000001100100001010000100
10111100111010001000000101001100
00111100000000100100100101011111
10111100101010111111101000101010
10111011111010110100100011111001
10111100011000111100000011011011
00111101100000110111011111111000
00111011111101100111110111000001
00111011101010101101110100000110
00111101010010000100111100010100
00111101010001111010010101100110
00111100000100101001110111011100
10111100010100111111101110000001
10111101011001001000101001011001
00111100111000111101000110001111
10111101101000010010110001001100
00111101001100010001100100100011
00111101010001110011101100001110
10111100110110101010000001101000
00111100011011000101011010100010
10111101110001011011101100111001
10111101100100001010111100110111
10111100100000101000100101000101
00111101101010001010110001111100
10111100010000110011011110011011
00111100001000001011110101000110
10111100110111111010100000101111
00111101100111110011111100001010
00111101100011000100001010101111
00111101100011111100100111100101
00111100111110011001000001110110
10111101110110100001100101001011
10111100111001011011000101011110
00111100100000100101101001111000
10111101100101011101000000001110
00111100100110001100100010000100
00111101100101001000011100011100
00111011010100111001101000011111
10111100110111101000010001111101
00111100110000010111000000011111
10111101000010101110110001101001
10111101010011010110000111011000
00111100000001001100100010000000
10111101011100100100111001110100
00111011101100000010000100110011
10111101010000101010001001010100
10111011100001110111101100001001
10111101000111011101000101100101
10111101101010000110111011101111
00111101011110110111110010101010
10111101011001011100101001110101
00111100111011010000001111101001
10111011100010010110101010000111
00111100010111001100010001001000
00111011100111010010111001000101
00111101011101111010011000111110
10111100110001011111001010101000
10111100110110110001010110000011
00111101001101110110100101100110
10111101000010001110101111001010
00111101001110010111111000101000
10111101001000111110101110001010
00111100000011101001110011011010
10111100111100010110010110101100
00111100000001010011000011100010
10111101010011101101111101010011
00111101011010000011001001101111
10111100110000110111010101101011
00111101000001011010110011010101
00111101101010110011010011101100
10111101100111011010100110001011
10111101000011000111110001111011
00111101100100100100011100000101
00111011110101000111010110011111
10111100110010001001110100010010
10111101010000101101100100001011
10111101110001011011001001000100
10111011110011100011110101101001
10111100001000011110110110000111
10111101000110100100101100100110
10111100110101001000000101100010
10111100110000101001101110100010
10111101101110111110110011101111
00111101011011001010111100010001
10111101011000001111110001000000
00111011100000110000111000110011
00111101001011101111010001001110
00111101011011111010001111100000
10111101000011000000101000101100
10111101100000011010111101110110
00111011101001000000111000110101
10111101110010111101001100000010
10111011100000001001110111011111
00111101100011010100101111110011
10111101001100100001111001010110
00111101001001101011001000010110
00111101000001111111101000010110
00111101001111001001101000011010
10111100101011011000011111111101
10111101110110000010000011100110
00111101000101000000010100100101
10111101101110001001001100100011
10111100011111001111110010111101
10111101000110000100100100011011
00111101001001010110011010000001
00111101101111001101011000010010
10111101100010110100100010111100
10111100110000011100011100110000
10111100111101000110111111010100
10111100111001110101010100100100
10111100101000001101100111101001
10111101001000000101011011011101
10111100100000101010100001001100
00111100100100110001011101111100
10111101011001000100010101101111
00111100011100001110011110011101
00111100011000101011110100110001
10111100010000110010010011110000
00111101000010011000010111111001
10111101010111010100100100000010
00111100100001101101111110110110
00111101101001100010010101000101
00111011101101111111001010101010
00111101001000010110011110010110
