00111100001110100100010110010101
00111101011101010101100011101000
10111101110000101110101110001110
10111010101100010101110001000011
10111101001101001001101010110101
10111101011100011111010010010111
10111100010001010110000100011101
00111100110000001100001011001101
10111101110010110110110000001000
10111100011010010111011010100010
10111101110000001011110011010011
00111100001110011101001010000001
00111100011001100000111000110101
10111101101000001000010100110010
10111101001111110010010110111101
00111100001001111000010001010010
00111100010010110111100110111000
00111101100000000010100101011001
10111100110001100010100000011110
10111101000011100111011010010110
10111101010000001010101000100011
10111100101010100001011001110111
00111101001011110101100101001100
00111101100000110011011100111101
10111100000111100110010011100110
10111101000101001101011010100000
00111100101001101011110000111111
00111101000000110010111110000111
00111101110011010011110001101100
10111100110000000000000101000001
10111101001110001000010110000101
10111101000101101101111010110110
10111101000110000110000000110101
10111101011001100011000000100011
10111101000100011101111100011110
10111101100011011000011011000011
10111101001011101010000001100000
10111101110111011111100010111000
10111101010110011011001011001011
00111100100000100011101010110100
00111101000001010010101101001110
00111101000000110111000110111111
00111100111001111010101101001010
00111100010110111101000110110001
00111101001111111011110000101001
10111101101110001011000001001110
10111010111101101000111110111101
00111101101100001000110101011101
10111101100111110100110100100011
10111101001100101101001101110010
00111011111110001100010111110111
10111101100100011101001011101001
10111101100000110011010111011011
00111101101000001011110100100101
10111101101101111100111100110101
10111101010010000101111110011001
10111101000001111110000000000110
10111101000011011010101101000101
10111100101000101100110010000111
10111101000111001111100100111000
00111100100000100100100010001000
10111101001001010110100100011011
10111100010010100101110010111001
10111101011100001110100000010011
10111100010011111010111100110011
10111011110101111111100001010111
00111100000111111010000111010110
00111101001100000100100111001011
10111101001101110001111011111001
00111101001010111011110110010101
10111101111100000100100101110101
10111011100010010001001010110100
00111101000100011111101110111100
00111101010100010110011110011111
10111100101011001110110001000010
00111101101111110101100010110101
00111011011010110001101010100110
00111101110010010101100001101110
00111010100001011101010000010001
10111101000010010010001010001111
10111100110010110111111011011101
10111100101110101000010101011010
00111101011010010110101101110111
10111011111001110000011101101101
10111101101011111001011110111110
00111100110011010011011001100111
00111101101110110101100100011000
00111101100010100001011010000001
10111101011011011101110100100101
00111001000000100111100111110011
00111101001111010011000000001111
00111101000110000100001100010010
10111011001010100110110110000100
10111010110010000011010101110001
10111100111110110111001001110001
00111101100000111101011010101000
10111101010111101110101101110111
00111101100010101111101110001100
00111100010100101011111110111000
00111100110100101000111001010110
00111001101010000100001100010011
00111100101010100010111001101100
00111100011111011001010011011010
10111101001000001110110111000001
10111100110110111000100010010000
10111100100000111001110110000011
10111101010100001011110111111110
10111100100010011001010100111111
10111100011110010000101100001011
10111101101111101101011100100100
10111100000011110010000111100010
00111100111100000100100001111001
10111011110111010101110000000110
00111100001110101110101011100000
00111100110010011100101011100001
10111100101110101101010001001010
00111100000110101100001101001010
00111101011100100010010101000000
10111110000000111110010011101110
10111011111001011100111011110000
00111101000010000101001011011011
10111100101111011001110111011111
10111011001100100010111010101010
00111100010100101110011010011001
00111101000011111111010000101110
00111101000101100111001101100000
00111011001111000101010111111010
10111101010111001101100010010001
10111101100000110001000001111010
10111101000000000010111011101101
00111101010101001001101000101011
00111101100010001010111010100111
10111101101101011000110001000100
10111011111100000111101011111000
10111101000000000010000110011101
10111101100010101100000111011010
10111101000010101110110101011100
10111100000011010101010010111111
10111101101110100100100011001101
10111100100110100100110111101000
00111001101101000010101100100010
00111011010101000010011100101111
00111101011111010111101100010010
10111001111000100101011000101011
00111100101001011111011110111011
10111101010111110100010011011110
10111101100000100011100100100011
00111101011010100101101111011101
10111101000010110011011100101001
10111101100000101000011001110001
10111100010111100010011110110100
10111101100100001001000111001101
10111101011000011110000101011011
10111100100111100100110010011010
00111101001111100000111010110001
00111101010001011010100111011000
10111101011101111110101000101101
00111101001010000010000100001101
10111101110010100111001010100101
10111101001101101111101100000010
10111101011000000000010001010000
00111100100010011001101111101100
10111101000100100000000101101000
00111100101101111011001100100011
10111101000001001001001001001000
00111101010110101110111111110100
00111101101100110110010101100100
10111100100001111110110100001010
00111100000101111111110010011110
00111101010110101001101100000000
00111101010001000001010000001110
10111100111111100101011000101010
00111011101100101000100110100110
00111101001110000011110000101110
00111100111101000100011100001001
10111100100011101000011101101111
10111101000101000010000010110010
00111101000001110101111011001001
00111101011111110000110111100011
00111101001101000100110110111001
00111100011000101110100010001111
10111100110011010011001010110110
10111100111100010100000100111101
00111010101111100011100011000000
00111101000111001010011100111011
00111100101110111001101100111001
10111100111100110110111100101010
00111100111001100100101100110000
00111011011111101100100100111011
10111101010101100110000011001100
00111101011011111101100101000011
00111101000011110001110001010010
10111011000110101100011001101011
10111100100111010000110101111001
10111101001011110001101010001111
10111101000101001000111010010000
00111100010000001011100110001010
00111100100110000101011010011110
10111011110110000010001010000110
10111101000010000100011101101101
10111101110000111101010010010001
10111011001100011100110001000101
10111101001001110010111011100111
10111100111011001110101011100011
10111101001110101110111001000010
10111101110110110001011100011011
00111101011101011011000110001100
10111101100101000100100011011000
00111100000011100101111000101011
00111100110000011100001110001010
10111100010010111000111111000000
10111100110010010011111101011101
10111100100001101100100110111100
00111100000111000110110101111100
00111011010010110001110000110100
00111101001000110001100110111111
10111101101011000001000001010111
00111100100001101100010111101001
00111101110010110101111011000010
00111101000101110000001100110101
00111101011101110111000001001010
10111101000011000101010110010010
10111101011110101011010101011011
00111101001111110000010110110000
10111101100101010111110001100100
10111100100010011000110110011111
00111101000101000110000100111101
00111011101110101111111100010111
00111100101000110001011011011011
10111101010000101000111101010001
10111101010000110100010111001011
10111011001101010110101010000101
10111100101111010100011010001111
10111101101110001001110101111011
10111101011111100010011010100110
10111100110110100111010011010111
00111010110110100100000110000100
00111100001011011010111101111010
10111101010100110110111010001101
00111101101001100110101101110000
10111100110010001000101110100000
10111101100110000001110111111001
10111011011101011011111010010111
10111101101011001001010001100110
10111101101011110101000100100100
00111101110011111010100110110101
10111100101001000010100001010111
00111101110100010010001100101011
00111101001000000110110000000111
10111100101111111110011111010100
00111100100010000011101101110110
00111100110110100110101100111011
10111101101010110001101011011101
00111100111000011011100001110101
10111100111011111010101010011111
10111100100010111111100110001010
00111100101111101100000000110001
00111101001011011110010110100100
00111110000001000010111011011111
00111011111000001101111000101101
10111100001011111011100010111001
00111101100110000110100001111000
00111100010000000011010101011010
00111101001100000110001010000111
10111101000100001101100001101111
10111110000000001011010110001000
10111011011000110000000011101110
10111101001111100111010000100101
10111100111011111001101111000110
00111101010011000101011010000110
10111101110000111000010000000110
10111110000000010101001001011101
00111101101001000111000010111110
10111100110101101001001111100100
10111101100001110011110101110011
00111101100101110011101011001000
10111100010000010010101010000010
10111101111000110001011010110001
10111101000011000101011000000010
10111100100001001011011000000110
00111100010100101111100101111110
10111100110110001000011101100011
10111010000000010001110010000100
00111101101010111111100100101110
10111101101110000101110011101111
00111011011100110100111011101101
00111101010101101101100110010001
00111101100011110001011010001101
10111101011100010000110111110001
00111101011101110011000100111000
00111101011001000001100111111000
00111100010001010010001101001010
10111101011101100110010110111011
10111101000001000001001111010100
10111101100001110010100101111101
10111011101011100100010010110010
10111101001010111111111010101000
00111100101100111101110010101011
10111101010100110011111011110101
00111101001001101010001101001111
10111101000010111011111011011011
00111101011011001010100001101101
00111100100110101111001111111000
10111101010000001100101001100110
10111101110110101010010100111110
00111100101000000101011010110000
00111101011101100001011111111101
10111101010011110010111010001110
10111100101111100101011010110000
10111010111000011010011100101100
00111100101001101111011011011111
00111101101000100111001111001001
10111101110101111100011000100000
00111101001110011001111111010011
10111101010001110001001110110011
00111100000111010100001000101101
00111011110101101000000011100111
10111100100111001011111001000110
00111101010000000110011111010100
00111101101001010110101110111011
10111101000000110010101110100001
10111101100100010000101110100111
10111101111110011010010011110101
00111100101010111110110100001010
00111101110011110000101101001111
10111101010100001101101111000111
10111011101001010100111011001011
00111101111001101010100110100000
00111100111000010100000100000010
00111101101111001110000100001100
00111101100001100111010111001000
00111101001000010100010000001011
10111101100111101001010011001011
10111101101110100001010000110101
00111011101110011001010010010010
00111100001000100000111100010100
00111100000111101110001010000001
10111011111111000010111001101101
00111100110101110101010110111000
10111101010101011101000010011111
10111011111110010010101110000010
00111100101101101010100001001000
00111100100100000110110001000111
00111100101100011110010101111110
00111011101000011001000001011101
10111101001010010111001011010101
00111011101110111110010100101100
10111100111001001101001011001110
10111101000100111100000001110110
10111101001100111100001001011000
10111101001011001100110111001111
00111101010111001101001100010001
00111100100111000000101011110101
10111100100110111100010010101111
00111100100111110001110000001000
00111101011001011000101000110111
10111100100001101000111110000010
10111101101010101000100110101110
00111101010000101110111011101111
10111101101111001101100011001000
10111101001101101010000000000001
00111101101001111001101100110001
10111101011100111101000010010101
00111100110101011010001110100101
10111100110000010101100110000001
00111100010011000001101110010100
00111101010001000001001110001001
10111100010101101110011111011101
00111100000010000001101001101001
10111100011001100011000100001000
00111101100101110000000000101100
00111100011011110000011000100111
10111010001110010001111111111101
10111100011000011110010001011111
10111101000001111010010010001110
00111100010110110101111000110010
00111101010110001010011000001011
00111101000001110111010111010110
00111101001010101110100010101111
00111101001011011100001100010101
00111100101001001000111000001111
00111101110011001111111101101010
00111101011011100011000001111100
10111101011101001001011001000111
10111101101000010111111101110000
10111100100111011010110100100111
10111101000011000001010000010101
10111101001000001110111111000111
10111100110111101011000001011001
10111101001111111110010001111101
00111101101100010000100101001001
10111011100110110111001011010010
10111100001100100100100110001101
10111100101100100101101101001000
00111101010001011001011110100100
10111011001001100011010111011111
10111101000110000001101000101001
00111011101011010111000110011111
00111101011100011001010100000111
10111100101001110100001011111101
10111100011111101010100100101011
00111010110100011110000000011000
00111101100010000100111111111000
10111101000100111111011011111101
00111100111101010101111101011101
00111100110100100100110101101010
10111101011001010111100110001011
00111011111101110100011110000000
10111100110100101100010011011110
10111101001010010010001010110100
10111101010111111010100110011000
10111010101001100001110100100100
00111101100110110111000010010100
00111100111110000001001101100010
10111101100010000001010001010110
00111100110100010101000001001110
00111100110010001111011010001100
10111101011101001100100110011001
00111100101101000010010011111010
00111100110001100001001010011000
10111101010110000110111111101011
10111101100010001101010100000101
10111101011010110010001000011101
10111101011110011111111010100010
00111101101011111010011100010111
00111101101111000000000100001010
10111101000000111010111000011110
00111101010110111101110110010010
10111101000111001101100000011100
10111011100110001110101011001100
00111100010010100001100111000111
10111101110001010010010011000000
00111101100010110110101001011110
10111101010101010111101010010010
10111101001011100000000001011110
10111101101011100011101011111001
10111100101010111000001011000010
00111011100101001010010110100110
10111010101001111110101111000011
00111101011110011101111010111110
00111101000110101111011100010000
10111101100100000111001011110101
00111100101001101000101100000001
10111101110100000100010011110100
10111101010010100001011110001011
10111101101001101011000001101001
10111101110001011110011010110100
00111100100011100111100100111010
00111101010110101001010001000011
00111101001110111001010110110101
00111100111011111110011110100001
00111101000100101000011000111111
10111100111010101110001011011111
10111101100001001111101101010101
00111010110100011000000001100011
10111100100010001111100010000001
10111101100010000011000111101110
10111100100110111100001100000000
00111100110100101101110011110110
10111101000011101011001000101000
00111100100000111111001010101101
10111100100000011100101010100011
10111101000111011011011111101100
10111100101000010000111000001000
00111101100101010101001110000000
10111100011111111110101100000101
00111101101011100001110001100111
00111101000011001110000110000000
10111101010110000111100111010000
00111101010001000011100001001111
10111101001101101001100110111110
00111100001001111101000101101110
00111101100010111011010111011000
00111101011101000010100101100110
00111011010000001001000111011010
00111100001010001111100011000110
10111100110101100011100001011011
10111100010100010111100010010010
00111100101100110110110110011001
00111101000000100000011100000111
00111101010011110111000110101110
10111101010011000011110000011011
00111011100101011001101010111100
00111101010011000000011010111110
10111011101101010000100101010000
00111100100000111110110111101011
00111101010101000100010111010111
10111101010010100100000010111111
10111101001111010011000110100110
00111101100101100110100011010011
10111100100110010011010010110100
10111100111001100011001010101001
00111100110000110001110001101000
10111010101111101011111110110011
10111101000011100001000010011110
10111101011000011101010101101010
10111011101101100111001110101000
00111101101010101001001010000101
00111100100001110100111111110000
10111101000110010011111000111110
10111101000111111111100110101001
10111101010000110001100110101011
00111101101000111110100001100101
10111101100001101001100100110100
00111011011110110010000000110011
00111100100001011101011110101010
10111101000101010011011100001110
10111101100001011000100110100011
00111100110110101000000110001111
10111101001100110011111000010000
10111101110011010011110000101101
00111101011000000101001000011111
10111101011011011010110000001111
00111011000010010011010011100111
00111100110100101101001011010100
00111011010110100100111000001100
10111100111110010001001111000100
10111101010001010110110111000011
00111101100110111100000110011001
00111101011010001111011010100110
10111100010101011010001111001010
00111101001110010011010100001111
00111100101111110101101111110111
00111011111101101110010101100100
10111100111001011001000000010011
00111101100110101010010110011110
10111100001111101011110011011100
00111100000101100100001011100111
00111101100110001011111101000111
00111011010010011110000110110011
00111100001011010100110011011010
10111100111001000101011110001110
00111101100110111000111100011001
00111101100011100111001001001100
00111100011101111001111011001110
00111101100110011010101001010000
10111101011110110111100111101100
10111101011100110101000001101101
10111101001011100001110100011101
00111101010110110011010010000011
10111101110101001110110011000001
10111100100111011100010100000001
00111101101111000001001101001001
10111100111101111100100101010101
00111100100011111000111010000000
00111101100001001100001100111010
00111101100100111101001110100000
10111011111101001011010110110110
00111101010000110110010100001101
00111101010001101100101000001111
00111101000101111000001100011110
00111011111100001001010010111011
00111101010000101100111010110110
10111100111110011001010100110111
00111100100110101101111110101110
10111101001001000101000000001011
10111100100110001111010101100100
00111101100001000101111111101101
10111101101101010001010001001111
10111011010110101010000110000010
10111100010001111111010110010110
00111101010011110011001101001110
00111101100001101110100000010010
00111100110011010110011001110010
00111101000101011010111000111011
00111101101001011001100111110001
10111100100111011110101010010011
10111100101101000000111010011111
00111101001010000100010101000011
10111100001010011101010111011010
10111101011001100110111110111011
10111101010100000101111100111111
00111101101110101011010000111010
10111101100110000110010001000010
00111101101000100001010110111101
10111101001000001100110001000000
00111011101010100010100011011101
10111101100000001111001000001001
10111101110010100101101111000101
10111011111000110011101001000000
00111011110000110101110011000000
00111101010101101000101011001111
10111101011110110110000010000100
10111101010000101100111101101110
00111100010110010111011000101101
00111101001100011110001100110111
10111101100100111011100000010100
00111101100101001011101100111111
00111011100101110101101001110011
10111011101101111110111010110010
00111100110101110000110111111011
00111100110010100111101101101111
10111010110010100000001000010011
00111101100100000111001100111000
10111100110100000111001101000010
10111101001101110001111110100010
10111101000000110110100111011110
10111101011110000111111100110000
00111100010110110101101111111001
00111101000101111000101110010001
00111101000010000100111100001001
00111101010100110100111010011011
10111101001001100101100011010101
10111100101011001010100100000010
10111101101101010000111010000000
00111101101101010111011111001100
00111100101000110001000010010011
00111101000111101100001000010100
00111101000101010100011011000101
00111100100100010000101111000101
00111100101100111101110100011011
00111100111000011111001101100010
10111101110001011011000110110001
10111011011000100100001110101000
10111101100101010100010100001110
10111011001000000001111101111011
10111101101100100110000111011110
10111101010001001000111110010101
00111101100010100100001100011011
00111101001111101000010111011111
00111101000101010011011010011000
00111101000001110011000110101010
10111100000011111111101010001110
00111101000001111011001011010111
10111101001100010001010010001001
10111101101011001111000010110011
10111101000111101110011110101100
00111101101001110110000101010001
00111100110000001000011111001011
10111101000011111000001000101010
00111011110110111001000111011111
10111100001000011010101110100111
10111011110100011110110011100110
00111100110000010111011101010100
00111100100101001111100110010001
10111011101010000000100100001010
10111011011111110111010101000000
10111101011010100111110011010100
10111101100001000111011011101001
00111101111000001110111011001000
10111101001011010111101101111000
00111100101000100000110000110100
00111100011010110010010110001100
10111100011010001100000000000100
10111100101011101100000000010110
10111100111011110100001011110111
00111100110011100010000101001110
00111101100110010100000110010000
00111101100000101100011101010111
10111101010100111001011011000110
10111101000111001010011011100000
00111010000110000100110001000111
10111101010111111110101010001010
10111101001001010011110100010011
10111101110101001000010011110010
10111101000010011001000110110000
00111100101110001111101001001000
00111011110000101000100100010001
10111101101111110101100000101110
10111101010111000010110000101110
10111100110010111000110011110000
10111101000100111101001101101110
10111101101000001000010010111110
10111101000101111100111011101011
10111100110000100011000010010000
10111101000011010011101000011100
10111101101001101010100001100000
10111101111100110100001111000000
10111100101000100011110111110000
10111101010001110100011101000101
10111101100110111000100111101111
10111101101100011100000110110000
00111100100101001001101010100001
00111100101111100100011000001100
10111101010101101111010110000011
10111100110110100010011110110001
00111001011100010011011010011010
10111101101111111100000110101011
00111100110100110111011001011110
00111101010101011010000111111001
00111100001100101011110011101001
00111101010011110111111001101000
00111101001101010000110001011100
00111101010011100001010101100111
10111100001111101100111100000111
10111101010010010101101111010111
10111100101110101000010111001000
00111101011010011111100000011011
10111101101001010111011101011101
10111001110111000100111011001100
10111100101010010111010110110000
00111101010010111010101100111001
00111101000100010000010110000111
00111101101111000011101101000000
10111101001011100111000101011000
10111101010100010000010100110001
00111011111100011000100001110010
10111100100010110000110000010111
10111101010100010101100110011101
00111101011011001010000011101110
10111101101011111110110111011011
10111101000100101000111001111010
00111101010101101100100111000001
10111100110011101000001111100000
00111100100010100110101001100010
00111100111010000100000101110100
00111101001011101010100011101010
10111101100001010110110001101111
00111100111011110010001001001001
00111100101010011001101000000100
00111100110111001110001101101100
00111100001101001000100100001111
00111110000001101000010000111110
00111101011000011000001001010000
00111101100100001110011100001100
10111100001110110101111011101000
00111100100101111110011001111011
10111101111010101100011011110010
00111100010001001001011101001000
10111110000011000010010110000001
10111011110101001001000101110011
00111101110000000100000010010110
10111101001010111100001000000001
00111011011110000110111101011010
10111101100110100101010010000100
10111100101010101111111100101000
00111100000001100011110010110100
10111100011100110011101010100100
10111100001111100010001011011010
00111101000110001100111101010000
00111101100101010010101111100011
10111100011010000110001011000100
00111100110111011001011011100110
10111101011101100001000110000010
10111101000010000001010110110001
00111101100001001110110000100010
10111100101001000100100011111110
10111011110000101110101110011001
10111100101011110010100000111111
00111100100001100101111000010011
00111101001010101101111101011110
00111101000011001001101000111101
10111101101111000101001011011110
10111101011000101011010101111011
00111101000110111000000000000111
10111101000110110001111100001111
00111100111000100000111110100100
10111101001101110001111001110000
10111100000111101101110110110110
10111010000111110001110111010000
00111011101010110011000111001010
10111101001101110010000011110010
10111011101000100100000010000000
00111100001111110000110101010100
10111101001101101100000110011011
00111011101100000101011011000111
10111100011100010001100001001111
10111100101010000000010011100000
10111100000000111011110000011011
00111011100001101010001100111010
10111101000111000001111001101011
00111100001011010111000011101010
00111101001000110111011000110010
00111011000101101001110001110100
10111100110111110010101111000001
00111100101000011011000011010011
00111011001011100111110111001101
00111101000110010000010001111011
10111011011000111100010100000101
10111101010000100110111101010111
10111101001010011101110010111001
10111101010010000011110110111011
10111101000110010100101001000100
00111010100110100001001001001010
00111100011111001000011101111001
10111100100101010010011010000111
00111100111110100010111011101011
10111101000111000001110110101101
10111101101001010110001010110010
00111101001101010010001010100101
10111100000011011101001000000001
10111011000010101110001101001100
00111100100111111101010001110010
00111101010100101111101011101000
00111010010101101100000101101001
10111100101000001100111101000010
10111101001001010000011101001011
10111100000011010110010011000010
10111101101010011111011110011000
00111010001000010101100010101011
00111100000111111100100001100111
00111011101010100001110011001001
10111100110101110001001011011110
10111100110101010001001111011010
10111100111110101100110110000111
10111101110010000101010110110001
00111010110101110100001011011001
10111100111011001011010010101010
00111101000110010111100010011110
00111100111010111011111101111111
00111100000101011110000111110110
00111100111011100101101000000101
00111101000111101100000000101001
10111101101110011110000100001100
00111100011111100011010111110101
00111100001011101101000110001011
10111101010001000010111001111111
00111101000010110011001110010111
10111101110010010110001000000000
00111101000001111000011001111110
10111101100100000101001001001010
00111101110101110110010100110111
00111101111111101110001000001000
10111100111110001101010100000111
00111100101110111010011110001110
00111100101011000010001001010011
10111101110010000110001111110000
00111011000011111101111101100000
10111101001111000001011000010000
00111100111111000001011100101101
00111101000101111101001001111000
00111101001001010111101010100011
10111101011100111100100010101110
00111101101110111000010101101001
10111110000000001001001100000001
00111101101011101001010111111101
00111101001111110111001110110101
10111101011100100101111001000001
10111100101101110101010110110010
00111100110101111100101010100101
00111101011010001010110110001011
10111100111100000101010001001000
10111100101111001110000011010011
00111100011011100100000100110001
10111101001000110001010100000101
00111100100100010000000011111011
10111101011011110011111011110001
10111101011100000010100000011011
00111100000011101100010000010110
10111100011110100010110011101100
10111100001101101010001000110110
00111101000101010011100100111100
00111100101101010001011110000101
00111100011001111000000010001100
10111011001110110100011000110000
00111101101100110111010000000001
00111101010111101100010111000011
10111101000010011101011110101001
00111101000000110101000001000000
10111101011110011101000101101011
10111011110010110110101001011010
10111101101111001000001101001010
00111101001100101001110000001100
10111101001101001010001101010101
10111100110011001001111001001111
10111100010110001110100011100111
00111100111110010110111011001111
10111101011000111110010011110110
00111100100000110100110010011111
10111100001001000011001011000110
00111101011000101001101110100011
10111101111010101101000110000111
00111101100100010101001111001100
00111101101000101010011101010010
10111100111011110100101101101000
00111100110110111010010000011000
00111101011101101001101111110111
00111101000110101001000001111010
10111101001001101110110001110010
00111011100101110110110100000100
10111100110000010111011110101010
10111101101000001111011111011000
00111100011100111100010011101010
10111101010010001100100010100000
00111101010010110000010110010110
10111101101000000010111111011000
10111101100010101000100110000101
00111100111110110011111000101111
00111100011111111100011111100000
10111100111000111110011000101001
00111101100101000000111000011101
10111101010001110010101011111000
00111101001011110000000001000111
00111100110100111000111111010110
00111100100000111010111110100111
10111011010110101001001100110000
10111101100110111100010000100101
10111100001010000101110000110010
10111101010001011001101101100000
10111101010110011011011000101110
00111101011000010111001001111011
10111101101101001010000001001000
10111100101010101000011101011001
10111100100100001010010111001111
10111101000011101011110011010110
00111011110010101000011110011010
10111100101001100010110101011000
10111100001111010100000001111010
10111100110011010001000101100110
00111101001010101100111110100111
00111011111010100101110011111001
00111011101001110011011110001101
00111100110000010101100111101101
00111100101110100100011110110010
10111101100001001110111100011101
00111101011101000100010101111111
10111101100110111000111000101000
10111100110001010011001100101000
10111101011011011111111000110011
10111101001101111011110010101001
10111100111101100001110011111010
10111100010000111100010101101111
10111101110111111101000100110111
00111101010000111111100000110000
10111101101101000101011111101011
00111101010001111110001100111100
10111100111100110110010100000010
10111100101111111001011111110111
10111101000111100011110111110010
10111100100010011111001010010100
00111101001100001011011100100001
00111100110110101000000100011010
00111101101010111001101100101011
10111100100011110011101011101011
10111100010100111110010111100000
00111101010101010111010101111011
00111100000001010101001101101000
00111101101000000010101010011011
10111101010011110000011101100011
00111101100100001111000011111001
10111101101011100000001000110001
00111000010111011111000101000101
10111000110011010010101000110101
00111011101110011000111101011001
10111101001000101010111010101001
10111101001010001111011101010101
00111100000000011110101110001101
10111011110001011001100010010001
10111100101010110001101011101010
00111101000001110100110011100111
00111100110010001111011101011110
00111100100100011001001011101101
10111101001001110100100111110101
00111100001111010111101111101010
10111101001111101011100000010001
10111101011000111100010001010111
10111100111110001101110101000001
00111100100110110111011110010011
10111101010010111001100000010010
00111101100010111001001111001010
00111101000111101001011101110011
00111100100001111010110000100000
10111100011001111101101010101010
00111100001000011111110101000100
00111100000101110100000011011111
10111100110110000110001101010010
10111011011010110001110011001111
00111101010100101111100011010000
10111101101100000000011010010100
10111101000001000101101101011100
10111101100011110011010010010110
00111100110100000101001011110111
00111101010001110101101111001101
10111100010000100010110100011110
00111100101010111000010001010011
10111100000101000101110110000101
00111100110001110101101010010101
00111101000110110001110001010101
10111100110110000010110110011010
10111001101110111110110011101100
00111101101100011100100101100101
00111100010110000100110011010100
10111100010101011011000100010001
10111010100101010100111011101110
00111100101011001010111101100010
10111100010010011011010100110100
10111100101000000011101111111101
00111101000100101101010110001110
10111101100000000101110100101100
10111101011011001011101110011000
10111100001001010110111001001100
00111011100011001110001101100101
10111101001100110010111001111111
10111100100111100110110110000001
10111101101010001000100000001001
00111101010011110101001100110010
10111101001010100001110001010111
10111100110110011101001000001000
00111100101110101101111011110100
10111101000101100100110110000000
10111101101111010001000011100001
10111101100111100000111101010100
10111100101100110001111101010111
00111100101000100000000010111001
10111100110111110101010011101100
10111101010111101110000011111011
00111101000010001000111110111111
00111100011011001110111011001000
10111101000101000010100110110110
10111100000101100000000010011111
00111101100110101110001101100101
10111101001101101010001100011011
00111100000111110110110110100010
00111101100001001000100110011010
10111101011110100011110101111100
00111010100010111110111110100100
10111101100001010101010111100011
10111100001001101010101100001111
10111101010110001001100111110100
10111101000110111110110001001010
00111101000101010010100100011110
10111101101101000111111000111011
10111101000111101101111000000101
00111101011001101101100100110010
00111101110101100110011111011000
00111101110010010010100011111011
10111011010101010000100100110110
00111101000011001001011111000111
00111101000100101011000011100110
10111101011100001101101010111110
00111100011001010100010110010111
10111101110100100100101010101011
00111101000011111010100010100100
10111100100110010011111011111111
10111101101010101100000010000011
10111101100011101010011110111111
00111101000001101101010001001111
00111101001011011110110000100001
10111101100010010001011010001111
00111101101100101011011100101011
10111101011000101000110010101001
10111101100000100000001010100101
10111101101100000101011001001001
10111101001100110011101000100110
10111101011111101100001111110101
10111100110111100100110100001101
10111100111001001100111000011101
00111100110001101101000011101100
10111101101001000011001011001110
10111100001100110010101111001010
10111011100111110101011110010111
00111101011010011111101001010110
00111100001111101011011101110101
10111101011010001001100110011011
00111011011101010001010101110010
00111100111001011111000010110100
00111100100011011000001111101000
00111100011000111100001111010001
10111100111100011101110011011011
00111011000010110010110101001110
10111100001010011101101100100011
00111011100101110100011110101001
00111101000100000101010001001001
00111101110110000011110101111011
10111101010110000101011000001001
10111101101100110110110010110010
00111011100011111101111110010010
00111101001100101010001010110101
00111101010111010111101100101101
00111101010011100110000000101111
10111101110001100001111100101110
10111011111110010010111110001011
00111101000111111001001010010001
10111100101100110010010101110010
10111101100110111011110101111011
10111011011110011101010010110011
10111100110101010010011010110111
00111100100011011111010011111000
00111101010100010111111010110011
00111010011000111101101111110100
00111101100100000100111100110101
10111101000001100001100111000110
00111100010011010010101000010011
00111011000100011111101110001000
00111100101000000011001110011110
00111101011000001111011010011011
00111101001010000101100100111101
10111100010111001111111100010111
00111101101101100100101010110010
00111101101000111011011001101000
00111101000000011001111011101000
00111100100001111001100111101000
10111101011001101101111001000110
00111101110010111110011101110011
00111101011100000000010101011001
00111100110111011110111001111100
00111101100101100110010010111010
00111100101100010010101001000111
10111101000001011100100011011010
00111101111011111100011000100101
00111100110000111100100101010001
10111101110011000001001101010010
00111101010101010101011000010001
10111101011101011100100000010010
00111101011011110011110010101011
10111100111110010101111100110001
00111101001101101100110101100110
10111100111100001101110000110100
00111101000101110001010111110000
00111101101010100001000100111000
10111101000011100000100000010001
00111101000011100010011010111100
00111101100100110001010000100000
10111101001110110110010111010100
00111101010000011111011011110100
10111100111000000011000111100011
10111100111100110011000101011111
10111101101010011001001000010010
00111011011101110110100100101000
00111100100110010100110110101011
10111101010000101001010100001001
10111101001010011101111000011001
00111010110110110001101101000011
10111100000111100011010101100010
00111101100010101111010011010111
00111100010001001101111101100110
00111100000011000001010011110110
10111101010101011000010111011010
00111101110010001110100010010111
10111101110101011111100111111000
10111100010011000011000001001110
00111100100110100011111101010101
00111100001001010101001111010010
00111101000000010011111000010101
00111011011011010100100100100100
00111100101101100111100111110001
10111101000110111101101100100000
00111101000101100000100011000011
00111101010011001100000100101101
00111101011000100010010010110001
10111101000001010111001000001011
00111101001101001000110100111100
00111011011101110000101100111011
00111101000010110100011111001011
00111101100000111000011101011001
00111101011101111100010001101010
00111101011110000001111000101101
10111100000100101000101010110001
00111100111111111010101101100011
10111100110110010101110001000110
10111101101010000110000011000011
00111101000001111000001101001101
10111011010000010110010110001101
00111100010010001101001000000001
00111010111111101001101111100100
00111100110111110101011011010100
00111101101000111110100101110100
00111101100000000000010101100100
00111101111000111011100110000110
10111100010010110101100001111000
00111011001100100000110110010101
10111101101111001000100100000010
