00111101000000111000111011011010
10111011101111000000110000111111
10111100011000110001010001111010
10111101011111100110111101101110
10111101101000111111000011101011
00111101011000111100011011010101
10111101010111011000011001001001
10111101011111001111111111001110
10111101001001010100100110001010
00111101010110010011111001010101
00111101100001111110101110101010
00111010110101111110110001101100
10111100111111110011000010001100
00111100101100000011001101100110
00111101101000010111110001010010
00111101110000100010101011110100
00111011101110001010010011111110
10111101000010011100010111011110
10111100011000011111101010111111
00111101001010000111001010000011
00111101101011101010001101110100
10111100101111100001101001001000
00111100000110111101100000001110
00111100010111000110110111000010
00111100001100010011100100010110
10111101000110100011011111101011
10111101000100010100101000111100
00111100101100010110001010000010
10111101001010100111001010100101
10111100011101100100010101000011
10111100110110001110001010000011
00111101100011010011100010101111
00111100010011001110100000000110
00111101011111000011001101101110
10111011001000000100001110101000
00111011011001111011111100100100
00111101001011011010100110100011
00111101111000110011111010101000
00111101001111110101001010001000
00111101110010001001110001000000
00111101100000111001010101101101
10111101011011100010011111001011
00111101100001110010101001100010
10111101011000001000010101011101
00111011000100011010101010001100
00111011100000000110101111110100
10111101010110011011110100011101
10111100110100010010000000110111
10111101110100001011100000100001
10111101100010101000100000011101
00111011110101101111000010100000
10111100110010111000101001001000
10111100111010000100101100010010
10111001101001110111010101110111
00111100001100001000100111010001
10111100011101011100000110111001
00111100100111110001001000100101
00111011101001110011101000010110
10111101000111110110000101011000
00111100101010100000001110001100
00111100011100001110001111101000
00111101000111001110110100000110
10111101101010000001111101010110
00111101001011100110011001011110
10111100100100110000110011000110
00111101010100011000100110110001
10111100100111100010010001111000
10111010100101100100000110101000
00111011110110111011001010001100
10111100000001010100100111001100
10111101101010111000101101011010
00111101100101100011001001000111
10111100111000010000100111000111
10111101101001000111100110100100
10111100000000000101111111101000
10111101101001110001001000111111
00111011101000101111100011110010
10111010100110111110101000111100
10111101011101111111011110100110
00111100100110000001001101101111
00111010110010100111000000010101
10111100110000010110010111011001
10111100100110101101001101111110
00111101101011111000101001000101
10111100011101001110101010110010
00111101011010101110001110010010
00111101110011010010100011011100
00111011001011101101101001000111
00111100101001100101111011111011
10111011010010001000010010001010
10111101100111001011100011110110
10111100101000110101111011011011
10111100001011010100000000110100
10111101000010000100000001011011
00111101001111110111010000110101
00111101100011111001011101101100
10111100111110001010110111110100
10111100111100110101110001011110
00111101010010100011000111011101
00111101000001010000011101110100
10111101010101101101000110011100
00111010010010011100101010010011
10111101100000100111011000000001
00111101001110111110000101101010
00111101100111111100101011111100
10111101100000010010011010001110
10111100101010000110011110011001
00111011010000110011000000010001
10111011100100100000101100010101
00111101001010110101100001010111
10111101111001000100001110011101
00111100101011101001101010010010
10111100100110000110010100001111
00111100101010110101000011000101
10111100000000101111101111111101
10111100010111000000011001000010
10111100001111010111011110010001
10111101110100001100110001110101
10111100101110000000111100100100
10111100111111111011101111110011
10111101001011100001001110101100
10111101100010000101110110000011
00111101000111000011111101110101
10111101011001111101101010001001
10111101000110001001010001101011
10111100101001111110101101000110
00111011100000100010011000101110
00111100111010010010011001111111
00111101000110000011101001010000
00111100111110010110101010000000
00111101100100111000011101010001
10111101000010010110111111110101
00111101100010001011011100100110
00111100000100001111111101000110
10111100101110001011010010011110
00111100110101001010010100110100
00111100001010101010111110001111
10111010011011011100101111000101
00111101101111011001001100001011
00111101010110011110110001101101
10111101100100010100000110111000
10111101110000111010001000010011
10111100101011000111110100100000
10111101100100100001000110111101
00111011111001100101110100101001
10111101101110011001010001010100
00111101000010111010000101111111
10111100100101001110001110110100
10111101100010001110101000111111
00111101101001101000000110101101
00111101100001101110110000110110
00111100101101011001001011101101
10111100100011000101100000110101
00111100101001000111001110001110
10111100101000100110001010110101
10111101101001110010100001000101
00111100111000101101100101101011
00111100011110110111111111011100
10111011111111011010010010101011
00111101000011011000111001001010
10111011101000011010101000011001
10111101010100110011011110001000
10111011101101001000110101111011
00111101010000110110101111110011
00111100101000010110100010110001
00111010100000110001000100101011
10111011001110111111111111010101
00111101001110010100101110100101
00111101001011001111101010110101
10111011000011100001100111100010
00111101010000001111111000110000
00111100100100000100101100101101
10111101011100111010001000000100
00111100101111111000010110100000
00111100001101011001000110010101
10111011001110110101001111001000
00111100111001101100011010111010
00111101111000010010011101010110
10111101101100100100111101011010
10111101001010101101101101001110
00111010110111101011001001010001
10111101000011001111101100010101
10111101010101011010011110110101
10111101101110001111110110010100
00111101011111001000100110001001
00111100000111100101100011111101
00111101010111001100100101101111
10111100110100010111000100110111
10111101110010101100001000110000
10111101001111011000010011010101
00111100001011010111011001101001
10111101011110110110111010000110
00111100000100111100000000110000
10111101010001000101010111010101
00111100000001001111000111111000
00111101011011101101100001110110
00111101101000111010110000110001
10111100010000010110111101001000
10111011100100100000111011010110
10111101100110110100111100111011
00111101101000010011111100001100
10111100001000100101110011010010
10111101011111001011100010011001
10111101101100011001001110100011
10111100001011001111000100100001
00111001110011110001111101001000
10111011110010001010010011010100
00111100100100011010101001011001
00111110000001100010000010011100
00111100110101000100001011100101
00111101100101111100100111001001
10111101000110010100010100101100
00111101110110001011011010011111
10111100110010100111110001010110
10111101010001110001010100101010
10111101101010111001000011001001
10111101011101000010001011110101
10111101100001000101100000001110
10111100111100001111011011001011
10111011110100101011101000000111
10111100110100001000100000010011
10111101000011010110100000110101
10111100001110011100000111001111
00111100111111001110111111111001
00111100001111001000111001011001
00111100100101010011110000001111
10111100010010001111010010101100
00111101010010101101101000000100
10111101100011100111010100100011
10111101101011000011101011101011
10111010101011101110011001001001
10111100011111100000011100110110
00111100111011110110000011011010
00111100110001000111011000100000
10111101000101101001101111011000
00111100101000100000011001100101
10111101001100000100000011111100
10111100110011000101110111000100
00111101000011100100101111111000
10111101100010110100011000011001
00111101111100100110011110010010
10111100100011110100111010010101
00111011101100011100001011101101
10111101100100110000110101000000
10111101001011001000100011001111
10111101100111100100000010101011
00111110001001100110001110011000
00111101000010011101000010100001
00111110000010011000011011000001
10111101101011011111011001001010
10111101011110110000100000110011
00111101101110010001011111000011
00111101110010011101010000111010
00111100011010100110011110000111
10111100000100100001000011111111
10111101011010101011001000100011
00111101000010110001000111010010
10111101110000001010100011110100
10111101110010010010101001100100
10111101000001111101110111110110
10111101101000100000110101111110
10111101011100101100001010000110
10111101100001011101000010111111
00111101101010101011110001110110
00111101000110011001010111111010
10111011001001001110001111101111
10111100100010011110001010100000
10111100100010000010100101110011
00111101000100101100110101111100
00111101000010101000011101111110
00111101000111011101000000000010
00111100100110000100001001110110
10111101110100110110000011000010
10111101001001000001000010001110
10111101100011000010110110111101
10111100100010101011110010001100
10111101000110010100101111110011
00111101010011011101010011010000
00111100100010100101010001100000
00111100101011111010010110101100
00111101100101000000000111101010
00111101011011001001101000110001
00111100011101110010110011110010
10111101100100111001111001101100
00111100101101101010001111101100
10111101000101001111010001100111
00111101011010110000010101000100
00111100100010110000001010011011
10111010111110001011011000111111
10111101001100101011010111001100
10111010001101110001011100100001
00111100010100110101001100110101
10111101110000001100001111111110
10111100010010100111110010111111
10111101100111001101010100100111
00111101000110000001010001000100
00111100110001011001001110110111
00111011000000110100010011000011
00111101100110101001000101101000
10111100000000000001111001101111
00111010001011011110011110010011
10111101101011010101011001111110
10111101000011010010011101011001
00111101011010101110010110111011
00111101100010110000100001000000
00111001110100111101100101110011
10111101011110001100011010010100
10111100101101011001001111001000
10111101000000000011101010101001
00111101000010100110010100000000
10111101011110011011101110100000
10111101100110111011100000010110
00111101101111111100001110111101
00111100101111100011101011011110
00111101010110011100010110000110
10111101001100010110111001111110
10111101001010100101000100000011
10111100110111000101010000010111
00111100101001011100100001100110
10111100110011001010100001111100
00111100101110100101011011101110
00111100000110111010000100011001
00111011100010000010100010001011
00111101110000100000001100101100
00111100101110111101001011011011
10111100010010001110010010000110
00111101000011101111000111000101
00111101000110011001101011101100
10111100100001010100110101101101
00111101000110001110001101111000
00111011101011010111101110111100
00111100111111100001010011110111
10111100111010001011001110111011
00111100100011100111101110111111
00111101000110110100101110110110
10111101011011111100001110110001
00111011101111111100110001000101
10111000001000110010101000001010
00111011111111011010111110101110
00111011111010010111010101110100
00111011000001010111010001100001
00111011100110000011001100111000
10111101101101111100110010110001
10111010000110000111111101110000
00111101101000100001010101111111
10111100111111010010101111011101
10111101001000110000000110101101
00111011100101110001100101011101
10111010011110101000101011010100
10111101100001101011111101101111
00111101011101001110110101111111
10111011000101001100010110010001
10111101100000110110001001011110
00111101001100010100011000110100
00111100000001110100001001100010
00111101101000001101101010110000
10111101101011000101110011110001
00111100111110110001010010010011
10111100000111010001111110011010
00111100101101010101011100111101
00111011110011000001010110101000
00111011100110000010001110101000
10111101011010101100001010010111
00111100100100011011011001110010
10111101101011001111101101101110
10111100110011111100111011011001
00111110000010011111111001000100
00111101000110110011000010011110
00111100100100100101001100100110
00111101000001110111111110011000
00111100001011010110101010111110
00111010101111100111110101100000
00111101011010010010011001100100
00111100100011100010001010101010
10111100111000010100101101111101
00111100111101101010010110001101
10111101010010001001100111000011
00111100100100111101111101101011
00111100001110010011001011110101
10111101101001010010010110111110
00111011100011001100010011010011
00111101000100101011000101000101
10111100111001110000010111100000
00111101101000001010110001101110
00111101100010100001010111110101
00111101100100111000111110001010
10111101100000110000010111011001
10111101101110101010001111101000
00111101010101101001101010010101
10111100001111011111101110100100
10111101000101110101100010000001
00111101001001110011101100111111
00111100101010100111111011101100
10111100110010100100001111111001
10111101000100010101011010100110
10111101010101011101111100100110
00111011101000010101111010110010
00111100010000110000000100111101
10111100101001000101011000101101
00111101000000000000100111110001
10111101011101010100110111000101
10111101000101001101100110010000
00111100111000010011100110011011
00111011010101010111011011010001
00111101001100001111001101110111
10111101011111100100011110111100
10111101000110001111001110001000
10111101101011111110000100011101
00111100110011111011000011101000
00111101110001001111001010101101
00111101011011010000011000101111
10111101010011010111010100010100
00111101000111001001011010011100
10111101100001011011111100010010
00111101001000111100001001111001
10111101101011010111110000110100
00111101010111001110110001110001
10111101100101010011101101110111
00111100001101111000110010111010
00111100101101110011011011101000
10111101010111000010011100110001
00111100101011100011001010011111
00111100110011100000100011101010
00111101110011101110111001100000
00111000101001011100010100111000
00111101001010000101101000100100
00111101101100010000101001000010
00111100111110111110101111011010
00111101011001110011010101101010
00111101101001111100001110100010
10111100110010101011000111001011
00111101110011010000011010001001
00111101100111110111011000101011
10111011011001000001010000101000
10111100000011011101000011110101
00111100111000100001001110000110
00111101100010110001111001000001
10111100100111110110110110000101
00111100100110010100001001011000
00111100110000101100010111010000
10111100101101110110110111100110
10111100101000011000111010110011
10111100110111111010000111001010
10111100010101011101001111001011
00111101110010110110111000010010
00111101001010101001100000011010
00111101101110000111101001000110
00111101110001011000111010111001
00111011100101111110101100001101
10111100111010000000011000101010
10111100010011001000001101111111
10111101110101000110001101000000
00111100000100110110111011011000
10111101110001010010110110100010
10111101001010010000001010110111
00111101100001001110000100111101
00111100110101011001101010100101
10111101001011111010100110101010
10111101000101111100001110101101
00111101101010010111110111011011
10111100010011010101011110010000
00111101011010101000010111010010
10111101101010011111111000101011
10111100110010001001011100011011
00111100111100010011010000010000
00111100111001011110100110000010
10111101101000010001011110000010
10111101100101011100000110111011
00111101011001010010100011110101
10111101100011111010111001111001
00111101000010100001101110011011
00111100100100001100111110101110
10111101001100010001110111010000
10111100100001101111110110001111
10111101011111100000011001110000
10111101100000010101001001100100
00111100000101000110111010100000
10111100110001100101101110000101
00111101000100001110000101100011
00111101100010110110000110111100
00111101100001100000100011011010
10111100101100011001110100111110
10111011101101001001000011110010
10111101001010011000000110011000
10111101111001000010100100101100
00111100111011001101001100101011
10111100110111111111101101011110
10111010100101011110101101100000
00111100100001111100110100101000
10111101000110000101101111001010
00111100110001010101000110111001
10111101000001100101111000010100
00111101001001110111011001001011
00111100100001011001011100011010
10111101000101100011111001110001
00111100001101001110001100011101
00111100100011010000010010010101
10111101100011000010000111001001
10111101011111001000000000011110
10111100000010110001111111000011
10111001010110000110100100010000
00111100010110111001001001110001
00111100000100011101000010100100
10111101010100101010101010010111
10111101100100010101101010001011
00111101111001101111101001101101
10111101010111001111101011001111
10111101101101101000101001101010
00111101101000110101110000011101
00111011100101010011010101100011
10111101011011001010000111101110
10111100011010001011000110000001
10111100010100011101111100011111
10111100001000001101000101100000
10111100010000110111010000010000
10111101000111101111001110001001
10111101011101000100101000010111
10111101011110001011110001011010
00111101010110001011010011101001
00111101100001111111101000111001
00111101101000011010010110001101
10111011100101101101110011100101
00111101100000100100011110111101
10111100110100001101011101000101
10111100100001010111100010000100
00111011110000001101110100110111
00111011101001000010101011111001
00111100111011010101111101001100
00111101000101101110100011100110
10111100100001011010001110110011
10111101001100011101011010010111
10111101001001000010100000001100
10111100111011101101000101001001
10111101000001011100000000001100
10111011010101011111001100101001
00111101100010000000101100100110
10111101010000100000101001010110
10111101000000111001111001011011
00111101010100100101100111100110
10111101100111001011011100010011
10111101001011010001111110001110
00111101010111111101011101111010
00111100101101101011011001010000
10111100001101000110010000010110
00111100011001100100001111000010
00111100110010101111010010001001
10111100010011010000011100100010
00111101010001100100110100011001
10111101000110110000001011010001
00111101010101001001110110110101
00111100010100100000100000010001
00111101100011010101010100110010
00111101010000001101100110000000
10111101100111100101001000011010
10111001111100001101111111100001
10111101011010010000111100100101
00111101010110110001001100001111
10111100101110111101001111000011
10111100100110000001101000001100
10111101001001110110000010011000
00111100100010110011101100000101
10111101001110110101011100101010
00111100111111001000110001011111
10111100110001100000111010100010
00111101001010101100001101001110
00111101001001110111011001100110
00111101010000110011000110011101
00111100100001011010100100011011
10111011111101110010010000100110
00111011110000001100100001100101
00111101011010100000010001100101
10111100100111010000110001100010
10111011101010100110101011110000
10111101000010111101111010000001
10111100101000101100001110000010
10111101000110100110000110000001
10111100010111110001000111101000
00111101000100000011010000100100
10111101001110100010110100101111
10111101101001100011111110001001
10111100111110001111010110001111
10111101100111101011100111010010
00111100110110111111011011110101
10111101100101001000011111111100
00111100110011101100001101101101
10111011001010100011001100000001
10111100110101000111100010100100
10111101101100000001000010101001
00111100000110001101101100010101
10111101110000011111000110101101
10111101010001000110011110101001
00111101100010011101000000011011
00111100101010010101110111011000
10111100101010001101111010010100
00111100100111010001111000010001
00111101100101010010010111101110
00111101101110111111001110110101
00111101100000111100101010111110
10111101001110001101001010110010
00111101001101100010010110111100
10111101011001100111001011011100
10111101000000111001010010011100
00111011000100001111111010100011
10111101010001010001010110000010
00111100000010110011010101000010
10111101010110111010010000100111
10111101001110110010011000110111
00111100011011010101101000010011
10111100111110110000111000010111
10111011111110111100101000011110
10111100011000111111001001000001
10111101110110001001100000010110
10111101101010001000010110110100
00111101001111000010000001010010
10111100100011101101110110010101
10111100100010001011110011001101
00111101000110101100110110001110
00111101010011001010000101111010
00111011110110000110010010000101
10111100001001011011011001011011
10111100110001101011101010110110
00111011011111100100101000100000
10111101101000100101111000100110
00111100111001000101011100111010
00111101100011000000001000100111
10111101000001110011001011100000
00111100011100101101111101011110
10111100100001001101101001000000
10111101011011010100001011011100
00111101001111110100110110100010
00111100111000000001001010010000
10111100100010000000011111010100
10111100101011010111000111110011
10111101010101000001011001001000
10111101101000100111111101111100
00111100100011010010001101000101
10111101100010111110000101101101
00111101000010000100000000001111
10111101011010010110010100100011
00111100100001111111010001001000
10111101101110011011001100010110
10111100101001011100011110011101
10111100001010101101110101111100
00111100110011110011111101100111
00111101000011001110110000101100
10111101100110100100101010001001
00111101010110101010001100100001
10111101011101111101010011101010
10111101100001101100100010111001
10111101011010001011100101111101
10111101100010000001100011111010
10111100111111101000011011101111
10111101010101000011110011101101
00111100001101110010000001111111
10111010111101011110111100110010
00111101011001101101011011001011
10111101000101101011101110100001
10111101111000110100000110001101
10111101001001010001011111011100
10111100100100110010100100101000
00111100011101000101011101011011
00111101000100101110110110010011
10111100111111001010010010010101
10111101011001110001000000101110
00111100110100000010011100000111
10111101000001010010100010110111
10111100110101001101001101000010
10111100000010001100111100000011
10111100111001100001100010011011
00111101011010111100110100111110
10111100000110101110110010101011
00111011100101011100110000010000
00111101100000101100101000111110
00111100010111111000101000101110
00111101101011110010000111111110
00111100001110001000011110100101
00111101100101010001111110001001
10111101110000100101010000110101
10111101001000110010001001110010
10111011100101110000000010001110
00111101001100100101101001001011
10111101110001101001000100010000
00111101100001110010110111101110
00111011101100101110101100100000
10111101011111101000100010100100
10111110000010000010110011110101
10111101000010000010011001011100
10111101000111110010001001000100
10111101000100010011101010000011
10111100100011110100000100100101
10111100101000010010000011100010
10111100101111111110110011100111
10111101000010001000100010110001
10111010001001010000100101011101
00111100110111011111011011000101
10111101010011000000001010010011
00111101110010111010001010011100
10111101100010010011010111000111
00111100011101110110110000011001
10111100111110000010010000001101
10111100111110101000010011011001
10111101100010001011110011110111
10111101000101101111100010000101
10111101100100000010010011100010
10111101000001100110110111110010
10111100110001110110001110001110
10111101001010111001010001101110
10111100101111110100001000100010
10111101110010011100011001101100
00111101001101011111111111101001
00111100010101011010101001110001
10111101100111000001011110101111
10111101001101011111000101111010
10111101011011011110001001101010
10111100111100000000101011111100
00111101001000110111011010000101
10111101100000111010011110100011
00111100001000100010101110111011
10111101000010101100110000011100
10111101110011001110011110000010
10111100001110111111001010011100
10111100100001001000111111000000
10111101010101100101101110111011
00111100111100100101000000000110
00111101000111101011101000011101
00111101000111001000111111011110
00111100010011101110100001100110
00111100110001001010110010110011
10111100010010010001011001110111
00111011100111001101111101110010
00111100110000010010000111010101
10111101010100101111111100110010
10111010111000011001100011101000
10111100110100111011110011101011
10111101101011000010101010011101
00111100100000001100010110110001
10111101001111001011000101001011
00111010100000100111101111100011
10111101000101001111000010011011
10111101000000111101011000100010
10111100010110111110101101111101
10111100110110000000001011001010
00111100111000000100001011101100
00111011111110101111010100011001
00111100110100111110000101011110
00111100000111000101011111110110
00111100110110011101110000111110
00111100011110010110110010101001
10111101101000011000001001001101
00111011000101000101111100110010
00111100111101001101110100010010
00111100110100101100010111101010
00111101100001000101111100010000
10111100101011011111000101000101
10111101001101111000010000010010
00111101000101100001011100111100
10111101000111101110101001000010
00111101000100011010010110101100
10111101101010011101111011100110
00111010001000110110100111110111
00111101010101111011101000010000
10111100001101011000101000100110
10111101011110011111011001100011
10111100101000100110110011101111
10111011101000000010000101100010
10111101101111001100011100111011
00111101010101011101000101100010
10111101101100101100000110110111
00111100110000101101111101001011
00111101000010101010010101111010
00111101000011111101101100101001
10111100000110001011110011000011
10111011111000011101011001001101
00111100101010001110110100111110
10111101100000010100111110100011
10111101010000111110001110010000
00111100010010000101110010010001
10111101011100001101100110010001
00111101101000011010001111111100
10111101000001010101110110111011
00111101100001000101110010000101
10111100110111101000011110010110
10111101110110111011011001010001
10111101100001001110000010111001
10111101010101000011101110111010
00111011110110110010000101110001
00111101001100101000100100001011
00111101100001010110010111111101
10111101011010111101110110000111
10111011001000011001000100010100
10111010110010000101101101011001
10111100010111101000110011100001
00111100001011000010011010100111
00111100101111001010010010101000
00111101010001111100111001010000
00111101001001111011000001001100
10111100111101100110001111101010
00111100000111010000111000000010
10111101010111101000001000101010
10111101100011111110100011010001
10111101100001000000001000110110
10111101000111101001110110101101
10111101010010110100111000111100
10111101000001101010010101001111
10111100111101000111101001010010
10111101000001010010001000100011
10111101111010011010101111010101
10111101010110101010101100101110
00111101110000111000101001011111
10111101100101111001110001000110
10111101100010011000001111101100
00111101100111000010110100011101
00111101101110101001100000100000
00111100101100011100110101000000
00111100111011111100100001101101
00111101001011110000100001101110
10111101011010000010111111000110
00111101011001000110001001111001
00111101001111101101110100000000
10111101001100101101000000011011
10111101000110000100100110110111
00111011000010000001100110010011
00111100010100000011001000101111
00111101001011010011010000011010
00111101111101110001100001010011
00111101010111010100111100011010
10111100011001110100111110110111
10111100110101001100010110100001
00111101001111010011101011010111
00111101010101101010101000101011
00111100100100101111000000100011
00111010001001011011100111001010
00111100011100001110100100111000
10111011100110101111101000101110
00111100000001011100011000110010
10111101010101100010100110000101
00111101101001001100010111000110
10111100101100110110101100011100
00111101101011100000111011000000
00111101111000101100010101000111
10111101101001000001000101001011
00111101101100100101010000101001
10111101011111000110000110111010
10111100100110100000001001101101
00111101001100110011111011100101
00111101100000010101000011011111
00111100110000100110011010001011
00111101100101000011110011110111
00111100111110110001010010010000
00111011111001110111001010010000
00111101101101000111100000111101
00111101100100000011000011111110
00111101001111010000101100100110
10111100111111100011110110000000
10111100001010111100010011100010
00111101100010010011101001011011
10111100010011111110101101011100
10111100000111111110001001101000
00111100110000101100000000001111
00111100101001101100010110000000
00111011110011111001000101001111
00111101000000001010110110010100
10111100010111100110101100100100
10111101100101100000110001010000
00111100110100110100011101110011
10111101010000001001110001110000
00111011101101000100111110011111
10111101000100000111111111100011
00111100100111011101001001111100
00111100010100111000011010100010
10111100101101010001101101100001
10111101100001000110110010001010
10111101100110010011000111000110
00111101101011001000001101010010
00111100010110011111010010100001
00111101101000100011001101100001
00111101100101101111010111000110
00111100111000010000110001101010
00111101100000111011111000111100
10111101100101000011101011110111
00111100111010111011001111001011
00111101001110011001110100100001
00111010110110101001111100110000
00111100000101010101111101101111
10111101011110010010001101010010
00111101100000101100100010011001
00111100001110110100000001000100
00111101011011010011001101001000
10111100001110010101101111111100
00111101100101110000011010101110
10111101110010010011010101100010
10111101101101100011010111110011
00111100101001010111000010111100
10111101000110100001001001110111
10111101101010001010000110010101
00111100110111010110011100000101
00111100001010010111001110000000
00111011101111101111111100110010
00111100001010000100010101110100
10111100011001000111000000111010
00111101110011100100100111011010
00111100101010010101100000101110
00111100100010101011100101001011
00111100000011011010110111100111
00111100001000011001111100100000
10111100010101111101101111001000
00111101101000010010101001101110
10111010100101101110100010011000
10111101000010111001011011001110
10111101011001111101010001110111
00111100001000110111111000010011
00111101110101110101101001110111
00111100001111100111100000001100
10111100010010100110011000000000
00111101010001000101101000110011
00111100101110111001110101010110
10111011111110011111000100011100
00111101001010110100101010101011
10111011110110010110010100011000
10111101101011110001000000000010
10111100010010100010010000111001
00111100010111011001111010000110
00111011111011110111110001111100
00111011100101000100001000011100
00111101100011001101101010101011
10111100101001111010110111110011
10111101010010100001111001101101
00111011001011001000010111100100
10111100000011110000100000110010
10111100001110111101010011101010
10111100101011010100000101111000
00111100001001011010010111000101
10111101000110111011111000100101
10111100101011100111010110001000
00111100100110110011111101110010
00111101000101010010110110110111
10111101100100010010001100100011
00111101010111110111111011100001
10111101101001100010101111111001
10111101100000100101000001001101
10111100110010110101001100001111
00111100110000010011011000111010
00111100001001100011111010101111
10111101101001110101111011101001
00111100000010000111111110010011
00111100010010001010100001010110
10111100110010011001111110101000
00111101100100011001101000110110
00111100100111100101000100010100
00111101000001100001010000010001
00111101100001010010110111100001
10111101000000110000000001000100
00111101000000111000111010010100
10111101110000001001110011100011
00111100100110001001011100101010
10111100111001111010100110100111
00111101001101101100011000011011
10111101101001111011010111111110
10111101100010010100101011111000
00111101101000000111010110001111
10111001001011001001010000000111
10111100011010000010001111010001
00111010110110110011000011000101
00111101001001111000010100110011
00111100100011110010110100101000
00111011001001011111011011101100
10111101011111001010110110101000
10111100101011110011111010101100
10111101000001101101000110010011
10111100111101010000010010100001
10111010100111101010000000100011
00111100110110100010000001001100
10111100110111111111100111110111
10111101001100001111100100010011
10111101000001110011110111101110
10111100100101101011111000011111
00111101000010101100010110010111
00111100101101010110111100100110
10111101100001000001000110010100
00111100110011100011100010011100
00111011110000001110110111111001
10111011011111010011110100111011
10111101110010101101100101011011
10111101101000100001101100100011
10111101001000111100100000000011
10111100000101000110010101110111
00111101001110101001010100001101
00111101100110110011110010011100
10111100101101001000011011010000
10111101001000100000101101100001
00111100001011010011111000011110
10111101101000110000000011010110
00111100100101111000110000001000
10111101101010000101111001101110
10111101000110010010110000110101
00111011000000101111001000101010
00111101100100000011100010011000
10111100111101011111111000101000
00111101100111110010100100000101
10111101000100011010100111111100
10111011110110110100001001000010
00111100100010110101010011001110
00111100000011010110010110100010
10111011101010110110001111101100
00111100111000001010111001011100
10111100100010101110010010011010
00111100111101110000000011101111
00111100111001100001010010111100
00111101011010101111010110110001
00111101000111111100100010010000
10111011001011010110001101111000
00111101010001100001110111110101
00111100111001111111101011001000
10111101000001000111010011110101
00111100001110000101001110010101
10111101111111010100111111101010
10111100000101000010011100000000
00111100010011100001100100011110
10111100110010110100110111111001
10111101011010001110101010100001
00111011100101100101110011001000
00111100100100010000101101001111
00111100111101011110100011000011
10111100010111111001001110010100
10111100100100001100010101000100
00111101000001001100011101111100
10111101011011001101101001100010
10111101000100110110110001001001
10111101000011101100001101001000
00111101000001001100001101110000
10111101100101101001100101110011
10111011011010100000010011101000
00111100101101101000110001000100
10111100101001110100011111001010
10111100110101010110001100011011
00111101010111010111101110000010
10111101100000010001010010110001
00111101001000100100000011101101
00111100001011100111101000001100
00111101000010001101001110011111
10111100100010110000111101001110
10111101100100110000111100110100
00111100101001001000110111001101
10111100111010110111001001010010
00111100101100000110001100101101
10111100000110111101111110000001
00111011101101000100100110111011
10111011110011111110111111111001
10111011100011011110001000111010
00111101100110011000001111001100
00111101000001010100000110001001
10111101101000110010101000011111
10111101100000110000110110100011
10111101001111011010001000010000
00111100101010110100110000000011
00111100001011101100101100110001
10111011110110000110100110000011
00111101100100110011101000010010
10111100110010111100011101100101
10111100100101101100111000101011
10111101101011001111001101000000
00111100101011001011110111000001
10111100010101101000011100101010
10111101000100110001100100110011
00111101101100110011001111101110
00111101101101001000011011000001
00111101001001010110110011111000
00111100111100001100101111101011
00111100100011000010111010110001
00111100010111110001110001010100
10111010100000010100110011001100
10111100111001010111001010101000
10111101001001011111101011011111
00111110000001001100010000100001
00111101100100001111011000011010
10111100001101010101010010101010
00111100111000010000101100111111
10111101000000110110001111001010
10111110000010110100110010101001
10111101011000000111010000100000
10111101101011000111101101101101
00111100100100110000000000011001
10111100001111111010111101101110
00111100011111111110010011011101
10111101000110111000010001000110
00111101010101110010101100010110
10111100100011011011000001010110
10111010001010101000000111101101
00111101001011000001100100001100
00111100101011101010001001101011
10111100001111000110111101010000
00111101101011000110100001101010
10111100010111000011100100001101
00111101100001010000100101111101
00111100111000101110010001001011
00111100001001100010010111001100
10111101101001000101100110011101
10111100111111011001100101110100
00111101000110100011110000110010
00111101000001111001011000100001
00111101100000011000111011100011
10111101100000100000011000101011
00111101000000110100010000111110
00111100001101100100101000011010
10111100100111100000001100100011
10111101011010110010010010110100
00111100001010101100000110010010
10111100110110010011001100101000
10111100111110101110111101100101
00111100000100010101111100111001
10111100110011111101100110010011
00111101001000010010101011011111
10111100110101101110101000001101
00111101000110000000001110001111
10111101000110110100101111001010
10111100010010001110000010100110
00111101101010110010100110101010
00111101100011010101101011011001
10111001100110101000101000110010
10111101011111110001110011001101
10111100101111110100011101100111
00111011000001000100110111000110
10111100001000111100100001011100
10111101010111010101001111101001
10111101100110111110011110000011
00111101111001110111101101101000
00111101101011100100100110011101
10111101011100001100011100111001
00111101100110110011101100010000
00111100111001101101111000110000
00111101001110000110001000001001
00111100111100111001101011010110
00111100101010111101111001001111
10111101001110111001110010100011
10111011010010000011011010110011
00111100001000011111100011111101
10111101000111011010011010000101
10111100010100101110001011100100
00111101010010101100011010000111
10111101000101110001011111011010
10111100110000000100010101111011
10111101011101000001100100011001
00111100110111111001010100101110
00111100110011000011010110100101
10111101100000101000000110001011
10111101001100101100011001011100
00111100101101111001101101110101
10111100110101011010000011000001
00111100001001111100111011101111
10111101100010100101100011101010
10111101000011101101010011100000
10111101011010010010001101010100
