10111101000011000000111011110010
10111011100101111111001101100110
10111100011100000010011011010010
10111101100100010110110100100000
00111011010010001111100011111101
00111011100000101001111110000001
00111101010100101000111111000110
00111001111011100011001010101111
10111101000010010000001011110010
00111101100001100111010100001011
00111100101100010011101010111101
10111101111010011011011111101011
10111110000110101010110101001111
00111100001001010010001101100111
00111100111000110100000010100001
10111101101111101110000101000001
00111101011010011100111011100101
00111101011000100101001101011101
10111100101100010100111000010101
00111101101110011001111100100100
10111101110001001001100110000000
10111101100000111110010101101100
00111100101001010111000111010011
00111101101110000111000100000111
10111100001110010000011110110111
10111101101001001101101100011010
10111101000101011000010110000001
00111101010010100100000110110010
10111101100011100111101100001100
10111101000001001101011101110110
10111100111111000111110000010011
10111010000100010110110101001011
10111100101010000010101111100010
00111101010001110100111000001011
10111101001111001011101110100101
00111101011000111001111000111100
00111101100111010000111011101110
00111100001010011101001001010011
10111101101011111110011110001111
10111101100010111010101100001011
10111100110101100100011001010001
10111011101101010011011010011100
00111100100111110011101111001111
10111011111010110000100111010101
00111011100001001101100100111111
10111101000000010101000101110100
00111101100111110111101111000101
00111101000000110110101001110011
00111100011101011000000100100110
00111101100101110111100001100010
00111100100111101000101110010001
00111100011100010010100010100010
00111100100001100001111111110000
10111101100011100010110010110101
10111101100001111001010101111110
00111100100111100111000000100010
00111101011100101011000101000011
00111100111010010111001011110111
10111101000001010111100010001011
10111101010010011000110101101000
10111101000010010011010101101111
00111101011010000001010101100001
00111101011100101010000011010010
10111101100100001010010010110001
00111101011111111010011001000011
10111100000001011101001100011111
10111011101101000100111000001001
00111100111010001010111011101011
10111101010110111100100011111001
00111101000001110011011111010111
10111011100101111001010111111000
10111101101100011110101100000101
10111101001101101011111100000011
10111011100001110100000011100010
10111101001110110000001110101000
00111110010011000001111011010101
10111100101110000000101000101011
10111010100000011001101001110110
00111110001100100111100010101110
00111101110001100101101010111010
00111010001101111011100110101010
10111100100111100100010000110111
00111101000100000111011101101011
10111101110100100011001010000000
10111100000010011011011010000000
00111011001000010100010110101111
10111101100001010101110100100000
10111100100011011110001101000001
00111100000010100101110000011010
00111100001000111010000100100111
00111101000000000110011110100111
00111101001111011000111111010110
10111100100000001101111010101111
10111101100100110101011111101101
00111100100000010000000101000011
10111101000110111111100010110001
10111100100010000010101000000100
00111100110000000101100010001010
10111101010001011000101010010000
10111011000110101111111000101111
00111100010110101111010010101001
00111011000010011101000011010111
00111101010101100110010111010000
00111101101010010001001111001110
10111101101010100011100000111011
00111100011000111110111111010001
00111101000000110100100000100000
00111011101110000111110101101001
10111101000010000010111100011010
00111101100100101000110000100001
00111101101100011011110000000010
00111101100110111011110011011100
00111100000011011001010100011000
10111100100111001000101110110001
00111101001010001100111010000000
10111101100000111001101001000101
10111101101101010001010100000100
00111101011011000001000111101011
10111101100100001111101011001001
00111101100101111100100100011101
10111100110011000111011000101110
10111100111101000010010011011011
10111100111110100100010100001101
10111100110111110111101001010010
10111101001110101101011110110110
10111101001111000100100100001110
10111100110010001101011100110011
10111100011110100011110110011100
00111101001001010000010110011011
10111101101010100001111011111111
10111100110100100010100001100011
10111101000100001010110011011111
00111101011110111001111101001100
10111100100101011100110010001010
10111101001110011110100110110101
00111011101011010110101110110011
00111100010110000000111010011011
10111100110000101100011001001111
10111100100110010001100100100011
10111101100011000010101100000000
00111100111001111111011011110101
00111011101111011110111001011010
10111100010000100101000111010100
00111100100011101000111001101100
10111010101101011110010011011010
00111101010101011110111011110111
10111100111101001100001010100000
00111101000000110001111011011110
00111100100100001110111011001000
10111101001101100000001100100000
00111100111100000101010110001011
00111101010100111111110100010000
10111101001001100100011110010000
00111101011111011010100110001100
10111101011001111001010000100101
00111100000000001001000110110011
10111011110010110111010100011011
10111100101101111000111010110111
10111101100010111100111001111010
10111101010101010010010111010000
00111101000110011000100110101111
00111011000111101001001010110000
00111101000011111000100001111001
10111101100000110101100101001101
00111100100100110110011000100111
00111100100111001011001011001100
10111100001010011000011000001111
00111101001111011011111011000001
10111011001111000110100111110101
00111101100001111101011001000000
10111100111000000100100010100011
00111101011101011011110001101100
10111101001111100010011100001101
10111101011001101010001101010000
10111101011001111001011111110010
00111101000010101011111001110100
00111101010110100110011011010101
00111101011100101110111100011010
10111100110010101110111101101010
00111100101111001010101001010001
00111101010001100100011111100000
00111100010101001011110011100000
00111101100001000100000111111010
00111101011100011100101010111110
00111101001110010011100001110100
10111011010000101100111000110110
00111100001001010010010000110100
00111100001010101001001100110011
10111011000111111000100110101100
10111101100100000110110100000100
10111101100000110111010010100101
10111101011101010111101011010100
00111011111000000001000011011111
00111011101011000101110011111001
00111100011011010101100001110111
10111100100110000010010000101011
00111100100001110101000101111011
00111101000100000000010110011101
10111101100000010011000011001111
10111101101100001010101110000111
10111100000011110011101000100101
00111101000110100111010110101001
10111101100010100101100000111100
10111011100001010100001110101000
00111101101101100011101111011101
10111101010110011111111111101010
00111100000100110010010011010010
10111100110101111010100010000010
10111101100010000110011011101110
00111101100100100010010000100100
10111100100110000010111111000101
00111100110111101110011100100101
10111101011010101100000110100001
00111100101010011010010010111110
00111101101000110010100110111001
00111101000110011011010001010011
00111101000001000111011110101100
10111101100110000110110010100001
10111100100011101000000011100000
10111101100001111110001111100111
10111100111110011000000100000000
10111101010000110000110001101100
10111100000100101110100010000001
00111100100110100010111111100100
00111100000001001001010011111001
00111100100001101110010101110100
00111101010011001000010100010110
00111100110110110010101100010000
00111101100001000111111110000001
10111101001011000111101011101110
10111100111011010110100111101000
10111100111100000000010101110111
00111101011011111010010011100000
00111100101010010101100101101111
00111100100101010110001110101000
00111101100110011100000111101000
00111100110110001000110100111101
10111101101011101011110100000111
10111100010101010111000111111100
00111101000110001100100011010001
10111100111100011101011011010000
00111101001101101111010110010100
10111100111110100111110110110000
10111100100001001111011001100001
00111100111001010110000111101110
10111101101000100110010000000011
10111101011100111001000011100001
00111101001011001111010110000110
10111010110010111000000000111100
10111101100101101001010000010110
10111101000100001101001101110001
10111101000011111111010110110110
10111100100101100011011101000001
00111100100110010101001011000100
10111010111110101111010100001000
00111100100011000010100010000100
10111011000010011001010111101011
00111101000111100101011111000010
10111101000110011011010101100001
00111011111101110111101100001000
00111100001011100110101100010110
10111101001010100001000010010001
10111101001010110110000001100111
00111101100001100111010101100011
00111100000010001100101101011010
00111100100000001001011110111100
00111101000110001111010001111101
10111101000111101110011110000001
10111101100100010010100100000000
00111101000101000111101101010101
00111100010010110111001101111100
00111101011000101100010000001010
00111101101101011111101100111100
10111101110011000001000001111011
10111100010101010101110011011111
00111100111011010110111110100100
00111101100011011001001111011011
10111100101110000100011010110110
10111101100011100111111100010000
00111101001011000001101110111101
00111100110101010110100010100100
10111101001010110111000010100110
00111101000100101100110100110000
10111100001111001111011111101000
00111100111011011010110010110000
10111101001101001110000010010111
10111101101010010001111101011001
00111011110111001011011001011010
00111100110000001011000010101110
10111011001010011000010110111110
10111100001101010101011001001011
10111100101010010110001011001011
10111101100000101001101111111011
00111100111111001111010110001001
00111101100111101100010101010001
10111100111111110101010000101101
00111101001001001100111011110111
00111101101001010010010100001000
00111100100101010111110001100001
10111101010000101010110011000101
00111100100000000011110010111111
00111101000100101010010111110110
00111101110111011100000010000100
10111100111010010101101101110001
00111101111101000000010111010111
00111101111000100001101010101110
00111101000110001011100110111100
10111101011000101011001001001010
10111100010001101110101110111100
10111011111000111101101010001110
00111101010100101101101111101101
10111100110110100101110001001011
00111101101001011110110100101110
10111101100000101111001111010111
10111101100110110010001000110101
00111100111011010010110010111000
10111101101001010111000010101110
00111101000111101100011111000010
00111100111000001001100100000010
10111100100100000110000010000101
00111101101000110101000001000001
00111100101010101001111110100010
10111101110100011111000100001100
00111100111010111011010000000101
10111101111000101000011110110001
10111101000101111001010011010111
00111100000110000111010101100000
00111101000001000010001100000000
00111100010000111001011111000010
00111101101000101111110110001000
00111101000110110000100110101111
00111101000011000001110001111011
00111011101000001010110101010000
00111100001101100100010011010110
10111100100110100011110101100000
00111101000101001101100011000110
00111100001011101100111100111010
10111100001001100100101001001000
10111101101111111001010100010001
10111101010010000010010110110110
00111100011110011001100111001011
10111100110001111000100111111001
10111100110000000000100000010001
00111101000101001101110000011100
10111100110101011101111110111011
00111100111010010000010011111100
10111101001010010100110010100100
10111011100101000111001100010001
00111100100001001001100101000101
00111101011000110011010001100010
10111101001101110010111110001001
00111100011101110010101010100110
00111101000100011010001001001011
10111101101100110011000011010101
00111101001110001000100000000110
10111101101010010101110011011100
10111101100000000100010011111110
00111101000011100000110010110010
10111101011101010110010010111100
00111100001100010101011001011000
00111101100000100001101000101001
00111100001101000110110110111100
10111100000011100000111010101010
10111101001011110000100011000010
10111101101011111111110011101001
10111101011100001110011101111011
00111100110010011000000101000101
10111101101001110100010011010000
00111100110001111110110111011010
10111100100011111111001111100111
10111011001000111011110100100000
10111100101110111001011100100000
00111101101010100011100110011010
10111101111100000000000100101011
00111101000000001000010100111001
10111101100010010110011001010011
00111101001101010011010101111001
10111101000111101111001110100100
10111100111101000010000110100100
10111011100001001001101001000111
10111101001111001011011101110001
10111100100001110101011001111101
10111101110010100010000110101101
10111101011011111000011100100001
10111100100110100101010110010010
00111101100010100110101111010011
10111101101101111000101111100011
10111101010110010110010101010000
00111101000100110110011011110101
10111100111101011101011110101110
10111101001010101100111011111111
10111101011111000011010110111100
10111100111000100100100011101100
00111100101101011010111111101000
00111101100100110110110101110111
10111101100110100010101001000110
00111100101101100100110100100101
10111101100101100010100110000101
00111100111010001100010101011100
10111101011010110011101001000010
10111101000101101000001110100001
10111011110100110100111100100110
10111101000110111110111110010011
00111101100011011111010000011010
00111101011011110001111010111101
10111100110000000000000110111011
10111101000100000110100001011101
10111101100100011111001101101110
00111101011001001011001000100000
10111100110101101010011111100100
10111100101001111101111100001001
10111100100001100100010010001010
00111100000100110000100011001101
00111100001101101001010111001101
00111101100000000100001000101001
00111010011110011011110010100100
10111101001011110100011100011000
10111100100101100000011000100000
00111100111101111000000111101010
00111100000001011010010101110110
00111101100100011110000011100111
10111011101000111111011011000101
10111001001001001010111100011100
10111101001111011011100100110100
00111101000011010101011110110110
00111101100000010101010101011111
10111101000101111001111011111101
00111100110001000010001100010010
00111101000111010011000101111011
10111100000100100010001110110101
10111101000111100100010001011110
00111101101011000100101000011110
10111100011110101011110110010111
10111100110001010011000111001010
00111100010110010111000000011111
10111101010111111111000110011100
10111101000100100111010000100101
10111010001000001100100100011000
10111100000101010000100101011110
10111101010100110001000010000101
10111101000100000010000000100010
10111100010010000001100100001010
00111100101010111110011000010101
10111101000011011011011101111011
10111010110111011111101101101110
10111100010001101010101001110111
10111101000101110110010110010000
00111101100010111001000001101011
10111010010000011101011110110000
10111101100001001111010000000101
00111101100011111100011110011100
00111011110000111011001110111111
00111100101100001001000001011110
00111101000010000010110111000001
00111100000101110000001011011110
10111101011111000001110011111111
10111101000010010011011000110001
10111100001001111100100011111001
00111101010000011100110111010100
10111101100101011111100110010001
00111101000011011110111100110001
10111101000001110000111101010110
10111101001100000001110100100010
00111011110000010111011101100110
00111101000111001100100101000010
00111100001000010000100110111001
10111100001111110011110000110010
00111011101110111101110101101010
10111100001100011100001100100001
00111100100001111010001100110011
10111101101010011000011011101001
10111100010000000011011010110110
10111100111101000101111001000000
10111101000110011010001111100010
10111100111111010110110001100101
10111100011001100101101001101001
00111100111101111101001010111010
00111011011000011000101101111001
10111101110000011000110100010110
10111101001100011011000111111110
10111101011011100101110010001100
10111101001110010001000100010111
00111101000110101110011110000100
10111101010100011000010010110001
00111101010111110001011000010000
00111101000111101010110101000101
10111100100000101100110100101001
10111101001100110010001100010111
10111011001110100001101100101011
00111100101110111011010110111101
10111100100110010110010011000110
00111100100110000011011010100111
00111101001110111101110111110011
00111011110101111000010110010101
10111101110100010100110110000000
00111100000010101000011110001110
00111100000110011000110101110000
10111101100010101000110101001000
00111101010001101101101011000111
10111001000000001110001101010000
00111100100101111010000100100100
10111100001111100101001000011111
10111101100010010011110001001001
10111100100001010101100101100001
00111101001111101110111101111100
00111101100101100011000000000000
10111100100000111110011001101110
10111101100010111100010010100000
00111100111010100111000011110011
10111101100100001001101110110011
10111101011101011010001101010010
10111010110011011110001001010101
10111101110101001010101000000010
00111101001001101001001000111101
10111101000001111001010011100101
00111101011011101111101010100001
10111010100011000101101010010110
00111100001101100011110110011100
10111101000100110000111111101110
00111101010111001111110001010101
10111100111010011111010110101011
10111101100011011111111101100011
10111011000111011100010011100110
10111101010001010110011001000110
10111101000010100101100000010101
00111101001110110100010101111000
00111101001011001000010100101111
10111101000110010001011001110000
10111011000011110101000001001101
10111101010011101110110010000001
10111101110000010101110001011101
10111101010011100111001010001110
10111011101101110010001111000111
00111101011001110111000011110101
00111100100000000100010100100011
10111100011110111100111001111111
00111100001001000000000010001111
00111101000100000011010110110000
10111101001001101110111001111001
00111100100010111100111111100110
00111101011010000010101011010101
00111101101111111111000000011001
10111101111000000000111100111111
00111100101010001000101011100110
00111101101101111001011011111000
10111101101000111111010011110101
10111101011010101111010000011010
00111101000000111010001100110110
00111101100011000100101111100010
10111010000000001110100101001110
10111101000111111111100000100111
10111100110011001000100100011100
00111100011110000101111010011011
00111101011110011111011001010011
00111101010001110000110110001100
00111101010100111001001101110100
00111100111100001001000101010100
10111101000010100110100000110010
10111101011010001111100101000010
10111011110001010101000000011101
00111101101010001000111110010001
00111100000100001010110011011100
00111101010010000000010100001011
10111100011001101100001011111000
00111101001101001011001000000011
00111101001000110111000101111000
10111100110100110000011011001111
00111011111110101111010000110100
00111100110010001000001111000100
10111011110001111110101000101000
00111100100110101110011100001001
10111100011000001100000001111111
00111101011100010111110110101011
10111101010001101011001010101011
10111101101110010010110111000101
10111101011011011011011000010100
10111100100100000000101010110010
10111011000111110100011001011011
00111101001000100010011100000100
00111101100010110101100110000010
00111101010001110001111001101011
00111100110000110010011110110101
00111101010100000010111111011011
00111001010010111111001000101111
00111101011110001011110100111111
00111100000000001110100101010010
00111100100100111000110100110101
10111010110001101111110000001011
10111101100010101000100110100001
10111100101100000011111100000000
10111100001001011101001010000000
10111101011110101010000111101101
10111101110000101100100110000011
10111101000000111010110101110100
10111100100000110001101101101010
10111101000010101110010100001001
00111101100011000010010110101010
00111100011010010111100001110100
00111100111010111001111110110100
00111101010011111110110011001001
00111100101110111101010110100110
10111100010111001000110010010101
00111101001101101011100111001010
10111101110101010001001010011011
00111101001010101101111011010001
10111101001100101101100110000001
00111100000101001110011101001010
00111101100010010110110010001111
00111101001110110100001100011100
10111101110001000011010111100110
00111100110101001001100101110010
00111101100110110110001101001111
00111101010010111000000111101011
10111100001111111110000011010111
00111100110001010101011011001100
00111100101010000101110001100011
10111101011010000010000011001010
00111011110100101010100010110000
00111100000100111011101011101100
10111100001111111001100110111111
00111011101110010110110010011011
00111011100111001101110011001101
10111101101110011100100100000110
10111101111001011111000010100111
10111100100100010000011001110110
10111101010101011000111011001110
10111101100001110011000100000110
10111100010100001001000111110110
10111100001000100111101001111001
00111100010101111011111011111011
00111100110010101100010111110011
10111010001100000000110101111001
10111001111111011010100100011000
10111101000100011001110000010001
10111011100110010111011011111000
00111100110100111000110101001100
00111100010010000100000110001010
00111101011011101011000101000000
10111101100000011101011110100111
00111101011110110011110001011010
10111101100111001010110000100010
00111101110111111010101100001101
00111100010111110111010000111001
00111100001010011000011010011110
10111101010101101100110001111101
10111011110011000110000101010111
10111101000111000010100001001010
10111101101000000001011101100101
10111101001011111110110101001010
00111100111110101001101001011111
00111101100011011000101110010000
10111101100110101110110111100111
10111101011000100000110000110011
00111101100000001100000001011101
10111101001100100100010001000110
00111011110110101101110011110101
10111100100100101010100000010010
00111101001000011111101010110111
00111100100111100000101000001001
00111100000011110001010011000010
00111101001000111000100101110001
00111100010000001000100010010111
00111101100100010010101000011011
10111101011001011011001101000011
00111101100101001111011111111011
10111100111001111110110101010010
00111011000100011011110111100010
10111101000110100001110011110111
10111100000011100011000000110110
10111101110000101001000111100100
10111101001110111011001101101010
00111101000000111101110000111000
10111100110011101111110011110010
10111101100000010110110001111110
10111101100001000100110100111110
10111100110010111001000000000010
00111101100100000011001010100001
10111101001000011010100110000111
10111100111101110100110100001001
10111101100010010001111111101011
00111100100111100011001110101000
10111100100011000110111000101011
10111101001101010111010010110010
10111100110011011111111010010001
10111110000001111011110111101111
10111101110010011111011000100011
10111101100000010010010001110010
00111100010100110000000110110001
10111100100101011010011110010000
10111101001100001100100111111100
10111101010011000111101000011110
00111100111100111000100100101010
10111011001000000011000001001101
10111101000111110010011000011111
00111101011000101010001100000010
00111101110001110000110111010110
10111101000100110000001111001001
10111100110011100100001110101010
10111100010100011100000001001011
10111101000010101100100100011100
10111100101111100100110001101111
10111101001011010011110000110001
10111011100001011101110101000001
10111101000011101101111010100111
10111100100001101011100011001101
10111100111011110110101101111001
00111100100111110011000101110110
00111101001111011011101110010100
10111101100001011101100111011011
10111101001100011110101001101001
00111101000011011010000000101010
10111101101111000100010000011011
10111100101010001001010110000011
00111011100011001011111110010001
00111101100110101100011010011011
00111101010110001011110101000101
00111101010011010110000010101011
10111101100010010101001101010101
00111101010000000001011101000111
00111101001011100100000101101001
10111100110011100101100101000010
10111011001011110011111001111100
00111011100010000110110001001101
10111101000101101111011001111001
10111010001001001111010010101110
10111101100100011000110111110010
10111100110111001011101010101100
00111100100011001011100001101010
10111100100001101110011000011011
10111100100101101000110110000111
00111100111101100010100111111101
10111100111101011010100100100010
10111101000000111000010000111011
10111101101011101000111111110100
10111101101000100001111010001001
00111101011101110101010100100001
10111100100111101110011011111101
00111101010001111011101011100101
10111101000001110111000100000101
00111100111001011011011001000010
00111011110001001011010101001100
10111101100111100110100101001111
10111100001111101011111110011101
10111101110100010010100011101101
00111100000000100101010110001011
10111100000011011010101000111001
00111100100000110100010110100111
10111100111011001001110111001011
10111101011101011001010111011011
10111101010101101001001011011010
00111101010011011110010100100010
10111100101101001000001100011010
00111011111111100000001111111110
00111101100110011100110100100110
10111101100000011000111100111000
00111011100001110000111000010100
00111101101000100011001001101110
10111101011010100110001101001010
10111101000100010001001011000010
10111100100111101010001010010100
10111101100010110000111010101110
10111100000100100110111000001111
00111010000101111100011001101001
00111100010001111111010100011110
00111101010100110101000011001110
10111101100110110010001101111010
10111101000000100000001001110111
00111100100110101110001000000011
10111101001011100011111101100000
00111101101000011011001110000000
10111100111001101101001001111000
10111100010111011001100010101111
00111100101011100011111111001110
00111101010101101101110001100011
10111101000001000010011001011100
10111101000000001110111011110111
00111100101010101001101101110101
00111101101000101111100000000010
10111100110001000001010101101011
00111100111011010101001011101010
10111011101001111100000011110001
10111100110000010100100000000000
00111101010001100100100101101100
10111011011011010011101100101010
00111100101011011101110100101010
00111100011000111101101000011010
10111101000100001111001100110000
10111100100000011000101010100011
00111100110101000100110101111011
10111101000101100100111001100110
00111101100011101000011100000100
00111100011101000110011100110001
10111100011111001001001001101011
10111100101101110001000011101111
00111101100000101001110011000110
00111101000000001110111011011110
10111101001100101011101010010010
00111101001110101000001110010100
10111011010001100010111110100100
10111100001101101111111100100100
10111101001011011001000100110011
10111101100100000101000010100110
10111100110001000001000111010101
10111011100011011010111111010110
00111011100010110100111101111001
10111101110010011111111000100101
00111100100000101100010001111100
10111100101001111100011010101110
10111100100000101001000111100010
10111101000111110011010011001001
00111101000110101111000010011010
00111101000101010101110111000000
00111101001011111100100100111000
00111011101000110100000100010000
00111101101101000110011100101010
10111101000111111001100111111000
00111100100000111111110111111011
00111100001111001000001100011010
10111101011101101000000001111101
10111101111110011111000101111101
10111101100110111110011001110110
10111100000111001010110110011000
00111011101000110111011011100101
10111001010000101000011001110001
10111100101111110000001101000100
00111101000100011001110011010110
00111101010100001001011001011100
10111101101100111001001001001011
10111101001100001100100101010111
00111101001110101011010001101010
10111101001010000010001111111101
00111101010011100001100101011111
00111101101010100100100110000111
00111101100000110001010010000010
10111101100101110111101100000000
10111101010010000110111011001011
00111101101001111110111001000011
00111100011001111101000111111100
10111101010101000101010110100001
10111101111100001111111011001101
10111011100111111111010010111101
00111100111100111100010100011000
10111101001100001001000110111010
10111101010001110111110011110001
10111100011011001110011100010101
10111100100010101010000111111111
10111100100110101011111110110000
00111100101100010101011000100001
10111100111110101011011011111000
00111100000110100100110000111100
00111101001110010100011001100111
00111101001101110011111101001100
00111100000011000100101000110010
00111101100100000001001011110001
10111100011100101000010110001110
00111100000100110010010101110100
10111101001100001001101111000001
10111101001101100110001001101110
00111001000111100110111110010101
10111101101001000010110100101011
00111101100111110001111010001001
00111100110111110010101110110011
10111101011101110111010011111011
00111101101110000100100000110001
00111101100110000110111111011001
10111011111000010111111101101100
10111101010111010110010000011011
10111100101000011000011101101101
10111100101110101011101101101010
00111100001010000101001101001001
00111100011101000000101111010010
10111101100101010110001101110011
10111101110011001001111100010100
00111101000100011011011111110110
10111100101011111110001110110011
00111101000010100010111001100010
00111101100111101011011111011011
10111100000111001101100011111100
00111101010101111101011100001001
00111101110000001001110010100001
00111101000100001110110011001001
00111101101110100111010011001101
00111101100000111110011100110011
00111100011111011100000100100000
00111100111011011100101101001001
00111101111010101100000001100100
10111100101101000001111111100101
10111101101010010110101011010011
10111101100010101001110100011000
00111101110001110110101101110010
00111011111101000111000001101110
00111011110011100000010010001010
10111100111101001101000110100110
10111101010111101011100000100010
10111011101001001000001110001110
00111101000001001001000110011010
10111101010001110110110011001010
10111100101001011111110110010110
10111100100111011000000011111110
10111101000011010101110000001110
00111101000110010011101001010001
00111100010110100111110111100000
10111010110110110111111110001101
10111011111011010101110000010001
00111100110000111110111000001100
10111011110111100111000011111010
10111101100010110000111101000011
00111100111011010101000010011110
10111101100111000111001011000001
10111101000110011110001000111010
10111100101011010011010101001101
00111100100110101001101001111101
00111100000111100001000111111111
10111101011100000011111001110101
10111101101011100011000110110001
10111100011000000111110100000111
00111010101110111110110000100101
00111100010100001101110001010000
10111101011111101010101101101000
00111101010100001101111101101010
00111101000000010011111111011110
10111101011111001011011010101001
00111101100100100111000100111001
00111101010000010011101011111100
00111101000110000110110110110100
00111011001100000001101100100111
10111101001000100011110100111000
10111101001010100010000100011101
10111011000010001111111010010010
00111100110110111110110010011010
10111011100001100111011010111001
10111100100011100010011011001101
00111100100000111111011110100011
10111100100100011010001111111100
10111010100001011110000010111010
10111101000011100100100101011011
10111010100100100011101100001011
00111101000000100111010100110000
10111101001111110111111100010000
00111011010110100111111100000010
00111101101011001000100000100001
10111101100011000111010100000110
00111100101101101101000001101001
00111100111010011101101011001110
10111100110001011011011110011100
00111101000011011111100000101101
00111011110011111001100011010000
10111101011011110001100110010101
00111101000010001010110001010110
10111011100111001001101100001101
10111101000101100101110111011000
10111101010001100110000010111110
10111100110010001100110101110010
00111100000100000100000110111100
00111100010110001011000011111010
10111100100110100110001111110000
10111101011101111001011100101101
00111100100000001111101011010000
10111101001011011111111111011001
10111100001001100100111100001001
00111101010000000001011101100011
00111101011001011101000101110001
00111100111000000000111011101101
10111100100100101000110100000110
00111101010010001110110000000100
10111011011010111000110011010011
10111100100100111010101100010110
00111101001101011111010111101110
10111011000000100011000100101001
00111100101011001111001101011110
00111100100101000100010100110101
10111101100101101000100101111010
10111101100101100101010101000100
10111100111101010010101001100001
00111101010100110110101001111100
10111101011111101111111100011011
10111101101011000000000111001110
00111101000001011100000111011001
10111100011110001001101101000100
00111101001011011100110101101010
10111101000100001101000101110100
10111101001010001100010011001101
10111100111100001001011101110110
00111100111000001000010101000101
00111101101010100101100110010011
10111100011100110001001101110010
10111101010001000110101101111100
00111101000000101000010110000111
10111011011000110001110001101011
00111101001110000000011101111111
10111100101000100101000011101101
10111101100101111011100001010100
00111100111111110001100000010011
10111101000101101010110110110110
10111100100101011011110101000111
00111101001001010110000000100111
10111100101011101100000101000001
00111010101100000000010000001001
00111101011111010010111011000001
00111010111101011001111000001110
00111100010111100011011000101010
10111101100110010001110101101011
10111100110110111101110111010001
10111100111110110011000100000101
00111100101110101001011111011000
10111101001100000111010110110100
10111101001110111100100100010011
00111100111001110000011111000010
00111100101100010001001000001010
00111100111011100100101010100011
10111101111010101001111100100110
00111101000101111101010111011001
00111101011000001111101101110011
10111101011101101111011011101111
00111100001111000011011100001111
00111101101110011011110110000011
10111100111100110101101111010011
10111100111000110101010010010000
10111101001010100011100110111000
10111011111010011000011100100001
10111011010011011000101111001101
10111101001000010110001101111111
10111011000000000111111111100101
00111101101000001111011100101111
10111101010010100110100111111010
10111101000100010000110011100110
00111100011000000110011010011101
10111101010011000011111000010100
10111100110101000011101010100011
10111101011001000100100100010100
10111100011111000011010011111001
10111101000110101001111001000111
10111100111110010101101111110000
10111101001001110010111010111111
00111100100100100101100001011101
00111100100101011100110010000111
10111101001110101101110100111101
00111101011011111111101111110000
10111100111110100101010011010110
00111101000010100001100110100001
10111101011100001000101000100111
10111101000100000101101010110010
10111100010000111001110101101101
10111101000100010010011011001110
10111011001111100110111110111001
10111101010000000110100110111001
10111100001000001100110000000000
00111101000111100011111100000101
00111100110010111010001000111011
00111101000001010000110100000000
00111101100001001000100010000010
10111100101001110000110111101101
00111011000011000011001100001100
10111101010111010001000000110110
00111100100011010011000011000001
10111101000101110010111000101111
10111100111110010110011001000000
00111011101110000001110110110011
10111101010101010110100110001101
10111100110000011110110010000010
00111011110101011101011010011101
00111101101101001110110110010110
00111011101101100001101001101101
00111101001000111101010010001011
10111101001010111111010010011000
00111101001011111101111111001110
00111101011111110111100110100011
00111100100010110000011001111010
10111101001010101010100111111011
10111101101011001101100110000001
10111100101001101011101110010010
10111101100011011010101011010111
10111101100001111010010100000011
10111101100000000110001011000000
00111101011001011010111111110111
00111100001001100001001000111000
10111100000111110101110100110010
00111101000010010100101011101001
10111100110101110001110110001010
10111101010100111000010111001111
10111101110010101100010011000101
10111011100101000110100010111101
10111101000001010001100110001110
10111101100111001010111100110111
10111100101010011100110000000011
10111101100110001001111111011011
00111101100001001101000101011000
10111100111100001111011111100001
10111101000000010111001010110101
00111100011011001001110111110101
00111011110100010110001001011110
00111100010110101010001011100100
00111100100110000111000011100100
00111101000100110111011100000110
00111100100101101011100100111100
00111101011010011111011011100111
00111100100010011001110011111110
10111101001011001000001111010011
00111100110010110111111000110101
10111101010001101111000100001101
10111010111110000111101010011100
00111101000111000000000100010000
10111101001010111000111101001000
10111011101111001000100101010111
10111101100000010001100110000001
00111011001001010000101111101000
10111100110001110100101001110010
10111101000010001101100000101000
10111101011100001010001001010110
10111100100011000011010101101100
10111100100110010010001111101100
10111101001010011100011100000110
00111010000110011001111110110011
00111011000100111110000010011001
10111100100110011010010011101110
10111101001000010110010100000110
10111100110101111001001101110101
00111100100000010111011010001100
10111101011010010010100010110011
00111101000001100110111000000110
10111101010110010001101011000010
00111101000111000000100011101101
00111101111000100101010011101101
00111101100011011001010100010100
10111101000100011101100000010001
00111100001010011101000101100100
00111101100011101101010000101111
10111100011110000111101010000101
00111101000101100111101001010110
10111011011010111000001000011010
10111101100100011001011010110111
00111101000010111010001100101110
00111100100010110110101111101001
10111100111111011110101001111001
10111100100111000011000110110011
00111101000100111101001111001000
10111101000111011111000001011001
00111101001000110010001101010010
10111011101111110110100011100010
00111101100111111001111010101011
00111011110010101111000010011000
00111101000011001100000110110110
10111100111100111111110011011000
10111100111110001001111101111011
10111011100010111001100100000000
00111100010100011100111100010001
00111101001101001100100110001101
10111101000010100001000010101000
00111011011000111000010100100001
00111100001110001110101100001100
10111100101101111010000010011001
10111100000100110100000011011100
