10111101101001111111000101001100
00111100000100011010110011101100
10111010001110110101000111001101
10111100100101110001111010110111
00111100100101011111010011101111
10111100100111111000001011110010
10111101010000101000000010000111
00111100111010110001100100001011
10111100101111001011101001000111
00111100100001111101001011011000
10111101000110101000001101101111
00111101101000000011101110010000
00111100111000111100000110000111
00111001100001011000111110100000
10111101001101001101000001011011
00111101010101011010111111011000
10111101000101010100100011001101
00111100110001010010010011111001
10111100111001111000110110101101
10111100111100010110001001010010
00111101010011010100000011110011
10111100010000111001100100000100
00111101000111010011010111111000
00111101101011000101011000100011
10111101101100000000001110100011
00111101000010011010010110101000
10111100101001001011101111111010
10111101000100011010000001010010
00111101011100011001001011011111
00111100000100000101100010110000
10111100010011000101010101110010
10111101010110010001101010101000
10111101000100011000001111111000
00111100000001100001011001000001
10111101001011000010000101001001
00111100110001000010111111110101
00111101000001110110101101001011
00111100110001110001100001011011
10111011011111010110000001100011
10111101001010001101101110110010
00111101000110101110111110100100
10111100100001000000100000101010
10111011111001000001101100111110
00111101100010001101100101111011
00111101010011100001111000001010
00111101101001000111101101110000
00111101000001011011001001001100
00111101000011011000110000101101
10111101001001101110101011100001
00111011011001111011111011001100
10111100101111010011001011110111
00111101001110110101100111000000
00111100001011000000001000001000
00111100010101001010110000110001
00111100100000100110011110000010
00111100000111011110100111011011
10111101010101101011111100111110
10111101011011101100000100100011
10111101011000001001100101000011
10111100100110111000011001101110
00111101011001101001111010100001
10111011000101110101000101010001
10111101101100100101101111101000
10111101000000011110101111000010
10111100011111111010110011011010
10111100111101111011110110101110
00111100100000101011101001011010
00111101100011101110011000110100
10111100010111010101010010101110
10111011101111011100001101010111
00111100100110000011101011110011
10111100110110000011001100101000
10111101011001111010100001111000
00111101000001111101010101111111
00111101001010111011110110111100
10111100010100100110000000111011
10111100010001000101010111011111
10111101000100111100011111110101
10111100110110101000110111000001
10111101011101010001100000100110
10111100110110000011001110010011
00111100001001101010011011110011
10111101010100011100001011111110
10111101000010001000001110011101
00111101000010000100010100001011
00111100100010010000101001010001
00111101000100010011000011100101
00111101000110110100011010001011
00111101001100111100010001111000
00111100011010011100010010010011
10111101001110010000001111010011
10111101001001110111111000111001
00111101100001001001111100010001
10111100001100001010000111111101
10111101101000111101001000000111
10111100110000110100011100011000
00111011100000111011000100010010
00111100000010000000110010000100
10111100100011010011001111100011
10111101100101000111010111010100
00111101001101011001001101000011
10111100001110001010010100101111
10111100100110010111001000100000
00111101010000010100101101010110
00111101100011001001001010011010
00111100101010101011101110011000
00111100100110101110110100110110
00111101000000001010111001001100
10111100101110101110011001111001
00111100111010000010000111000110
00111101010110010001111110010111
10111101011010010000001001110000
10111100000001110110011100001010
10111010100000101100001110111000
10111101100011001111110011010010
10111011101010111011001110110110
00111101010110110101011001110011
10111101101011000111101001110000
00111101011110110110101001011011
00111100010010110111100110010110
00111100000011000010000011101101
00111100101011111001000000111101
10111100100100011100110111101011
00111101100010001100001100100000
10111101100001010001100011101110
00111101000100000111101100001101
00111101001010010001110101111000
10111100011000011111010110111000
00111011111001100011000001100011
10111101011000001101011110011110
00111011101111010101010101100010
10111101100100010110000011100000
10111101011000001011011100010010
00111101011101010100110111001001
00111100111010110010010011000110
10111100010100000110000110000111
00111101101001011110001100000011
10111101101100110100111110000111
10111100100110010100000101001111
10111100100101111100001001101011
10111010110010110111111100000110
10111101010100110010101011100000
10111100110101101101010110011100
10111101001010011100001011000100
00111101001110011100110100011100
10111101010101010110011101110111
10111101000010101111011110111101
00111100101010110000100001010001
00111010101001110101010001111111
00111010111011011010110010011001
10111101001110000000100000001000
10111100110101111111100010001111
10111101011111010101101010011101
10111100110110011001111101000010
10111101001110101111011011111010
00111100000010100101001001110000
10111101100011010100011000100111
10111101000101100100010111011110
10111100001101101101000101111111
00111101000111110001110101010110
00111100101101100011111111110011
10111101010000111011010100100110
10111100101001011100001010001010
00111011101110110110001110101101
00111100100010100101111101010110
00111101100001100010111111101011
10111010101110000010111101100001
00111101101100011010101011011111
10111100010101011010111110001010
00111100101001111011001111011001
00111101010011101001101001100101
00111101001000011001000101000010
10111100101100000000001001110111
10111101011111000011010100010000
00111101001110010101100010111001
00111101100101100010100001001010
10111100101110110000110101011000
00111101100101000010111101111000
10111101000000011001101010110101
10111100010000011110010001110010
00111101000000011001111110000110
10111101000010000001010001011100
00111100110001110000011001111100
00111100111101011111101011101101
00111011011100101011101100011110
10111100000111111000011101111111
00111101011000111001100110000100
10111100000001100100110111001100
10111101000010010001110101111101
10111101010101011111110100111111
10111101011101010011111110110110
10111100110101111100110100000010
10111100101011110111101101110011
10111101000001111000111001000001
10111011101111100001001011100111
00111101001000101111111110001101
10111100101101000010110010001010
00111100110101111001011101001000
10111101010011010100001100110001
00111101011110101000101000110111
10111100111111011101110100010111
00111101000101000000010000111110
10111101010000000000110110010011
00111100100010100110010000100110
00111100100110110111110101011110
10111101010010101110101101110001
00111100010100101000001001100010
00111101001100101100110010011111
10111101001100111110011110100000
10111100000010001001000111101011
10111100000101100110111110100001
00111101010111010101010101011111
00111011111001001010000010111000
10111101000100010110011110011101
00111101100010110010000001011101
10111101011111001001000100110111
00111011100011101001100000010100
10111101010101010110001011100000
10111011110101100110101000011110
00111101000100000010111110101101
10111100111011111000100001100010
10111100111110110000011010001001
10111100101111011001111011111101
10111011110000101110100001111011
00111101010111011011101110100111
10111101100101001111100110110100
00111100111010101100011010100000
10111101001001010010001001010000
10111011110010000011101001110001
00111001010100010000011110011011
10111100111100011001110101001010
10111101100100001111011000101111
10111100001100101011000010111010
00111100100100001001111110011010
00111100010111001111111010101110
10111100111110001100000000010111
00111100010001101111011110101001
00111100101010010010001011001001
10111101010101000110011011000010
10111101000010011100010010000000
10111011011111011011011000001011
10111101000111111111001100111010
10111100010101010001000100111010
10111101001111100011101001101100
10111100111000101001101111100101
10111100101101101001100110000011
10111100001100111111100101000011
00111101101110111010111010110011
10111101001001101101001111000110
10111100100010101110000101101110
10111100110111111100101100011101
10111100111011110000010001111110
00111100100100101010101110111111
00111011000111000000101111111100
00111101001101101001011101101011
00111101011010110101000111001001
10111100111000001110110011110011
00111101011101010011111100100111
10111101011010000101101101011100
10111100011101010011100101100110
00111101000001100101101100000001
00111011100001111110000100100000
10111101101010000111001011001001
00111100101111100111001010011111
10111101100010101000000011110100
00111100001111100011111100100110
00111101010001111000011001011010
00111101000110100101110101101101
10111101001101111000100010101100
10111100110100110011010000000010
00111010110111101010001111101001
00111101001001110011101110011110
00111101011000001101111110110011
10111101100101001011011101111100
10111101010110010111111111001001
10111100000110110111000100100110
00111100100010011110011111101100
00111100101001100101001000101010
00111010011100000010000001000111
10111101000111001011011011100101
10111101011001101100101100101011
10111101110000100100101000111111
10111011001011110010100001010000
10111101001011101100010100000100
00111100101001001110101011000100
10111101010110001111001111111111
10111110000000001111101010011110
10111101101101010000110011011111
00111101000011101011011001001010
10111101100000110100101110111100
00111011100111001110011010010100
00111100101111110011100011110100
10111100111100110001010111110111
00111101001001101110100010000010
00111100001100110111000000100101
00111101001101000110011001000000
10111101100011100111111001001001
10111101011100110010011111011000
10111100111101110100100010110001
10111011110111101101010011110000
10111100101010001101101010110100
00111101101010010011001000000110
00111100100010100001110011010001
10111101001111100010001000000010
10111101001011001110111011011100
00111100110000010110101010100000
00111101000100011000010001110100
10111100010000111100100000010010
10111101000011101001110101101010
10111101101111100001001100011011
10111101010001010000010001001100
10111010100101111000010101101001
10111011001101000110100101001100
00111101100000110111110001010010
00111100000000100111001100101101
00111100110110011001110110111001
10111101000011001010000000111111
10111101100010101011000010001110
10111101011001010101000010100101
00111101001011111110001100111011
10111101000110101111110000101100
10111101100100011111101110001101
10111100110011110101010011100010
10111101000111011011000101101000
10111100110100001111011011000000
10111101000111111100011110011110
10111100000010000010010101100001
00111101000110000001001110101001
10111011110101011001111100011100
00111100111010101011101000000000
10111100001101011111101010111111
10111100011110010001100010001011
00111100000011000001110010110101
00111101100000001100010110010010
00111101011010010001111111101101
00111101001000100010101101000000
10111100010001000100110110011010
10111100101010111000000110101111
10111100111111111101100101110110
10111100111111101101111110010011
10111100001101110111111011101000
00111101101001011100110100001110
00111101000000101001001111010110
10111100100000111001101010001100
10111101100000101100101001010001
10111100111110110101110110111011
00111101101100101001100111110010
10111100011011100011010010100010
10111100100001101011011001100100
00111100101011110011001001110011
10111101100111101110101111101001
10111101011001010101111100011101
10111100100110110011111100000001
10111100101100100011000100101111
10111101101111011001110011001001
10111100001111100000101101001001
10111100011100000010111111101010
10111101001111100010001110011110
00111101011100011110101000101101
10111100001101101011110110000010
10111101010110010110101011111000
10111100111000110111011100110111
10111100111011000010000101110110
00111101011010010010010111100000
10111100001111110011100001111001
10111011110110011001111110101101
10111011100011110011000110110110
10111101010011010000011100001010
10111101000110100000001111011001
10111101100011011000001000100100
00111001010110011000000101000100
00111100100101101111100011010100
10111100001111100111100111000110
00111101101010011100101101100101
00111011011100101011111010011001
10111100111010101110110001100011
00111100110101101001111010010100
10111100100111011100101000110100
10111100011010011010000001111001
00111100111001111010001011110101
10111100110110001111110101101001
10111101100111110001100000110011
10111100100011101010111000000110
10111100101110111011101101101111
10111101000111100001111101111000
00111101001000110010111011000110
00111101001001110010111001011101
10111100100001000100101111111101
00111100000001011000011110111000
00111100110010110101000111011000
10111101010100011111100111000101
00111101000011110010010010100000
00111101001011100011011011101010
10111100111011011111011000011011
10111101001101111010001010001011
00111100110010101110101000010101
00111101101011101101100110111101
00111100010001000100001110011100
10111010111110111110001010100010
00111100110010100000100111101110
00111101010010110111011010010001
10111101001101010110001110101001
00111101011000010101101000111011
00111100001111011111000000111011
10111101100000100010000101000000
00111101011001010011011011011101
10111101010100001001101010111011
00111100011111110000000101100011
10111100010011011110101010110111
00111100100100100111000011010000
10111101100100011001100110010110
10111100101010100010110110100110
00111100101010000011001100101110
10111101001000101100101111000001
10111101100001011000111110110010
00111011100010000110001000111011
10111100000011100011010001110011
00111011000010001110001101011111
10111101001101111101111000000111
10111011110000001011000011011010
10111100010111000111110010111011
00111100010011001001001011000000
00111101001011110000111001011100
10111011100001101011011001011001
10111011111010011011100111010001
10111011111110011001011010101011
00111101001110111001111001001000
10111101100000111010000101001001
00111100110011101000111111001011
10111100000110110101011111000101
10111011110011111011100110010011
10111100101100110011001011110100
00111100001011111101000011011111
10111100000100001110000101010111
10111001100100000010001001111110
10111101100100001110110001010100
10111011101101111101110011101101
00111011011101111100011111111100
00111101000000100001000111001011
00111101000011010011000000110001
00111101001010011111001001100011
00111100001001101110001100000111
10111101000110010101011110101100
10111101010010110100110101100011
10111010101000010001001101111001
10111101001001001001110101000011
10111011000010111101100111010100
00111100111110000000101011000000
10111100110000100101010010001000
00111100110000101110101111101011
10111100111000111000010100000011
10111101110000001001000110110101
10111010100001010010110011001110
10111101001100001110011001010111
10111101001010010101010101001100
00111101001100010011011000101010
00111010100010011111001011111100
00111100101111100000101110100010
10111100101000110110000101001011
10111101000100111000001011011100
10111011010111101010100110010100
00111100110010011000001101010100
00111100010001111011001011010000
10111101100111110101100001111000
00111100111000110110101110010101
10111100100001111010100111110100
10111101010100110111001111100101
10111101001010001101110101010011
10111101101111011101011110110100
10111101100001101001000000101111
10111101001101010110010001010101
10111101001000010011010110101110
10111101100111001111100000101010
10111100011011100001100111011100
10111011001100111100110001101001
10111101110000011100111110110000
10111101001011110001000101000010
00111100110101100110000010111000
10111101010010011110010011011011
00111100010011101001100101010111
00111101000101000101110101011001
10111101100101101101010001011111
00111101000110001101110110000001
00111101000000011011001000100100
10111101010110111010000011111111
10111100101111101101011000010111
10111101001111100000111001000000
10111100110000000101011000011110
00111101010111001101110100000100
10111101111001001011110101110010
00111100110101110100111001011000
00111100110011001100011101100100
00111100101111110011000000100011
10111100011101111011000111001110
00111100011010101000000111010101
10111100011011101110111100001011
10111100111100001101111001111110
10111011111001000011101100101101
00111100011101100100101010000001
10111101011001100001001000101001
10111011001100100110010001010111
10111100011100110001001000110101
10111100100000100111100110011000
00111011110111101011111110001010
10111011101100000110000100010101
00111101001010111010011111111010
10111100111111011001000010001101
10111100001100001010111011011010
00111101010110101100111000101110
00111100010111001011010110110011
10111101000100100010001110110101
10111100100010110101011010011110
00111101011011001000010100100010
10111100001000011000000101000101
10111101010010011101111011110111
10111101110000100111001100001101
10111101010000001011110101010101
10111101011100010101100010110111
10111100100111011101110000011100
10111100111100101110101000010101
10111101001111010111110010001110
00111100100111011001000001010010
10111100010001011011010110010000
10111011110101111101111010101111
10111101001111010011111000100110
10111100010111011111011100101000
10111100011111110001010010110110
00111100000010101010011011100110
10111101000101110000110100111100
00111100101010010000001000110100
00111101100011001111100000010110
00111101000011101010011111101100
00111100110011111000011101110011
10111100100111001000001000111011
10111101101001011111000101011010
00111100110010010011011010011011
00111100111000000100100011100101
00111100101110000110000111011110
00111011101110000010001011110100
10111011011001100110001011001010
10111011101101001110011000111110
00111100111000001010001011100101
10111101011010010110111110111011
10111101001110010011111101100101
00111101011001000010100101110010
10111011011001011010110101001111
00111100100001001001001000000001
00111101000001101111010101000001
00111100001111110111000100001001
00111101001000110100111110010000
10111101110010001101010011011101
00111101100010010100000010001010
10111101100001000110100000101101
10111100110000000000000100101001
00111101101000101011110110100101
00111100111011000001100001010101
10111101000111010100001110011011
10111011110111110111001010111001
10111101010001010000100111110000
00111101101110111111011011110110
10111101011110111001011100110111
10111100001110110100001000100000
00111011000100011010000110001001
10111100111000001101101111100100
10111100111010101100101111000100
00111100100111101110010011101100
00111011000000111000011010010000
00111101100010100010001010100100
00111100000001000001001111001100
10111101000110011101100010001000
10111101000100001011111000101100
00111101100011001111111011100111
00111100100010101001010111101101
00111100100100111110010111001110
00111101100000100110010001001100
10111101001010001001010010001000
00111100101110011011101110001110
10111101100011111010111101000010
00111100010101000100001111101101
10111101000111101111111001111111
00111101001101001010000001000011
10111101100010011101100010110111
10111100011101000101000010000001
10111101110010110100100110111011
00111010100101101011010011111101
00111100101001001100101110100111
00111100010111110101000110100010
10111101000100010111101001011110
00111100101001101000010000000111
00111010001001010011101101010000
00111101000100100111001000000001
10111101101000110001101100101110
00111101100001010111110001011010
00111101101001011010000110001101
10111100111101000101111111111010
10111101001011010010001111001111
00111100111111110110110011110011
10111100010101010101100100100101
10111101100100001010110010001111
10111101010110111101111001101000
00111100100011001101111010011010
00111101001100110011011101001011
00111011011111101000100010011000
00111100110010100101111110000001
10111011000111101010011111001001
10111001011101111001000101000001
10111100101100010011101101110111
10111100001001111000100100000100
10111100100011100111111101101100
00111100001101011011111011100001
10111100000000101101010000100000
00111100100110110111111000100110
00111101011111101111000000011101
10111101001111000000001011101101
00111101011111101000010100111001
10111100010101101000111110101000
10111101101001111110111100001001
10111100000001110010111011101001
10111101101010011001101111100001
00111101011000000100111010010011
10111101101000110011111000111000
10111101000011000011001001010111
00111101011110110110100110010000
00111100101110000011010110001011
00111101100110011000110010001000
00111011101001000011000101111110
00111011111111100010011001010000
10111101011000100101001100000100
00111100110101000110101101011001
10111101000001011101111100110100
00111100100101100010111001010010
00111100111100100111111001001110
00111101000101111111011100010111
10111010110110001110100111111101
10111100101110100010101110101001
10111100101101100110011101111110
00111101010000111010110110011100
00111100010001001111001001100010
00111100000110000011110010010011
10111100101000100100011101101000
10111101001010101101111001001001
00111101101001100010101001111011
10111011111001000000110101111101
00111100111001010101101011111100
10111011100011111001010111011111
00111101011000101011000111111001
10111100110111000010100100011000
00111101000110000100110111010111
00111101000001110001010000111001
00111100010100111101111011001010
10111100100010010101110001111111
00111100110001000000110001000010
00111100110100001111111101100111
00111101011000011100011101100100
00111101000000101101111110111001
00111101001111000000001110010001
00111101011101010111010111001110
00111101101010011110111000110101
10111011110101010100010100110011
10111001000111001101111011101110
00111101001010101111100101101100
00111100100111000101011111010110
00111101000011001101001000110101
00111100000101000101100100000000
10111100101110011100011010000001
00111100000110010000100110100011
10111101000000000001111001000011
10111101000111010000010000110001
10111101101010100000100110100010
10111101000111100110111111101100
00111101010010000100011110100000
10111100110111100001011011111011
00111100001110111111011101000000
10111101010011110110100111100000
00111010100101011110100001001110
10111101100101010100011101100000
00111101100111011010001111001111
10111101001001000010111011010110
10111010110100110111110000110011
00111100100111011011110000111011
00111100000011101110011011000010
10111100100001010001100101010110
00111101101000111110111111000110
10111101100010111101010110010000
10111101001011111111000001001100
10111100001000001110010011001011
00111101101010010100000001010111
00111100110101110101001001010100
10111101000110100000010001100000
10111100111100111011000011100001
00111101001011010101011011111001
10111100100000000000000100010001
00111101010001111000011100001110
10111100100011000000110011101011
00111100101000010111101110101111
10111101000110000000001000100111
00111100111010110110101111010010
10111101010101001000000111001000
00111011111000100001101101011101
00111011110111010111100111011111
10111101100000010100001000100110
00111100111111110010100011010111
00111010010001111111001010110011
00111101100000001011101001110000
00111100010111100111111000001001
10111101011011110011110111000011
00111100110011001101101111110111
10111101100001100111001100110111
10111101010100000001001100001011
10111101001101100010100010110001
10111101101110101100100010001100
10111101101010100110010011010101
10111101100111110101010111100011
00111100101011100101010010011100
10111101010000010000101000111111
10111101101010100011100011010000
10111100100110001110000100011010
00111101011011111001100001111001
00111101011001011111000110000000
10111101001100111010000011010111
10111101001111110110000000001010
10111100111011000100011001000010
10111101100101010111000011000000
10111101100111100111000000010011
00111101001010111101011001100010
10111101011001110001001100110011
10111100100001110011100001111011
00111101010000110000001000011101
10111101011110100010010000100111
00111100010110001010011100110011
10111101011010000100001110111001
00111101101001100111110001110101
10111101010100100000010000001011
10111101010011010110100010000101
00111100100010011111010010100101
10111100101111101100100101000010
00111100001011000001010000000110
10111101101000011011100101000001
10111101100101110011100001100101
00111100101100110100111101100001
00111010100101011011010000011000
00111011100111111000001100000100
10111100010100010110111010010101
00111101101000000010100001110100
00111100011001101001011001100110
00111100101001110111010110001000
10111011101011011111100001100010
10111101100010010010010011000110
10111101100111101101010110011101
10111100101010000011000000111111
10111101001101011111111110101010
10111011111101100100010110110110
00111101010010101010010011110101
00111101101011001010101000100101
10111101011100101101101111100101
00111100011101100011010001101111
10111101011101000101010110100111
10111011001101010100001010011010
10111101011110001111111000001110
00111101001011010100011101010100
10111101000011101010111011000000
10111100110101001110100010111110
10111101010010011110011000100010
10111101101010011111110100100011
10111100101101100100101011101010
00111011111101101000111000010011
10111101100011001101101010000011
10111101100011101000011001010010
00111101100010100011110111001110
00111101011110000111011100001011
10111101100011011101111010001110
00111100110011101000010000101001
10111101011101100101001000000101
00111101001001111110001111010000
10111100010000100000100011010011
10111100100010010111111111101111
10111100111101110000111100001101
10111011000101101101101101001000
10111100101100110000010100000101
10111101001000101111010101111001
10111100111010111100001110001100
00111100110001101011010110111111
10111101001010110100000100001111
00111100110010100110010101010100
10111011100110111111110001110110
00111101000001010000011010110011
00111100000001001001111001100100
00111100011100101001110010101100
10111101011011100111000111000011
00111011101010111110100010001000
00111010010010111001100010010110
10111100100010111011110111010111
10111011111011110001100010011000
10111100010001001110000011101101
10111101001010011111001110001101
10111100111110100001110011000000
00111101100100101000011101010011
00111100010011000101011110001101
10111011011111001010010001111100
10111101101110110011011011011010
10111100111101100011011000001000
10111100111110110000011110101100
10111100100001010000001011000110
00111101100000001011010011011101
10111101000110111110100110110010
00111101001101101110110101101111
00111101000000101001110110101101
10111101011101100110000101000001
10111101010000100000100011000101
00111100110000100001100001010001
00111100011000000001000000100001
10111100100111101111110001010101
00111101000001100100000111101101
10110110001101100001000101110110
10111101010010110001101000101110
00111101000101010100101000000101
00111101100000110010110011000000
00111101010110100001101110010111
10111101100001100100101111011100
00111101000110000011100001000110
00111101011001111010111011111111
00111100011000100101000111001010
10111100001001101000111011101110
10111101001111010101001001110010
10111011111111110100001000110011
00111101101001001010010101000101
00111100010110001111100011001011
00111101011001111100001000101101
00111101011111001111110011110011
10111011110101111000001110100001
10111101011101110110101000100010
00111100101111000010011011010000
10111101101011100100000011000110
00111101010100001100100111001001
10111100101100101010110001000100
10111101011010110110011010101110
00111100100110011000100110000110
10111100110111011110011111010000
00111101011010101010111101111100
10111101101001111101010000010111
00111100010100110100000111010001
10111101000010011101011000111001
10111100101000000111101011110010
10111101110111000010101100001001
10111101001000101010100110011010
10111101000111101010011010100100
00111101010000111100100010010000
00111010110100110111000011000010
10111100001011010001000110011011
10111011110011110110011111010110
10111101001110101111001010111100
10111101000001011100100111110010
00111100000011001110101001011011
10111101011110000001001111011111
10111100111001111110000111110011
10111101010101010011001101110011
10111011100101000111010101010000
00111100001110110100111010000011
10111100110001000011010111110110
10111100111011011100011110011100
00111101100100001101111011001010
10111101011101101111011011101101
00111100001101011011110010010011
00111101011000000010100011110101
00111100100110101010001011000111
10111100101011100100001011101001
10111101011000100001000000110100
10111100011100010010011100111110
00111010100110001110101101100001
10111011001100110100110011100100
10111100101100000001010111100101
10111100101111011100010011101010
10111100100100110110100110110111
10111100011001001111001010101010
00111101001111111110010101100111
00111101010000001100011110111001
10111101010001010101000001101000
10111100101100010001010101111100
00111100000011100110000010000110
00111011111010000001111101011111
10111011111001101000101010101111
00111101000111100010011000110010
00111100110011010110100110111101
00111100110100011100000110100010
00111100111010001001100001010100
00111100001010000010101101000110
10111100001010111111010100000110
00111100110101010000001001100110
00111101101101010011100110000010
00111100110010010010110010100110
10111010011100011100111011001101
00111101101001100101100011100011
00111101000100010100110001100011
00111101100110100111111110000100
10111101100101101100111001101011
00111011101111110110111010011011
00111100100101001010110111010101
10111011010111101010010111101111
00111100111111010111001011010100
10111101001010010010100111000000
10111100010001110000111111000010
00111100000111100010001100101111
00111101000101000011001100011001
00111101011100111101000101101011
10111101010101000000000110111011
10111101100000001010110000100100
10111101000101011101110111111101
00111101010000010011111001111010
10111101001011111010000010101011
10111100001000110111111001000100
10111011100101111010101101101100
00111100001100111010011001111001
10111100110010110110000110100110
00111011101000001011110110000100
10111101011111101111011000100111
00111100111100011101001101011101
00111101010000011111010110011101
10111101100000010110111010010010
00111101001001010001110101001010
00111101000010110111100001110010
10111101000011101000101010011100
10111100101010001111000001000001
10111101101010001111100101100101
00111011110000111000101011010001
10111101001110111001000100111100
00111000110000001100111011100001
10111100110111110000000101100100
00111101010000000110111011101111
00111101100001100010100011010100
00111101001001100010110001001101
10111101010010001110110111010000
00111100110000001111100011010000
00111101010101001101110001000110
10111011011111100101101110001110
00111101101001111000001101111000
00111100100000111110110110110110
00111101101100001000110110001101
00111101000001101101001001001000
10111011110111000101001001010110
00111100111011111100011011000011
10111101100110001111001111001111
00111101100001011101010011001101
10111101101000101100001111100001
10111101010111000011010100011001
10111100011110011001010000100111
00111101010001010001110111010010
10111100110010000011100110001010
10111101100100110000110000010000
10111101011001000100000101011100
10111101010010101101111100100001
10111101110010001100000011101001
00111101001010110000100111111110
10111101000111111101111010110011
00111100100011000010010100001100
00111101100100000001001011111010
00111100101100110100110010001011
00111100110011010100001110110100
00111100010101101001010100101111
00111010000011010111011001000001
00111100110000110001010001100001
00111101101100100000010101001111
10111100000001001101101011100011
00111101011101110000101001001010
00111101001111011011111111100001
00111101000110011010001110111010
10111101000001001011010000011110
10111101010011001110000101101110
10111100111101100000111010000100
10111100101101010000001001111101
10111100100101010101100010100000
10111101001001000100001101110011
00111100111101011011000111100011
10111011111101011001101111001100
10111100010110001111011010001010
10111100000101000011100010101100
00111010111001111010101110001101
10111101010100000011000011100010
00111100011000111000010001001110
10111101100100111101001111111101
00111011000111110111010100101100
10111101000111011101101001101100
00111101000010001011010000111100
00111100100000101101010010100110
10111010000011000011110100011111
10111101010101011111010001111011
00111101011011111000001100000101
10111101001101111100110010011111
00111100100111000101001111100000
10111011110111001010101111001111
00111100100000100100010011100101
00111100010110001001001111101111
10111101001011011010001110011001
00111101100111110110110000001000
00111100101111000110100000101100
10111011100111100001110110011011
00111100101010001100000001000111
00111100001111100100110000010000
10111100101001011001010100111000
10111101100011001011010100100100
00111101001101001011011110101111
00111011010101110100011101111100
10111100100111101010100110011111
00111010101111011111000010111011
10111010101011011010010110010011
10111011111110010111110101100100
10111101001011010110111011001111
00111101100010001010001101001100
00111100001010010110011110000111
00111011101001100101110101100101
10111011011100011010011011100111
10111101101001011001011001010000
10111100100010010111101101000000
00111010111011101100110001100001
10111101100000111011010001100111
00111100110110111101100100011111
10111101101011100000011010101011
00111101100010110001001100010100
10111100011001011011010111110101
10111101001101100110010110101010
00111100011110101100000110000111
10111101000010000001010101010100
00111100011100111111101110100001
10111010100100110001101110011100
00111100101101110100000100011111
00111101010000111011110010101100
00111100010011111111000010001011
00111100010010111110110010011111
10111101011001010110111011001110
00111101011111101010111000110000
00111101010010111001010010010000
10111101011111101101011101101100
10111101100011010110110010000010
00111011000110110111110100101000
10111101000001000011000110101001
10111101001011101010001111100001
00111011110000111010011110011100
10111101000011010100001110100101
00111101100011100011100100000111
10111011100111101000110011101011
10111101000111011011001110010010
10111011011111110011001110011010
10111100100110000011111011111010
10111101001010010101000011101010
00111100101001110001000010010001
00111101001001100001000010101101
00111101010001101110100100100001
00111100010101001111010000000110
10111100101000001000001001100000
10111101010111111011001110100000
00111100111101000100100100110010
10111011111101011101000110101001
10111101101001010000111100010110
10111101010110100100110111001010
10111101101010011111100010100010
10111101111010000111011011011011
10111100111110010110010101111001
10111101011010101100011100110111
10111110000000000111110101111010
10111101001000100111001101010111
10111101110010111101000100100101
10111011000011111010011010011011
10111101011111001000100111010011
10111011110101101000010110001001
00111101100011001110011000101010
00111100000110101100110010110011
00111101011010100001001010110100
10111011111110000000101111100111
10111011111000011111001001010100
10111101011010001011111111110010
00111101010101011011100101111001
00111101001000110011000011101010
00111010000010001110010110101100
00111101110000110100100011101001
00111100001111100111110111111100
10111101000100100101000001000110
00111100100111100111110110101011
10111101011110011111100101111010
10111100000001000011100000000111
10111100101111001110100011111100
00111101011111111011100110101111
10111101101001000100100011001001
00111011100111101010001101110001
10111101100110100101000111110110
10111101010010100111010011110000
00111100000111100000011111010010
10111101010101111011110000100010
00111011110110010100110101011011
10111100001010011101000010011110
00111011110110110000010110110001
00111100001001001000000000110010
10111101101000111001100010000100
00111100000111101101110100010000
00111010100100111011000011101000
10111101010110001010010001010100
00111101100011001101111100110001
10111101101110100010001100001011
10111011100001101011001111001010
00111101010110010011101101011110
10111100110011111010100100001010
10111101001010001110011011000101
10111101010001000101001101010101
00111101001110001011111000100011
10111100001111100100110000110000
00111100011010110100011110011111
10111101001000001000011100010100
00111101000100011101110011110101
00111001111100001001100010010011
00111010001010011111000001010010
10111100001010100010001111100010
10111100110011000010101101111011
00111010000101111001000101100100
10111101010110001001010110011100
00111101101111110100011001010011
10111101001101110111010000011011
00111101011001101011111011010011
00111101000010011100011110101010
00111101100011000000100101011111
00111100101011100001001101100110
00111101011010111000110111010100
00111101100011001000001011010111
10111100101011100100011011111110
10111101011011000010000100100010
00111101101100100101010001010010
10111100110100110101110010011111
00111011011010110001110111010010
00111101001101100000111100101110
00111100111001100101100000011011
00111101010010010101000101011110
10111100100011110001000111100100
00111100000100000101100001111110
10111101001101111101010100010011
10111100100110100010101110010011
10111100100010101000101001001101
10111100100101101001001001111011
00111101010100010100100111111111
00111001000111000111011111101110
10111100100110111100000111101100
10111100101011111011110110001010
10111100101011011010000010101111
00111100110100100010101011011110
00111101010000001100000110010011
10111101100100000101110100000111
10111101001001011011001001100001
10111101011101000100101001100110
00111101000101011110000101010001
10111101011010111100010110111011
10111101001100011011101001110011
00111100001111000110100100111010
10111101010001100101011001100111
00111101000111101110100001101001
10111100110011100001001110011011
00111100110000110100000110101011
