00111101001110110100111011101000
10111101010111000111110100110010
10111101101001110010000001010001
10111100110011011011101000010110
10111100100101011101001001011000
00111011100110111000001001011110
00111101000111101011001101111111
10111101010000111001011100000111
00111011111000011011001010010101
10111101100101000011011001010111
10111101011111011111110000011001
10111100011000001000010010100010
10111101000101110111110101001110
00111100110001010000001011010100
10111001001111000011011001110111
10111101001011000101000100111100
10111011101110111111011010001010
00111011001111100101001101110100
00111100000101000100000111001010
00111100111101010111000101110010
10111101000100111000110010110110
00111101001101001000100011111000
10111101100101111001100110011000
00111101100100000011110001001000
10111100111100110111000100010111
00111101000100010111011110101010
10111101011100000111111010001111
10111100110011001101001011101011
10111100110000001100000110011001
10111100100101000011100100100000
00111101000110100100011001001101
00111100000101010010101000111110
00111100100110011010111111000000
00111101101001001111001010000101
00111101011010111011111011100111
00111101001110111011001001101011
00111101011101110111110101100100
00111100011000111101111110010011
00111101100010001110101001000000
10111101010100010011111100111101
10111100000011100001100101100101
00111100001100010011101100000010
10111101011100110111111100001110
00111100110001000010010010001001
00111100101001010001100001011111
00111101011101001000100011101001
10111101100111001000100100011100
00111101000110101111101010000100
10111011110100010101011000011001
10111100100101000011101010010010
00111101000010100010000001000000
00111101010101101000010010011000
10111101000111010010000010010110
10111100110111010111001111011101
00111100101110011001011111000010
10111100101101111010111000011101
00111100100100111001011001000001
10111101101110111110001000011101
10111101001101111000101101011110
10111100110000010000101001101111
00111100001101110010011100001001
00111101001000101010111011010000
00111101001001010000001100011010
10111101000101011010001011111100
00111101010111011001011100110100
10111101000010111010001101000110
00111101011010110001101100110001
00111101011111110001001111110011
00111101101100000001110001111100
00111011010001001010110100011000
10111100101111000011100111010111
00111101001000110111000011100101
00111100111001101010010000100000
00111100100000000101110011010111
10111101101000011101110010010101
00111011100000110110101011001110
00111101000101000000001011110110
10111101100101101010010001101000
10111101011111101001011010111111
10111100010000000001110111011101
00111101000000111001110110101001
00111101101000010101010100101001
00111101001111001000000010100111
10111100100010111111111000100010
10111101000001000010011010111100
10111101000100001101010011010110
00111100100111110010010111110000
10111100000111000001010001001010
00111100101100001000000111101110
10111101000000101011100000100010
00111100010011010111111101101010
10111100100100110011000010010001
10111101000011011010101001111011
10111100010101111000110001111100
10111101010011101101000011100000
00111100111110010001110000000011
00111011110001100000001101111000
10111011100000010000001001010001
10111011001101101111000111100101
00111100010000000010101010101100
10111101000100000101111110011100
10111100110000110001100100100111
10111100110011011101000010000111
00111100011000111100101110101101
10111101100011011100011011011101
10111100010110011100011001010000
10111101011110111110100101001001
00111100000001101110000110100101
10111011101101110111111111101101
10111101100010011110001000001101
10111100111001111101010010100010
10111101001100011011110011110000
00111101010011110100111101001000
00111101001010010111101010001100
10111100001011111110001000001111
10111101011000011101001001001100
10111100001110010001001110010010
10111101001000110111001100000111
10111101000001000100101001101111
10111101100110110110010001000101
10111100001100110000010001011101
10111101100011101101111111011011
00111101011111110011111100100001
00111100110010010111101101100010
10111101100011010001011100011101
00111101101001110001110111101010
10111011010100000111110011100100
00111100010101001001010110101100
00111101001110011010000011000000
00111010100110111011001100010101
10111101001110010100101010000101
00111101010111000001000001110100
00111101100110011000000110111001
00111100001010110010110000010100
10111101001100001100000001110101
10111101100000000010101111011101
10111101010101111110110001100011
00111100110010100010011111100111
10111100101010101111011110010010
00111101101111101110000111000010
00111100101000100111001100111010
00111100011101100000111100000000
10111101001100111110110111110100
00111101010111100110000011110001
10111100001101000001110011111010
00111010101010001011010000100001
10111011011111010011100110111110
10111101001101100111011000100111
10111101001100011100100100111101
10111100101101000111100010001100
10111101011111011011111110110100
10111011110110111101000010101010
10111100011011010011101110100011
00111101000101100011010110100010
10111100001011000011100101110000
10111011110101001111110010111110
10111101100000011000000111111110
00111011101000111010101111100100
00111101110011000000010010111011
00111100100101011011000110110001
10111100101110011000111111011101
10111101001000011110001011111111
00111001100011101111110000011010
00111011010010001101001100000011
00111101001101101101010001011100
10111100001101001001110111000101
10111101101011100000100111101001
00111101011111110010110110001011
00111100100000001101101100011001
00111011100100111101100010000111
00111100010001111011010011100101
00111100101011100110101100010100
00111101011001000001000010010100
00111101000011111100111100110100
10111101100011010100010011001100
00111101010010100101010100111001
10111101010110111101111000101101
10111001110100100110010010110100
00111101001011100100001010100100
00111101011001100101111111111111
00111100111110110011111101011011
00111011110000001101100011111110
00111010110100000111010101111011
10111101101100000111110111011001
00111100101111001010110100001000
10111100110000000110010100010101
10111100110111101011111111111011
10111100011110000110100111110111
00111101100010011101001110010000
00111011001101111110000100110001
00111100000100101101000101000100
10111101001010000010011001111000
10111101101001100101111001011000
10111101000100111000110000100000
00111100110100010101101100100101
00111101010001101101101101010110
10111100001010110110110110111101
00111101101001010001110100011110
00111101101000011001101101101001
00111100111001101111111110011011
00111100100100011100011101111100
00111100101011011000010111001001
10111100111111001000011010010101
10111101010000000101010010111111
10111100111111101011101011111011
00111101101000000001110111010111
10111100110100101101001101111010
00111101001011110001001110100100
10111100100111001000000100001100
10111101011010111000010001000110
10111101001001100011011000010100
00111100111110011110100001000011
10111101010111100100110101111111
10111100110011110001010111000000
00111101000100000001011011110000
00111010001010001110011111011010
10111100000000010001111111100111
00111101001000110101111011111100
10111100111110111111010001000101
00111101010011001111101111011100
00111100100011101100010001110111
10111100001111110001111110101110
00111101010110001010110111011100
10111101011010010000000101111100
00111101000100111111001101100011
00111101001011100000101100011111
10111101110001000011011001001100
00111101100000110110000101010110
00111011111000101110001111001010
00111101011100001011111100111101
00111101011001001001110001001000
00111100101011101010110111101101
00111011101010111100101011011111
10111101001111010010011100000010
00111001010100110010111010101111
10111101010010111110100101111100
00111101010110010000010010111101
00111101010001111010110110101000
10111101011011100110110000100101
00111101100010100011010000010011
00111100111111101000001110010110
10111101010011010111011011011100
00111101000011111110011100101001
10111100100010110001001001110111
00111100000110111100110111110011
00111011101001011010111000011100
00111101001101101111011100001000
00111101000110110101101111101110
10111100010010111011100110011101
00111100000000010100101111011111
10111101101111011010000000010110
00111100111010111001110111100011
00111011111110110110000100101011
00111101100101001001101111000110
00111101010111010110011011010100
10111011101000111000001011010101
10111100110010000010111100101001
10111101011101010001111000100110
10111100000111001101110010010010
10111010101100001110111100100001
00111100100001000101011001001010
10111101010101011110100101000000
10111101001001101111100000011110
00111100001001101001011010011000
10111101100011000110010000111001
10111100001000010110100001110001
10111101000100111010001111011110
00111100101101111101000111011000
10111101001011010001110100011110
00111101010010001000000010001011
00111101010000101100110000010000
00111101100011010001001110000111
10111101100101000011110001001001
00111101011000100100111100011101
00111100001111010111010110100110
00111100000110101001100110001110
10111101000100011100010000001101
10111010110101000010110111100001
00111100100101111110010100000100
00111101011000100110000111001100
00111001101110011101100000111001
00111101001010001111111101101101
10111101011000000111110101101011
00111101001010110011101111001100
10111101000011100111001001000001
10111100101010110000101101110010
00111011100111010111000001001000
00111101010000111101001100100000
10111101000100000000111001101011
10111100111001001000000000111010
10111100100110110000100010010011
00111101001000000000010011111111
00111011111011000100101010111111
00111100110011110001010110001001
00111101100000101110101000000010
10111100000100110110111111011100
10111101011111100010110100011011
10111011010100001011011011101000
10111101010111111111011000111100
00111101001101110111000111010000
10111101100010111011001110001101
00111101001010010011010011100100
10111101100101010000000011001111
10111101001001000011010101000100
00111101011100111100110000000101
10111011111101010010101100011111
00111101011001100111110010110100
10111011001011001001001011011111
00111100100010010110100010001100
10111101010000110011110001010100
10111100100100101101110011110110
10111101100101100011101100000100
10111010101000110011001110000110
10111011111001000000101001010100
10111100011100110000100100101000
10111101100010010100101001100111
00111101001010111110001000100010
10111100001100000000100110111100
00111101000011000110001100010001
00111101011110100000101110101001
10111100100111101100110011010011
10111101011001011011001110000110
10111100000001000000100010110101
10111100111011111010110110001111
00111101000010000110101001110111
00111100011110100000010011010100
00111101100011000011111100000111
10111100101001011011101000010011
00111101011001110110110011001101
10111100110110100011000111010011
10111100100010110101111010101100
00111101010000100001111001110101
10111101011101111011000000011110
00111011111111010111011011011001
00111100010001011101111010001010
10111100011111100011010110111010
10111101101110010100111001000110
10111100110100111101110101000110
00111100101101101110111000101011
10111101000110001000101111011000
10111010001001110010100010010001
00111100101011111101101010011000
00111100011000001000001001011001
00111101100100111111001110100110
10111100101001110001111001010100
00111101101110100010111100001101
00111100100010001110111111001010
10111100001101011110011011101111
10111011010101100000000101001000
00111101100111111001001010000000
10111101100111001111000010100010
10111100000010110010101110011110
00111101010010011001001001111000
10111000110010111101110010100000
00111101000010111100111010011000
00111100101111111111010010101001
00111101001110101011111110100001
10111100101000010100111010011011
10111100100100000101110101101110
00111100110011010011110101101110
10111100001110000111000101110010
10111101101110010110111101110001
00111101000111011010110101101110
00111011101010110110010000000100
10111000110100100100101000111001
00111101100110000111111101011011
10111101101100110000101101001000
00111101011000010011010110111101
10111101000011010100001101000111
00111100110111000100000010000001
10111101100111100110010101000100
10111101000010011111110100101111
00111100110001001111011001101100
00111011111011111111111101011001
00111101010100100010001010001110
10111100010011011100000100001000
00111101000101000111101110011010
00111101000100000110000010100100
10111100110100110101110101000011
00111101010000011110001000111000
10111101011111010010100000111010
10111100101111011010111100001110
10111100010000000010110000010000
00111101001000111000100100101000
10111101011000100100011011001001
00111101100100111111010001000111
00111101010001011001000000110010
10111101000000011000111100011001
00111100101011000011010111111100
00111011010011111111100000011000
00111101011100001100100110011000
10111100011011000111010011000110
00111101001100010100010001100001
00111101000000101001010111111111
00111100101111101100111100010000
00111101000011001011000101011001
00111101101001011001011010110011
00111101001000101000100011011110
00111101001010100011110101111111
00111100001010001111110111110001
10111101001100111001010111000111
10111100110110001011000010000111
00111100110000010000000100101011
10111100001110010010101000010000
10111101010100001111100110010110
00111101001111111011111000111001
10111011100011110001010011101100
00111100101001011101010110001011
00111101010101000110001110011011
10111101000111111111111001100011
10111100111001110111010100001100
00111100111111011001111110111100
10111001110000011111110001001110
00111100100101110010100000111100
00111100100011101010110101111001
00111101101000101000000001011100
10111101000101010111011111011111
00111100110100101111000001110011
10111101100000000010001110111010
00111100010110011101011000111011
00111101000001101011110000001110
10111100010000100010000000000110
00111101010011001000100111100001
10111100100101001100101011111111
00111101100110011010000111011101
00111100010100110100000110111111
10111101011101110101001100101110
00111100100110100110110001001110
00111101001100110101001010101000
00111101100000011101100010111001
00111101000001111110001010101110
00111101010101110000010010110000
10111101100001011101101011001101
10111101000111001000101111100010
00111101010100010001110011100110
10111100110111111101000000000011
10111011000001001010000110100110
00111100100100100011001101001000
00111100110101111100000110010110
00111100101001010110010011111100
00111100011101111100001111001100
10111101001100001001001111101101
10111011110000110111001100110011
10111100100111000000111101000000
00111100000011001110010011011010
00111011110010111000011110001110
10111100111100111000111101111010
00111100100111001110101011101100
00111100101001011001000001110011
00111100111110000011100000010010
10111100111111111010001110010110
10111011111111010101100000001001
00111101101000100010110101110001
00111101100010001001101100110101
00111100010010101101101000110011
10111101100001100100010110001000
10111101000011100000010010100100
00111101010000011010001010011010
00111100000011110110001110010110
10111101100101110000000110001100
00111100011000011111000110001010
10111101000100110001010100010010
10111101010000111000100110101110
10111101000100001000111100010010
10111101100110101110110101111001
00111100001000011011101110011010
00111100000100010111000000010100
10111100101011101000111011000101
00111101101001011110110000010000
00111100011100100111101100110011
00111101100111000100110101110010
00111100111010010110111001011101
10111011100000110110100010010010
00111101000101000001110010001001
00111100101001111110010010111110
00111100001100000001001011111101
00111101010010101001011000110111
00111101000111101101110000100101
00111101001110110110010000100101
10111101000011101000111000101001
00111101000000000001001111100111
10111101010111000011001111111101
10111101010110101001010101111101
10111101100110010110001110100101
00111100110100001100000000011110
00111101000111111001100110011111
00111100010011111100110001011001
00111100101001100111110000000101
00111101101000111001110111110110
00111100111111100100010000101111
10111100111000011001100001111011
10111100001011111001111111000010
00111101010000100111010010001010
10111101000100110001101100001010
00111100011110010111010000101001
00111010100001100001111000011111
10111100011011111101101000101011
00111101101010100111110110011110
10111100000110000100011111101101
00111100011001011101011100010011
00111100100110101100011011010101
10111101011001101101100011110010
00111101100000110101101010100110
00111100101110101110110111001010
10111100101001001010100001011111
10111011100011101110001010010011
10111101001100101011001101101100
10111100111101001010101111101101
00111100101000110010011001011000
10111101101000110000111011101011
00111011100011100000010001011100
00111100110010111000111001010100
10111101001000101101100010011010
10111100010100111000110000110111
00111101001111000000110101101110
10111100111110101001000110111000
00111101001111110111111110110101
00111101000101011001101001011100
10111011111011011111000000010110
10111100110010011011000001010101
00111011101111111001101001000101
00111101001011011000011110001000
10111101011111000111011101110110
00111101100101010110010111100000
00111011011000010111000010110101
10111011001000001011101010111010
00111101001000010010110100011110
10111101010110110011101111101100
10111101100110111010111011000010
10111100101110101101001010111110
10111100110010111010111011011111
10111101011110000100101111101101
10111010100000000111001101111010
00111100010100101110011001111010
00111100001001010101111011111101
10111101001101001110011001111010
00111101100001010001100101001111
10111100111101010100010100111111
00111101100101001000001010111010
00111101101100000110100011110010
00111101011101000101000111111111
10111101110110011111100000110101
10111101001000100000111100100011
10111100000110010111000101110000
10111101011101111110101011100111
10111100011110101110001011010011
10111101001110101111101011000001
10111101110110110000101101001010
10111100111010011001010100110101
00111011011100010000101110101110
10111100100101010111010011110011
10111101010100000011001001101000
00111101000010010010111001000111
10111011110001111011010110101011
00111100111010010111001001001100
00111100011110011011111110000111
00111100100010000101000010001110
10111011110111010000001100010011
00111101010000111001011101111100
00111100110011100100111000000111
10111100000010001001001011001001
00111101010100001110010110011011
10111101011100011011100010111101
00111100100100011110011011010110
10111100010110011101100101011001
00111101000011110010101011110111
10111100110001100101010001001000
00111100110011111111111011001111
10111100000111010001000111111011
00111101011010100100110101111100
10111101010110100111111111110001
10111101000000001000010101000101
10111001100111100111011111111110
00111101010100010100111101001000
10111101000100001011100110111101
00111100111010000100011011110100
00111101001110010000100111001000
10111100011011100010110100011000
00111100100100110101111001110101
10111101011001001011101000000000
00111010111111100011101100101010
00111101011010111101101100110010
10111011101111110001011101010101
00111101100101110000111010010100
00111101101000001101111000000001
10111101101000000100110010101100
00111010111011101111100011101100
10111001111111011110000110100010
10111100110101010001101101101101
00111100001110011101100111111010
10111100000110010100100000101010
00111100100000100100111100110001
10111101000011111110101000101101
00111100111110101110111110101111
10111101010101011001110010001001
00111101010001101001101010010110
00111100001100110100001011101101
00111101100000111110111110100000
10111101011001110111100100001111
10111100100011001000010111101011
00111101001111001111010000000101
00111101100101101001001100101110
00111100010101001011110011100001
00111100100100100100001111101111
00111100100011000011110101101101
10111011111000100100111001111101
10111100001010011001111101001011
00111100110111111001001101110010
10111101011010001010100000000000
00111100110011001010111100110010
00111101000101010100101101011000
00111101011000000001010100000010
00111101011000011110100011101011
00111101010010110011111000010111
00111101101001000001010110011111
00111100101100010011010100100100
10111011101011010101001011101111
00111100100011010100011110101110
00111101011001100110101001101010
00111100100010110101001101011111
00111011011010000111110001001101
10111100011110101100001000111111
10111100001111010101001110110010
10111100000001010011101111110101
10111101100110001011111010101011
00111101010011101011000011110010
00111100111000101000001000111000
00111101000001010110111010001100
00111100110010111011001110100101
00111100111111001000101010101100
10111101010000100010010011000101
00111100010000100001000111110010
10111101010001111010101000111010
00111101011001110010010011001101
10111101001011100110011000110000
10111101010011110011110101111001
10111100100010011110010110100111
10111101100001011010010001000101
10111100101001011010011010101100
10111100100000100001011011010111
00111101110011001001001001001100
10111010111100010011110111000111
10111101001000010010110101001010
00111101011000001100001100010110
10111100110101111110001011110101
00111100111101111110011000000100
00111101101011111111011101010100
10111101001100011100101011101010
10111011111111101011000000111000
00111100101000000101110000001110
00111100100110010111110010110000
10111011001011101010100000011110
00111100000100110011010011010111
10111101011100101111111000101011
10111101011011011010101000101000
00111100101010110100111001011111
00111100000001011101110110110101
10111101010101010101111000010011
10111101010100100001101111010101
00111100000101110100011001110101
10111011101001101010111011011001
00111101000111111101100001010001
00111101010000111111011010010010
00111101001010101101111000001000
00111100010101010011101101110100
10111101011110010110110001100110
10111100101010111100110110111111
00111101000100010111100010101110
10111101100110110010101100011000
00111101100000011101011000100010
10111101101110001000010111000001
10111101001111001110010100011111
00111101001101111100010000001011
10111101011000101000100100110000
00111100110001100110010010001110
00111101000110000100100111111110
10111101000001111011111100011010
10111011110010101000101100010101
00111100001011001100001001110010
10111101100010011001000000010100
00111011001110001111101110001101
00111101010011010101000101110010
10111100010011101010101000101110
10111100111010011111011010011011
10111101101000010110010111000101
00111101100111011000110111100110
00111100011011010110100000100001
10111100111100010100100000001010
00111100100000100101110010110000
00111100101000011110000101010000
10111100100011111110000110101001
00111101000000100000001010101101
00111100001100000110011001101001
10111100111000111110100111101110
00111101001010011000010111110101
10111101100001011000010101011001
00111101010000000111001101110010
10111100111001101101101111110000
00111011010101010101110110001101
00111100001001110011101011010110
10111100101000011110101100110011
10111100010110000110010000010110
10111100111101010100011100100100
10111100010010111010100010111110
00111101100001101010010111000001
10111100000010101011000101110000
00111100110011001010100101100011
00111101100111101100001111010101
10111100001000000001100110001100
10111100000110110100110101000011
10111100100110110100100001011000
00111011101111100110010100100001
00111101001011110100001100100011
10111100000100101111101100010000
10111101101110000011111010100010
10111100100101100001110110110101
10111011100111111101000001000011
10111100100100111010000011101000
00111100100010011110001101111110
00111100011001100010000001011111
10111101101100010110101100110011
00111100111000101110110011010001
10111100110001000100001101010001
00111100101010010011011100000000
10111101000011100111000100011101
10111010001110011010110011111110
00111100110000011010000011101100
00111100000011111000111001101011
00111011111010110111011101101001
00111101001000011100010011001010
00111011101001001100101101011000
10111101001100011100101010011001
00111100110100100000110011110001
10111101010111111111011110101011
00111101011000000011001011001001
00111011111101001111100010011010
10111101000010001001101001010000
10111101010101110001110000110001
10111101101011110101000110010101
00111101000110100100111011001011
10111011111000001101000111111001
00111100010000001010111001001100
10111100101011000110110011101101
10111100000011110111111101011000
00111100111100111111100001000110
10111101101011111100111110001111
10111101000000011010101001000011
10111100110001001001011111101001
00111101100100001010111010101011
00111101000111001110111011110111
00111101001100001000100110001011
00111100111011100100111010111100
00111100111100100001000101000010
00111100011010101011111011100011
00111101001011110000101010001001
00111100100001110011111010111111
10111101000010011100001001101010
00111101001010010110101011000001
00111101010010000100100100011100
10111011111001101010000111001110
10111101011010010101111100111001
10111100100001011001100010000001
10111101011010111010100110110001
10111100000001001100010100001001
10111100001000111110010110101011
00111100101001010111010010101011
10111101010011110010001001100000
10111101101010101100001100100111
10111101000100110010010111101110
10111011101010111110001010100110
10111101011000101011001111110000
00111101100000110011100100111111
00111100101111011010011100000101
00111011110000000000011101000110
10111101010001000111100101011010
00111011011111111110011010001000
10111100101011111110010101010110
10111100100111011100101110111111
00111101100001000110001110100110
10111100100011111110000110110110
10111101000000010101111001111101
10111100110000011000001011000110
10111100010111111100010101011011
00111101001001000110110111100110
00111101011100000100011111100101
10111101000111001000001011010111
10111100111110000001110000100101
00111101000111100100111110100011
00111011110110011011001100101100
10111010100100101011001101001011
10111011100111100010011101000001
00111101100010100000110100010101
00111101001010100101000110001000
00111100101101001111011001100001
10111100110010101010010101001110
10111100000001101101011111010011
10111100010010111001110011001101
10111011111010010110111101111001
10111101001100011100011001111101
00111101100001000111000011010010
00111100100011111011101111100110
00111101000010100100010001011101
10111101000101100100001000011010
10111101000111011111000110011100
00111101100000000101000010100000
10111101000010000101110110110011
10111100000001110000110101000011
10111100110100110001000010101110
10111101000100101011010111011110
00111100111101010011100010100010
00111101101001011011011001001111
10111101001001101110010000010100
10111100010000011010110101000000
10111010000101110100101111111110
10111011100010010110101010110111
00111101001101100010101000000101
10111100000101011001001100110001
00111101000011101001101011001011
10111101011011001101001101000111
00111101010101110101011011010111
10111100110000110110111101001101
10111101100001011010010001001100
10111011010000110101010101110011
10111100110001011110110101000010
10111101010011100011101011011110
10111101010010000100001010101010
00111011100010000000110100001011
10111101000100101001011111011001
00111101001011011110111011100011
00111101100100110100010011000001
10111101100111011010011101010000
10111100000100111000010111110001
10111011111011011111011111111101
10111011111110110100010010011001
00111100100101010000001110111010
00111101100000001101000011101010
10111101100110000000010000101010
10111101100111000011110010111010
10111101001110010010110110010101
00111101010100011000000011100101
10111101100100001111110111001000
00111100101000100010010001110001
10111101100001111111001100111011
10111100101110101011001101111111
00111011011110001101001111011011
10111101100011010111110100111011
00111101011011101100110101001100
10111101011101110110110101001100
10111100100011010001110011101010
00111101000100001100100001001101
10111100001100000111111110111001
00111100101000110000110010000111
10111101001110001101111100100110
00111101001010011110000110011110
10111101100010101101100111101000
00111101010110101011010111011000
00111101100001010110010110011001
10111100001000011111110110011101
10111101110000011000000101001001
10111101100101001000010111010110
00111011110111000110000011000000
00111100101001111010101000000001
00111011101111010110001010110101
00111101000011101000110001011010
00111100101111100100011000010110
10111100101000100110011010110111
00111101101000111100110011001011
10111100100101010010011101110100
10111100100010011111110001011100
10111101100001011000101111010111
10111100101110010101011111110101
10111011011011001110011101100111
10111100001101000001000100001010
10111100010101100000000111001110
00111100100011100011100000100011
10111011011000010011011010010110
10111101010011011010011101100101
10111101100101010000010111110001
10111101000110110010111001111111
10111101010011011010110000011100
10111101000110010100010010001010
10111100101100101100100001000100
00111101010101001010001001100100
00111011110001110011100101001000
00111101000110001011010010010000
10111011111110110111010011100001
00111011101000001110000010100011
10111100011110101101000101011101
00111101101011100000111100000010
10111101001101001000001011000010
10111101100100011100110000110111
10111101000111110111010011111110
10111100000100010111111110011101
00111100101001000111000100010000
10111101001111010010000101101001
00111101011100100111101010000110
00111101101110100011011001101110
10111011100000010010101100000010
00111100110100100100111001111010
00111100001110000011101010110111
10111101101000111000110111011001
00111101000100000010011010111101
10111100111011010111101110011011
10111011010000111010011111010101
00111011100111100111000110001011
10111100101101010010000111110010
10111001101000111001111010010010
00111101001110000010001001101110
00111101011110110001100010000111
00111100010111011011101001000110
00111101010100101110000110001010
00111100101111001100110111111010
00111101010001010101111001110111
10111101101111100000111000010100
10111100110010010001100110011010
00111100110110010000100100010010
00111101000001011100101001011010
10111100001011011000111110001101
10111101001010100101010011011001
00111100010101101110011100011010
00111101000000101000100001010001
00111101000000001011110011111110
10111100100001000100110010100100
00111101101110000011100000000001
10111100000001000000100100001101
00111101000110101111101111111011
00111101100100011000001010100101
10111101010110010000101101111001
00111101000010001000011100000101
00111101010111101011101000011000
00111100001111100010001101010010
00111101100111111011101000110001
10111101010111011101010110101011
00111100110001100001101010110111
10111011010011110011000111000110
10111100110001011011100011101001
10111011110101110001111110110111
10111100100000010010111110000111
00111101011000111101101010000110
10111101010010001011100110100011
00111101000100000100001001101010
10111101010001010001110111000110
10111011011111010111011001001110
10111101001010010111010100000011
00111011111011111011110100011100
10111101011001010101000010110000
10111100010111000110001001010001
10111100111111110111111010000111
00111100101011000110011100111110
10111011110001100000010000001000
10111100110011100010011100110000
00111100111001001001101011001111
10111101010100000111100000110110
10111101011101111101011001000101
00111011110110111100000110101000
00111100100001100001011000000000
00111101011001011000000111100001
00111010010011101000011010010000
10111101011110011111000010101011
00111101010100101100010100001100
00111010110011111111011101000101
10111101001001011001101101101000
00111101001001001011100101010100
10111100100101101101000000001100
10111101101000101000001010110100
00111011101000111000000001101011
10111101011100101100000000111010
00111101010101010111000011111101
00111100010000110011101010101100
10111100010010011011111010110110
00111101000011001101101000100000
00111101010010010101100100010110
10111101010010001100010111001011
00111100110010100111111000000000
00111101010111011001010111001010
10111101010011111100110001110010
10111100111011100101001100011111
00111101001010001011101011100101
00111100011100000101110011000001
00111011100010101010101101000001
10111101001110000111011011101100
10111101100111011010101111011001
00111100101110011001100101100111
00111101101000010011001110100001
00111100001010110000011010011000
00111101010010111111111110111100
10111101001110110000101011110000
10111100101011001101111100011001
10111101001000010001000001011110
10111100111101110011101100101110
10111101000101100001011001101101
10111101000001001000111101011110
10111100101100111000011001010100
00111101001011101111111011110001
10111100100100011110100011010110
10111100011101000111111011010001
10111101100000010100101010001101
00111101011010000010010000100010
10111101001001000010100011110111
00111101100111111111100000101100
00111100100011110010111001000010
00111101011111100101010000100101
00111101000111101011100100001100
10111011101011111001011000011101
10111101000001001101010010111001
10111101100011110001101101010101
10111100000100001001000000111010
00111101000111111100110101100000
00111101100001111000111110001111
00111101001100010001000011101101
10111101001010110001011110001011
10111100100101101011011001101110
00111101000010111010011011101101
00111100100011011100000100001110
00111011111010100110011010001111
10111010000111000001111000010110
10111101000010100011001001100100
10111101101111111010100100100110
10111101010110011110111101101000
10111100101110001001011011000011
10111100111001100010101011100010
00111100010110101100111101001101
10111100101111101100001001111100
00111100000100010011111010110000
10111100100010101110010011000000
10111011110101011111000110010100
10111010101010100011011100111011
10111100001001100111010000010001
00111100011001000110101010110101
00111100100111001111100110011111
00111101100110001100111111001110
00111101100100101110110111001010
10111101100011001011111110000111
10111101010011001000010101010010
10111100100100001000000101100110
10111101011111111000100100101101
10111100011001110110011101111000
10111100101011110001101101011110
00111101100011110100110010101100
00111101100001110111101111110000
00111101100011010111011001110111
00111100001101010110100001011011
00111100011100010101010000010001
00111101000010110000111101000000
10111101011011001001110001101101
00111011101100011111100110101001
10111100101011100000001111011001
00111101110001110111000111100110
10111101001101010110011001101101
10111100000000001001010011111010
00111101000101010011100100111000
00111101110011111000101100101010
00111101101100111101101101001111
10111101000101111011000110110011
00111101110001001101011010010001
00111101011000001011001110000000
10111101001101011001111110010001
10111100011001100110111100100101
00111100011000001010000111110111
10111101111010010110100001100111
10111101100100101100101010001011
10111100110101111001100010000000
00111100111001000111101010110110
10111100101001011110011101111010
00111101010101110000001010010011
10111101001100000101000000010000
00111101010110110101010101110010
00111100111110101001010101101001
00111100111001010100100000110110
10111100111001011100110001000000
00111101001010100101101111110000
00111101011100000000110001101011
00111101101111000001111000101101
00111101011110100101111000101011
00111101101011100110001001110111
00111100100000111111110101110101
00111010110010110001101001010100
10111101000001000101110001110100
00111101000100001000101111101101
10111100101100100110010000000111
10111101011101100101100011000001
10111101100110110001000000111100
10111101010000001010111010101001
10111101101101100010011100011001
10111011010010100010100101111111
10111101000100110001110010000010
10111101011110010101010011001111
00111100010111100001110111111001
10111101010001111000010100111011
00111101011111111101000001101101
10111100000011100111000011110011
00111100010011111100000110000111
00111100100011000010111110000101
10111001010111011101100001010000
00111101101001000100100000110010
10111100100000001001101010110001
10111100000000011001011111111001
00111100000100000100101011111010
10111100111000010011011101111100
10111101010101100101100011001110
10111101001010010111101000111101
10111011101000100010111111110001
00111011101000111010001001111000
00111100000011100001011010000010
00111101000000010101001110011101
10111011000111100111000001001110
00111100110000010101100010010100
10111011110011101100010101101000
10111100100011110011111111011111
10111101100010011100011111110010
10111101000000001101010100101010
00111101100001011111000000110110
10111101010001011110000001010101
10111100001000010100110001010001
10111101100000000000001101000101
10111100000001010110111100001110
10111010110001100000100011001010
10111100110010110110001100010001
00111101010011111110010111101011
10111100110000010010111000111000
10111011000011111011111011110101
00111100111111111000001010101010
10111100100011100110111011001101
10111101100100001101111001110000
00111101010001101101001101110011
00111100100100000111011001010111
10111101000001110110011001110100
00111100000010000111111001001111
10111101100011100100001000101110
10111100001001101110000000101111
00111101101110000001100101011001
00111100110001001000111100111101
00111011110001000011110011110100
10111101001000011000001001010110
00111100110001001011110001011000
00111100001001011010111001001110
00111101010011001101000000000000
00111010010000111000010101111001
10111011110111110111001011011101
10111101010100100111010011111001
10111011010100111010100101100010
10111101100000010000101011111010
10111010100010010111111100101001
00111011000010110101110110101111
00111100111100101110110100111111
00111101101000110011100000000000
10111101001111011111111011101001
00111101100001011000111111111010
00111101100111111000011001011101
10111101000101100111010101010110
00111100001101110110101101010011
00111101011001010011000101001011
