00111101101011001110111111110001
00111101101010011111100110100110
10111101100001010000011011011000
10111101000101100110001001011111
10111100100100101110100110000001
10111101101000110000110110100101
00111101010100010110110011011001
10111100111001010011000011111001
00111101100110011011011101010001
00111101010100110000100000010110
10111100010010110100011101010001
00111101010100111110010100110010
00111101000101100011001110111101
10111101011010011100001110101101
10111101010101001100111010100001
10111100011000110110001011101101
10111100010101110110101101000011
00111100110101100011000111001001
10111101011001101100101010110010
00111101101100111010010111110111
00111101100010101100111101001010
00111100110011000010111010010010
00111101100110000100110010000000
10111100100100100010100110010101
10111011100000001011110001101110
10111101100000011000110111110111
00111101001011010011001101010111
00111011111001111000110011100010
10111100011011011100011111000101
10111100100110100110000010000000
00111101001001101000001000100011
10111101010010111100100101100011
10111101001111001100010011011011
10111010110000100000011111000111
00111101000010110010010000100110
00111100010001100101111011110100
00111100111010010100001110001000
10111100011000010101000001110111
00111100101000101111010100101000
00111011011001100010010101111011
10111101000011100010111010001001
00111101100110001010101100011010
10111010101011011111110000011010
10111011101101011101100100110000
00111101001111111010100010011101
10111101001010100100010000001011
10111101000101011000010101100010
00111100111010100100000010010001
10111100111011100001111101010011
00111101011110010111101111010110
10111100000110101011011110110011
10111101001000001011011101101110
10111100100110011001011000011101
10111101000100010111100001100101
00111101011001110110000111000110
10111100011000000011110110011010
00111100100111001101110111011110
00111100010000100010000110010100
00111100100000101111001100001111
10111101010000010010101100101100
00111100110011010011111100101110
00111101010110010100111001110001
10111010111101001000111100100001
00111011010101111001011101011000
00111101010100100110001110110000
10111011110011010100001000011010
00111101100010001101111110011010
00111101100010100000001101110101
00111100111001110000111111010000
10111100101100111000001111011000
00111100100001010000111001000011
10111101110001110111010110110011
00111101001110000010010110100011
00111100111111111100101100101010
10111101000110110011101100000011
00111101010010110101011100011001
10111100111110000111001000110100
10111011101110111110100001110010
10111100000101010101011000011110
10111100000010010001101000001100
10111100100111000110010011110001
00111100011110001010100101000101
10111101000000000101001111010101
10111101010010000100011010010101
10111101100000010000011001100001
00111100000001010111101100101100
00111100000101111101010101000101
00111101001001110011111011010000
00111101011000000000011010100100
10111101010011101110010100110001
00111100111100100001010110000001
00111100110110000101100111010110
00111100001110100011101001011001
10111100001001111101100110010011
10111101010101001100110010111110
00111101011000000001111011100011
10111101010001000010001001000111
10111101100100010011110101000000
10111100011111101010110011110011
10111011111000011111011001011010
10111100110010110101111100010100
00111101000011000110110111100111
10111100110100100110100111101001
00111100101001011011001001011010
00111101101111000110001100010101
10111101011101100011111101100011
10111100110011100011001100111001
10111101100001001111001000101100
10111101010100110001101111110101
10111100101010010111000111101001
10111100011111101011001010010111
00111100100010001011111000111010
00111100001110001000010000111111
00111010101010110101100101111000
00111101010100111010001011110110
00111100000011010110101100100010
00111101100001101101100111010011
10111100110111011111100011010111
10111100101001001000100010110000
00111101001111111001011101010001
00111100010001110001010010010100
00111101100000011110101110111100
00111101100110010110111110011110
10111100101111100000011011000101
10111101001100110110110101100001
00111101001000010100110100010111
10111101010101111110111101001011
10111101101010100100000101010100
10111101011010111111010100010001
00111100110100100100001110100101
00111101000011000000010101001111
00111101011100100100100110001101
10111100010110010111111101011101
10111100000001010101010100011111
10111100011000010001010010110100
00111100100100001100100010110100
10111101000111001110111010010100
00111100110010100100000010101000
10111100111100011010111010111100
10111100011101101001110011110101
10111101001000111011111001101101
00111100001001111100000011100110
10111101101110100111000000010010
10111101001001100110110010011111
10111100000110110110000111011001
10111011100101000100000010001111
10111101010111011110101100100001
00111101011100011001100100010100
00111100000000000001000010000111
00111101000101110100000101011011
10111101010111001010001001111100
10111100111011101110010101011010
00111101001101001010001110010110
10111100101010111001011111010001
00111101010101101010111010011100
10111011101110010001001111110000
00111100011001000010010101001001
00111101001011110001111110001111
10111010001001010111101100010111
10111101001010100000011111111101
10111101001101110010010111100100
00111011111011101010010110110100
00111100110011110100010100100011
10111101010100001110111110000001
00111101000100000100010000001110
00111011101011100101011011011011
10111100111010011101110010101111
00111100110001110101101101110101
00111101010111011001111101011000
10111100100001011000100001110101
10111101001110001100010110011111
10111101101010101000110010111011
00111101001111001010100101110111
00111100001111011110011001010110
10111100100110001011101100001000
10111011100101111100010000001100
00111011111111111110010000110000
10111101000101011011000111100100
00111101010010010011111000110000
00111011111101100101101001111101
00111100101101101010001001011101
00111101000100110110011100111100
00111100101010011100100100011101
10111101010111110111000010011001
00111101010111011010110110110110
10111101110010111010000101111110
10111100011000100101111000101010
10111101010111110110010101001100
10111011010100100101100100100011
00111100101101110110101110001010
00111101010110101101011111001100
10111101001011001101001111000010
10111100110101000000100111001011
10111101110011101101000110001011
00111101010101100101101100001100
10111101011001001011100010010100
10111101000101101101010011101000
10111100011011110101011100100100
10111100000001011010000001001010
00111100100101111011101101110101
10111100111111111111111011001010
10111011110010100000100011010111
10111100100001010111101111110111
00111101101100110001011001100010
10111101000100100100110100101101
10111100000100111111101010001100
10111101100000111010010100101000
00111101100001001010110000111111
00111100101011011001001101100111
00111100101011011100011110101000
00111100100011001010011011110010
10111101010010001010011101110010
10111101101010000100010100111010
10111100011101101111110111101010
10111101101000100111011011010000
00111101010010111110010000010011
10111101010100001101111111010111
10111100100110000010111011110010
10111100111111111111001100110110
10111101110010110010010101010010
10111101100011001001101001000110
00111100101011101110010000110010
10111100100100010001000001001111
10111100111100001010000101110100
00111100011001001011110111011000
00111100001011000001000100110000
10111101101110011001001101111011
10111101001011100010101100000000
00111101100111010010100010000110
10111100101110100001010000110101
00111100000010001101001100011110
00111101000100110011010111111100
00111100100111110100001010101000
00111101101111111000110101110110
00111101101000101010011011111011
10111101000000101001001001111011
00111101010000010001111001001110
10111100110101001110111000110111
10111101000101101010101101100111
00111100011101101110000100011100
00111101101010111100110011001010
10111101000001100011011101101010
10111101100011101000000010011100
00111101100001000010011110000000
00111101011110110011001111110100
10111101010110100000011011110100
10111100111100101000110010000011
00111100110011001111111100101111
00111100100100100011100000001111
10111101100100001111101110001110
10111101000100111010100110011101
10111101100001011101001011100011
00111101100100011110100110111111
00111101000110110100101001110111
10111101100001010000110111001011
00111101011110101100110101100010
10111101101000110101111000101001
00111100101100010001101000001111
00111010111110100010001011000010
10111101001001011001100000001110
10111101011010010000100101011001
10111100100110101010101001011011
00111101101111011010110111000011
00111101010110001001110011101001
10111101010100111000111110110100
10111101100001100000101001110100
10111101110010110100111011011100
00111101011001100101111110000100
10111100011101010001101011110111
10111100100100110110111011011111
10111101000100100010111011000101
10111011101000011001110101111001
10111100100001110000101010001010
00111101101110110011101000100001
10111100100011001001111000111110
10111101010001101011111110001100
10111100011100100101101111010000
00111101000100101001111011111111
10111101001110001101011110101010
10111101010011000001000111010010
10111100100110000111011011010011
00111100101000000010011100111001
00111100001100100110100000100110
00111101100011010100101111111101
00111100000111000100111111101110
10111100101000000001110100010100
10111101100010011011011110001101
10111101100110101011101011111111
10111011101000111100101111100110
10111101000001101110001000101101
10111100001100101101011110111111
10111100100000000001111110010110
00111100011000011010110101100010
00111101001101000100110100110000
00111101100000001110101011001011
00111101010111111110110111001010
10111101011101011100110110100111
00111100111111110101111101100000
10111101110000010011011000110101
00111101010010011111000100000010
00111100110010001111011000010111
00111101011110011101010000101101
00111011010010010101000101010011
00111100000100011101011100100110
00111100111000001100101101111011
00111100111101010011111101010100
00111011101101010010001100101110
00111100110001011011001100010100
00111100101010111110001110110110
10111101100001010011100000100110
10111011110010011100001111110000
10111100110001110100110111100110
10111101101000110100110111011001
10111101011001100110000000110101
00111101000100110100101001110111
00111101111000011100110000011000
10111100011000011000100100110110
00111011111110100010011000110110
10111100001111000101110111111000
10111011110001001101110111000110
10111011101011110111010111011001
10111101000110111110010010000011
10111101001100010110010000010000
00111110000000001000100011001101
00111101100100000011011001110000
00111101000000010001100111111000
00111101110010100010110111011010
00111100000011110011110001010011
10111100100010101100110101100101
00111011111001001100001111100100
00111100111100100001101010101000
10111101000111001110000001111111
00111011100110101101110101001101
10111101001010110001001000000110
00111101101000001111100011101000
00111101001001000011110000010111
00111100111100010111110010000010
00111100111110101111110011101010
10111100011110110101001011010001
10111101010100100111000000111000
00111101010101100011010111100011
00111101100110111001011010010101
10111101011001111010001111100111
10111011100111010110000011100011
00111100001011110011000011010010
00111100011011111101110001110110
00111101011011001110111011110110
00111101001001011011111000111000
00111101010011011001000010111101
10111100101010011101011010111111
00111101100001100111111111100001
00111010100010100000101010110000
10111011111010010001001000111110
10111101000101010010000110001110
00111011100111010110011011110100
00111101100110100011011110000001
10111101100101000001111001110101
00111101011101110110110111010011
00111101101010001101111101011100
00111100110110101101000100011110
10111000100000011010101101000100
00111100100111000101101010010011
00111101000110011001000100100011
10111100000010111000001110000101
10111100100110111011010001010100
00111101000101101100000111001111
00111101101101000000000011001011
00111010001000011001010101111001
10111010010100000101110111010011
10111101100011100010100101101111
10111101000100110011010001011110
00111101011001100111110111111000
00111101010000000010100000110000
10111101011100000000110100000111
00111101011001111110111000100011
10111101101001100001001011010111
10111101010001011001110100010000
10111100011110101101101001101000
10111100110010100001011001100101
10111101000010110010101010001111
00111011110001000011110010111010
00111101001010011001111010100011
10111101010111110000010001000111
00111101000010110110111111011010
00111101011001001101000010110111
00111100110110000000111110011010
10111011010011011010000011111100
00111101000010001011010000101101
10111100101110001100111001101011
00111101011111000101100010100001
00111101100001111011010111011110
10111101010110000101011100110100
10111100001011011100111000001011
10111101011011010011110110101001
10111011110011011011010000000000
10111100001001010011100100100011
10111100000110101100101100101011
00111011010001011010010100101110
00111101011010111111110011010000
10111101011001101001110110001110
10111100101111011000010001010011
00111100101111010101000100000110
00111101100111110010000101111111
00111011100010010101110011000010
10111100111000101111010110111101
10111100100110010111111100110101
10111101001000100001000000011111
10111101001110100011100011100010
00111100100100000010110011000101
00111100001010001110111101000010
00111101000000011010011000111000
10111101101001111011111101110001
10111101000001100111010010110010
00111100001001011001001010111011
00111101010101001101111110000100
00111011110001010100000110100111
00111100110110110011000010101110
00111100110011111100110001100001
00111100111011011000000000100000
10111101001011101010010100100001
00111011111010011101011101010000
10111100110110100001001010101011
10111101101111011011001101110100
10111011000000011001101000000110
00111101000000110100010111111001
00111101100010001011110100001001
00111101011010001000101101011011
10111100011100100101001100101111
10111101100110110010001110111110
10111101100010100111011010100000
00111101100010000100000111011010
10111101001101101010110101110010
10111101101001101000111010001011
00111100011101011011101010111011
00111101101101101110111111111101
00111100101000110111110010110101
10111100110011010001100111101110
10111011001110000000111010111001
00111100110100101101010100101111
00111011110001011101101101001110
10111100101011001001010011101011
10111101011010000100001011111011
00111101101001010100101001000111
10111011101110100000001111111110
00111011000011011101011111011000
00111101100011110100011100000101
10111101011101000111011110101100
10111100100111100001011110111011
10111100101001011110111000010001
00111101001011110000010100100110
10111101011100010110101110001111
00111101010000000011101110001011
10111101101001111100011010110011
00111101001000001011101011100101
00111101001011011001111111011110
10111101000011001001000010001100
10111101110100110010101010101111
00111100101111110110010000111101
00111101000101110101001010110001
00111101001001010010111101101111
00111100100111001110011100100100
00111100111110011111010010100101
00111010011010110111101100111110
10111100000110101001001111001011
10111101100001110010101111111110
10111100111001110111010011100011
10111101100000010110001010010010
10111101011101010110010000110000
00111101111100001001011110011001
00111101000011100010001110000011
00111100111010000110110010110011
00111100110100000001110010110010
10111101001011010111101101100111
00111101010010111001111011111111
00111101000110011000000101101101
10111101001111111001001001111011
10111100111000011001101101111101
10111101011001111101110001011001
10111101100001010101001110101100
00111100111100001001001011000011
10111101100101000010110100110101
00111101101011001001100000000101
00111101011011011000001010011010
10111100100011110111000100101100
00111101101001111000110110001011
10111011110000110000100111110000
10111100101110000010010101011110
00111100100110110001110001100100
10111001111111100000110000010000
00111101001001110111010010000011
00111101010000111001111111111100
10111100001001000101110111111111
00111100111010011110100010111111
00111101100001110001011000110011
10111101100001010011010000000101
00111100101010101000100100101101
10111101011110101010010010100011
10111100110110110011110101010111
10111100101011000111110011001101
00111011111011000101011101101000
10111101101001001101111001110011
10111101100000010010001111101111
10111100001100101101100111100100
10111100101100111010001110000000
00111101010010011110111011111001
10111101000010100001101100010010
10111101001110100000011011011111
10111101100001010011011111110001
10111100111000001011010011001100
00111100100111000111010100010111
00111101001101001110000000001101
10111011110011001111101101100011
10111011000110110000111111011011
10111001101110000111100001101100
10111011100010101001001101000000
00111101010000111001010011101010
00111101010101011000110010011100
00111100010001000000101101110101
10111100010011010011111110101101
10111101000000100010101111010000
00111101001101110000110010111001
10111101011101100111100000001101
10111101010100100111100010110001
10111101000011010110110101001010
10111100111101111100110000110011
00111101001111011111001101101110
00111101101000110110000011111100
00111101001101010100010001101011
10111100100110110111001010011100
00111100111111100110100110101110
10111100011110100110011011110101
10111100000001100101001111101110
00111010010010100000101000011001
00111100100100101000010001111110
10111011011101001010110011110101
00111101001000000111001001101111
10111100100101001100001001011100
10111100101101111110110001010101
00111100011010011001001011001000
00111100111111000110000000110110
10111100001011000101000011011001
00111101110100111010111100001110
10111101000011000110000011011010
10111100010101010101001110101111
00111011101000010110011111011000
00111100110100100100001000110100
10111100100011001111010111111110
10111101010100001010110000000101
10111101011000011110010101101001
00111101100101111101111011101011
00111100000110110101101000110110
10111101100110101110000001101100
10111100010010010001001011111111
00111100110011101011000001011111
10111101001101011011000111011101
10111101011000111111110001101000
00111011110001000111000011010000
10111011100010101100001101010010
00111011100010110011101111011111
00111101101011101000011111101110
10111101001101110101100000001010
10111100101111100100100100111000
10111100111001010101101001000010
00111100100100010010111011110101
00111100011110100101100000100100
10111101000011010010101000100000
00111101101011011010101100010110
00111101001100111000011001110100
10111100111000101010000010001011
00111101011001011111110010110001
00111100010101101001100001110111
10111101101011011001110101110110
00111101100111011100001011000011
10111101101111010000000111101000
10111101100000100100111010011110
10111100110101101011011000001110
10111101010101011101001110100011
00111010110010010100101100101111
00111101110000000001110110111010
10111101010001000110101110111110
00111100000110010010001100111100
10111100101011010001001110111100
10111100101100010101110111001000
00111101000001010110101111111000
00111100011110110100110000101001
00111100000011010000011111010111
00111101010111000000010100001001
10111100001001100010011000110000
00111101101110111000101011000101
10111100100111111111011010010110
00111101011010100001001110110101
10111100111100011101111110101011
10111101000110111001110100101100
00111100001111010100000011101000
00111101001111100011111001101011
00111101100010010110001100100101
10111101011101111010011011111110
10111011100100101011010100110100
10111100100100111101010100010000
00111101010101111101010011000111
10111011101100100011011110001111
00111100001111110101011100111011
10111100001100100110001001001111
10111100011101110011001011100100
10111100000011101010101111010110
10111101010001011001001010001010
00111100011110100101100101001011
10111101100000011011001111111000
10111100001101000100011110100001
10111101101110001110100011110001
00111100001100110011100000001101
10111101000001001101001000001010
00111100011011101100100111011010
10111100000000101000011000100001
00111100100001100011110001010111
00111100011001000110000101000011
00111101100010001001001101001000
00111100100101110100000100100000
10111101000100111000010110101110
00111101101010110000111101111100
00111101001000111000000010110000
10111100011001010011110100010100
10111100110111111010001010010001
00111101100100110100010011010100
10111101000101010111110110010011
10111100100101110011011000011100
00111101001011001001101001001010
10111011111111000010110101010100
00111101001010101110111110001001
10111100100110001110101010110011
10111100110010111101100001011101
10111011001111011010110111110111
10111101000010111001010110111101
10111011110111000000111000010101
10111101100000011000011100111100
00111101101011111111010001001111
10111100110100001101001110110011
00111101100110011100111111111101
10111100100110011001101111101000
00111100001101010000110110110110
10111100001101010000000110001011
10111101100100100001111011011110
00111100000010100101001000010000
10111100001100001111000001110000
00111101001001010101111101001111
10111100110010010110111110111010
10111101100001010011111101101101
00111101010101100111111010111101
10111101000111111001011100011111
10111101101101101011100101011010
10111100110110000111110100101000
00111100110110001110001011110110
00111101001110001110010010001100
00111101000011011100010001000101
10111101001100111100001101100110
00111101010100000001001011110011
10111100010100111100001001110001
00111100100000000011110110110000
10111100111110000101000100001010
00111101011010101110001111100010
00111101001000011011101001011001
10111011001010101000101100011101
10111100000100111001110101011010
00111011111000110010011110010111
00111101000110110111010001001000
00111101101111000100111101101101
10111101110000000011000101000000
10111101110111100100100111111010
10111101100101110111000111010100
10111101010011001100100011011001
10111101000100010111111110111100
10111101010110010000000011010100
00111011111110000110101110001010
10111101110101111100000101000010
10111100110000101001100110110001
10111100001101101010111101101101
00111101000010001011100001000011
00111101000010000110100000011111
10111100001100111011010001011110
00111101101010000111111100001110
10111101001010111110010011101110
00111100000110110000001100010001
10111100110010011110001101011010
10111100110011010110111010100100
00111101101010100011001110000010
10111101001101000001010010111000
00111100110110100000100111001111
10111100101011000001010000000011
10111011101111110000110101001011
10111101100100100001001000111010
00111010110010110000001001110101
10111101011111010011011010000101
10111100111100001100000111101100
00111100010110110100111000010011
00111011101101101111011111101101
00111010000110000001000000011111
10111100101000001100010010000011
00111101000000100110111000011101
00111100000010011000100001001011
10111101010101011100100000000100
00111100111101100001011010101111
00111100101000010001001011110101
10111100111000100110101001001001
10111100010001111111001111000001
10111101001111000100101010001000
10111101100010000111000010001110
00111101001111100100101100101100
00111100100111000011101101110111
00111100111011000011111011111000
10111101100110010001100000100011
00111100100101100010101010010110
10111100011111100101101001100011
00111011001010110111100011011110
10111100101001101110000010000111
10111010111001011010010110011111
00111101000001110111110011001011
10111011111101101101000110011101
10111100100011110101100100111110
10111010110110101101110010001110
00111100000000011110100110111100
00111101100110100101010110100111
00111101100110111010011001110101
10111101101001110010001000001000
00111100010011100111011111100000
10111101010100110101111111010110
00111100110110111100111010011110
00111101000101110111101010111101
10111100000101011110000010010110
10111100111000000001101011110111
10111101011111001011101110011000
10111100010110100111101101010010
10111101100101111111010000100001
10111101010100110101010011000001
10111100101111000001011011100110
10111101011000010000011110010010
10111100100101000101000011011110
00111101100001011111101101000001
00111011000101001011011101110111
10111101100011111110001111010111
10111101101110001111101101010011
10111100111110110110011101000110
10111101000111010111111011010011
10111101011000001001001110011010
00111101001101001011111001100110
10111101000111101001001011001001
10111011111011100100010100000001
10111011100101110011110000011011
00111101010000000110101111011100
10111101101010000101110010000100
00111100101110010010111001110010
10111101000110111000110100101010
10111101000011001000010111010111
00111100110111110110000011000000
10111100101010111001111111101100
00111101001001000110000011100000
10111101000001000100010011010101
10111010000101101110011110100010
00111011110010000001100101110000
00111100110010001011101111111001
10111101100010110001100111101110
10111100111011110111111010001000
00111101101011110101111010110010
10111101010011100100101110001100
00111101100110011101110001101001
00111100110101011100111010101111
10111100111100110110100001011010
10111011110100000110010100011101
00111100000010010100011011011101
00111011000000101000000001010101
00111100011100001011011010110100
00111100110001010111110001110101
10111100011010101100111010000011
10111100110111001110010101110111
10111101100000011101111010011011
00111101100110111110110001101011
00111101101111011101001011111101
10111101001110101001101000001010
10111100001011111001100100110000
00111100000001010100000000111000
10111100100010110000111000011101
00111101001001100100101000100100
00111100011000100111010011011000
00111101101111100001110101100111
10111101100011101110111011010000
00111101100101101010011000000001
00111101000001000111001111010100
00111101100000110010111001001010
00111100101011001101001011011101
00111100100101000111110001010110
10111011110001000101011100101010
00111100110000100100010101000010
00111101101001000011000001000111
10111101100110011101011011010011
10111101001000001100100001001111
10111100001100101000001001100111
10111101010110111000101110011011
10111101001001011100001110010011
00111101100100101100101010011100
00111100010011101010001010111010
10111100110010011010110101001111
00111100101000010010101101011110
00111101100001011011010110100110
00111100101110001100111011001011
00111101101101111001010100011011
00111101010001011111000000111011
00111100101010111110011011000001
00111101001001000011110000010101
10111100010101011000011001010001
00111100111001111111010010011110
00111101011001111001001000101101
10111101011011111001110111111100
10111101001111011100010100010110
10111101101111011011000110000110
10111101100111010010010010000000
00111101100001010100110001010000
10111100110111000001010001111000
10111011111100100100001110101101
00111100011000100100100010101100
00111100111001100000001101000010
00111100110000110001001010110111
00111100100011001100100011100000
10111100111101001101010100000100
00111101000011010110110011100011
00111011100000111100101101101000
10111101001010011001110101010111
10111101000111110111111110000001
00111101100110011111001011111100
10111101001111110111111101010011
10111101110011011010001000001010
10111101100000001100100100110110
10111101000111100001110010101101
10111101011111000101000010100010
10111101100001001100000100010100
00111011101110011110101010001000
00111100101001100101101000101101
10111100100011100000110011011100
00111101010011001110001110110100
00111100100001010100100100110001
10111100010111000100101111000011
10111101110000110001011000111000
00111101111100101110010101101100
10111101001011000001001000100101
00111101100010100100111111001001
00111101001001010111100011010100
00111101100101011110011000010011
10111101110100001000011111011001
10111101000110111001011010010100
10111100101001001010001000100100
10111100000001001001101001100110
10111100100100111100000010101111
10111101010101010010101001101000
10111011110000100000101110011010
00111101010101010011101110000000
00111101001000011101011101100010
00111101100100010101010110010101
00111100000001100100010100101101
10111101000011110110001000100011
10111011110000000110111001010001
10111100110100101011001010010010
10111101101001011101101101011110
00111101011110000111001000000111
00111100101100011001010100101101
10111101001010110110001001101111
00111100100000001001011000110001
00111101010101010101110000001111
00111101011111000011110100011000
10111101110011000011100101010111
00111010111000000111000000011000
10111011000001000010001011110100
10111101101101101011010100011010
00111100101111110001111010011110
10111100110100101001010010111100
10111101010111101111110110110101
00111101010000000001000011011010
00111101100100000011010011110110
00111101000111100010111011011000
10111100101101111000000110011010
00111100001111010010001000000001
00111100100010000101111110101011
10111011101110000000101000010011
10111100111100101111001001110011
00111011001111100100110111110000
00111100011111010010000101010001
00111101000111011101011101011000
00111011110101101000011000101010
00111100100110010110111000111111
10111100100101001010001000001010
00111101011000100111111010000000
10111100001110001101100010000111
10111100001011011000111111111000
00111101001010110101000011101111
10111101011101100010101011100010
00111011110011011100110001010101
10111101010110101111100111001010
00111101000001000100011011111111
00111101100111010111110010101101
00111011110010111111111110100111
00111101010001100101000111000100
10111011100011111010000000111000
10111100001011101111101110110001
10111101011100001000000110010111
10111101100001101000100001000110
10111101000110111011101011110011
00111001100001001110011100101010
00111101000100101010001111111110
00111101100100001111110111111011
00111100100110011011010100011000
10111010100111100100001011000001
00111101000010001000110111010101
10111101101111010001001000100010
10111100000100001100101110110010
10111101010111010101111110010110
10111101001100001101001001110010
00111101000111011010001110000001
10111100111101000011100001100001
10111101001111110111100011010111
00111101010001001100101001010010
00111100110000110001001001100001
10111011110100011101001110011100
10111101000001100010000100000000
00111100100010011111001000100010
10111101001000001101000010010001
10111101011000100101011001010000
00111011011001110101100001100101
00111101011110101000110001011010
10111101100001010001111000101001
00111100100110000010010000001010
00111100100110010100100101111111
10111101001101011001001011001111
00111011110110011110010101010001
10111100110111111011011010101101
10111011001110101100010011110010
10111100100101110111000010000110
10111100011010100100111010001101
10111011110110010110111111001010
00111101000000100101011101011111
00111101011010101100000110100010
00111100000110010111001010011001
10111011111001111100100110010010
00111100100000011110011110110110
10111100010001001010010010100010
10111101000111100101011011010101
00111101010011111011100100010100
10111100011110101100010101010010
10111100010110001101000101110111
10111101000010111111100001101101
10111101010010000010111011001101
00111101001111001011111011010010
10111101101101010111110010101001
10111101011000000101101000011111
00111101000001111110001000001111
10111100011110100001100110011111
10111100011000100101011101111111
10111101011001101001011100111100
10111011000001101010001010100000
10111101100111010001010100011101
10111011011001011001010011010101
10111100110110011111000010010001
00111100010101010011001101000001
00111101010101111100101010110010
00111100011011100101011111010010
00111011111100000101000000001010
10111101101011111000101001000000
10111100110101011011011011000100
00111100111100110001010000110011
10111100101100001110111100101100
10111100000000111011010011001000
10111101100010010110101111110101
10111101000100110001000111011011
00111101000010011011100110000000
10111100101011111111001110001100
10111100100101001010101110111101
00111011000110011100110101010011
10111100011001100011110011110100
10111101011101111110001000110000
00111101100111001110110101001001
10111101100000101001011111101101
10111101101100110011100100000011
10111100011010111110110110000011
00111101101000110111011000011110
10111100111110001010000000111011
10111101000101100010000011000010
10111101100000101111111011110001
00111101010000011000010110111110
00111100110110000010001111101111
00111101100111100001101010000100
10111100010111001011011001100011
00111101001000111111011011000010
10111101100100001000111011010011
00111101000111111100011101000011
00111101001101111101010001110101
10111101100110001100101100000000
10111101000110100011000101010011
10111011110101011011011011000001
00111101010111110110010011110110
10111101100000101000100010011010
10111101001001010101010111110100
10111011111011110110001001011110
10111100101010100000000110111101
10111101001001001000000110011111
00111101010011000001010010010100
10111100100011000000100101001100
10111101010010000010100101001111
10111011110010010110110011000011
00111101101011100110101000010011
00111011111000010110001000010011
10111101101110001011011100010010
00111100110100011100101101111110
10111101101010010101101110000111
10111100011100011011100100000101
00111100010010011000100000110010
10111100101100101110100000000001
00111100111011010110011010111011
10111101000010101011111110000011
10111101001000101111001111010011
10111101110001100000100000111001
00111100001100001001011110111101
10111011111110100111010101000010
10111101100111101011010011100101
10111010010000100000001010110100
10111100101101010100001111001010
10111010101100010001010011000110
10111100100010111010110000101001
10111100100011110011010000100000
00111101010100001111110101111111
00111101111111111001000001010000
10111101000000111010101110011111
10111101100100100001001100000111
00111101101001000100111011011001
10111101101001000100111010011100
10111010101110110100101001111100
10111100011111010100000001001001
00111101001000000000101000101110
10111100011011100101110111100001
10111100100100100110100010100111
00111010011000011001000110001100
10111100101111010100001111001001
10111101110000101000000000001100
10111101101100111111100101110000
00111101010101101101001101100000
00111101001110101100001100111111
00111101010110010110100010111001
10111100110101100001001111111010
00111100101011000100100100011011
10111101100011110010101000100101
00111100011011010010101011100100
10111100110000101100001100001010
10111011010010010101100000111010
00111101100100101001110011000001
10111101001100001000100000001000
10111101101001001110100000110110
10111100011111010110111000000001
10111100001001001100000101010010
00111101000001000111010000000010
00111101110101000110110001100110
00111011001001000010101111000011
00111101000000100001101000000110
10111101100101000111111100110111
10111101011000111011111100011001
00111100101101011011101100000000
00111101010100101011000001001111
10111100000001111011110001100101
10111100111010011010011001001100
10111101011010001100010001100111
00111100001100101100011010010001
10111101101010010000101101011010
10111100000011001100011000100010
00111101011110010001000110100010
10111011110011100000100111001110
10111100000001001000101110011001
10111011000011000010111101011100
00111100000110110011111001100011
10111101000010011100111101011000
00111100110001101111011101011010
10111101010001111101100010111111
10111100010010100000101111011011
10111101011011100001000000001001
10111100001100000000111100010110
10111101000001111101101001100101
00111101101000011011101011001000
00111100101100001000101001011101
10111011111100001010110110010001
00111101000100100011011110011000
10111101100101000011110011100111
00111101010101000011001111001000
00111100001001000010010010010100
10111101100001001100000111010010
00111100010000000101111000001101
00111010110010100011011101011000
10111100111101100011010110010010
10111101011001100000011011001100
10111100011000011111111001000011
00111101101100100101100100100010
00111011111110000010101100010001
10111100101001011011010011001110
10111100100111001000100011111011
10111101010101000101010000110011
10111101011010111101011100000000
00111100111001011110010011001000
00111100010011001100000110110000
00111101010110110010110001110100
00111100000101111001000000000000
10111011101101110010110010101110
00111101000111010000100010111101
00111101000000010001100110001100
10111101011111001110010011111001
00111101001100011010011010101110
00111100000100100101000111010010
10111101010100011011001001011000
10111100101010011000000000110011
10111101001001100110001010110000
10111100111101011010101100001100
10111100000111100101101100010100
10111100001001111001101101001111
10111101011000100010011001101101
10111010101101110111010000001000
00111100110001110010100010110000
00111101000100100000010001010010
10111100100100011011100111001010
10111100011000000010000001000000
10111100111111111100101100101110
00111100001011110111000011010100
00111100001000110000110111011011
10111101010001010010011011000011
00111101011100110111101100111011
10111100100000110110011001001010
00111100110001011000101101110000
00111100100011110010010110111111
00111101000100011101110000110011
10111100110010001100110101010111
00111101010111000101101011010111
10111100100011010000110000001011
10111100011000100111011101010100
10111101100100111010011110101101
00111100010100010100110000100001
10111100001000111001011001111110
00111101100010001111011000000011
00111100110101010010111111010111
00111100100001101010110001111001
10111101001111110100010111111010
10111100111101001001001001100100
00111100010000111111000110111111
10111101100110011011000110110110
00111100000010111111011111110011
00111101000100111101101101110111
00111100110101111001010001000111
10111101101011110111101000100000
10111101100000111110111101011101
00111100100000000111010001100110
10111100101000110010010011000100
10111101001010111101011111011111
00111101100101001000001010010101
