10111101010100000111001000001101
10111101100101000110011000110101
10111101011101000010001110101111
00111100110101110000010100011100
00111100100001001001010110000010
10111101001110011110100000001110
00111101011100101111011101000111
00111101101011010011010000111100
10111101010110000011101011100110
00111101011010110110111101010010
10111101010001000111010011010000
00111100101100110111101010110101
00111100100001001011110001110011
10111101100011100011010101001000
00111100111101101101001001110001
00111011101110001100101011111011
00111100110011010111001101100001
00111100101101111110110111111010
00111100011010011101010011101010
10111101010010000111100010110000
10111100100101001010101001111000
10111011101100100100100101101000
10111100000000110101001101001101
00111100101001010001000111111101
10111101100111001010110101001111
00111011101011011100111000101011
10111100110100100110001001111011
10111010110011100110010000010011
00111100111000001000100101011000
10111100110111010101100010001101
10111100101111001100010000010110
00111101001001111010110011111101
00111100111010101000111100000001
00111011000110001000110101001001
00111011011111101110001010001110
00111101001011001110100100100011
10111100010101011000000011100000
00111100110110010000100111111100
00111101001111110100010001000100
00111100100011110110010101111111
10111101001011001010101011110110
10111101101101001001110001000100
10111101000011000001010001001110
10111100110111001001010111100001
00111100000110001111111101011010
00111101001010100110001000110001
10111101101001001011110111000001
00111101011101000001111011001000
10111100100110101100011011110010
10111101100010101111011000010001
10111101001011111111001010001111
10111101100100001001011100110101
00111100101000110011000000001101
10111101100001101001000100101011
10111101010011111011000100100000
00111100100001000001000100001010
00111011101100001101101101111100
10111100001010111100001110001100
10111101010101011011010010101011
00111100110011010111010110111101
00111100010101001010100001011011
10111101100110110100011111111100
10111100101100010110011100111001
10111101010001001100110110010010
00111101100011111111001010010000
10111011101111100110110100101010
10111101100110100111000000011010
00111011101000010011110000111001
10111011111100100111100110100101
00111100000101111100011101101100
10111101110001110101110100110111
10111011111110001010110110101101
00111100101000001010001000010100
00111100111000100010010111110110
00111100000001110000110110111000
00111100001110100001000111111011
10111101001110001000011110011001
00111100110111100110111101001011
10111101101100000111100011010011
00111101001001111100100101010111
00111100111001110001110111001110
10111101100011001110101001001001
00111101000001011001011111011111
10111101011111000010110001100101
10111100110010001011101111000001
10111100000011100010101001110110
00111100111010101001010110000110
00111011110100111000001010110110
00111100001101100001001010000110
10111100111100001101111100000111
10111101101001010101101111001010
00111101000010101010000100011011
10111101000001110001110100101100
00111101000001111010011101101011
00111101001101110101110110011110
00111101101111101001100100000110
00111011100000111101100001001111
10111011100111010100001001101000
10111100110011111100110010001001
00111101000101000110100100100000
00111100001010001001010010011001
10111101000010111100111000111111
10111010001010111110100010100011
10111100111111100010011111001011
00111100101111111101011110100111
10111001110110101110110001011001
10111100101101100101000111011100
10111101011101101101100110111000
10111101001011100100001000000010
00111011011110001101101011110010
00111101101000011100101010101110
10111101010000010011000001101011
00111101000110111011100010011010
10111100010011101011001110011010
10111011110010101010110010000011
00111101010111011010000001101010
10111011010001011011001010111000
10111101011010000111110101100000
10111101011000001100011110100010
00111011110111111001011111000111
00111100100001111100010101111010
10111010000111111001010101010001
10111100000001011010110001101101
00111100110101011100101011100001
10111101011001011100001000101100
10111101000101001110101100001000
00111101000101010000011001100010
10111011111011110110101110011000
10111101001010100111101101101100
10111101010011000110000100100001
10111101100001101011011101000001
10111101100000110101001110101000
00111011010001010001001111011011
00111100110001000011100110111111
10111101000010111101000101101111
00111101011000100110101111110000
00111100111011110100011011100111
10111010111011001010001111111110
10111101001110010110101100101110
10111101000100010101000010001001
10111101010000100011010000101010
00111011001010110111111111110100
00111101010010001101000111000010
00111101001000001100011110110010
10111101000111110101011101111000
00111100011011010011111101110000
00111011100101111010111100010010
00111101010010010100100111110111
10111100100011100011111100111111
10111010001001000111110100110111
00111100100001110110011101001101
10111100010100001010001010011101
00111100110011101100100011101110
10111101100010101100011111110100
10111101100100011111010011100011
00111100110000110110000000001111
00111101000110001101111111100001
00111100101111111010111010111000
10111100101110110011011010001011
10111100101101111001000001011000
00111101010111011100011101111100
00111101011100100101001101010000
00111101100010110100001001100101
10111101100010101110000110010100
10111101011011001110101100001011
00111100101101000111100010011101
00111101010101000001101111100110
10111011100110110000111110111010
10111100011111111001011100000100
10111100001111100001111111101011
00111011101010000110101010011010
10111101001010000010110111101010
10111011100011011001010001010111
10111101010100010001011110001111
10111011101101011100111000111100
00111101100001001011100100000101
00111101110010011000000110111100
10111101000011000100010111101110
10111011110010101101010111100111
00111101101011000000110101000011
00111101000000011011100111101010
00111100101110100001111010000000
00111100111100010001010011110001
00111100010010011110110001100100
10111100011010010010100110101010
10111101011010000110000111000001
00111101001111110001001010111010
00111101010011011101110000011110
10111100101110110111000100001010
00111101000010010110111110110111
00111100110011001110011100100000
10111101001011110010101000010100
10111101100100010110001111010011
10111100000100111010100111001101
10111101000100110000010001001010
00111100110001000001011010111101
10111101100110101001010010011111
00111101000000011011111011001000
10111101001001110110000100111101
10111101000010110100101100001010
10111100000000101000010100101001
10111100100110001001110011011000
00111100100100000000100000101100
10111100001000010100111101000101
00111100000001110101000110000001
10111100111111110001001110110001
00111101100001101101110110001111
00111101011101111001111000011100
00111100100110011100011101110110
00111101000000011101110110110100
00111101010011001101100001101110
00111011111000101100110010010011
10111101010111011001100000110001
00111101000101011110110100010101
00111101100000010111110111100011
00111101001111100001011011011000
00111101000001100000000101100110
10111101001111011101011010010101
10111100000001111000111011110000
10111011010100111010000110111100
10111011000010010001100111110100
10111011100001101110000001001100
10111011101000110101110101010101
00111010111111001000011000010111
10111101001001111100010100011110
00111100111100100101100010000010
10111101100101010100111111001001
00111010000101111000010110011101
00111100111101110011010110010100
10111100100101111001100101100101
10111101000001100000100110000000
10111011101000100100000011101010
00111100011111011111110000000110
10111100110010100101100110110011
00111100011000101101001001110000
10111100010100110001111111110000
00111101101111010111100000100000
10111101100101111110101011111010
00111101000011000110100100111100
00111100011010111111101010001101
10111100111010101100001001101100
10111101010101011100111001000011
00111101011011000010000001000101
00111011110001011110001111100001
00111100101011001001011110100111
10111101010010010100101001101011
10111101101000110100011101010110
00111101100111010101111111000011
00111101000110111100110111011011
10111011010101010111101110100001
00111100110000100110011100110100
00111101110000010110100010100011
10111011111010000101000111000111
00111100000011001101001110000010
00111101011100110010000001110101
00111011110011100000111010001010
10111101100001000111100111101111
00111101010111000011101101000010
00111100110010110100110101101000
10111100110100010100100101000010
00111101010110001001001010111000
10111101010001101011010101110011
00111101000101110100001100001101
00111100011010110101110011011110
10111101011010001111000110011001
10111100101011110000010000110001
00111011011000011111001111010110
10111100110100110100110101110100
00111100100100110100111000111101
00111101011010011110011001110010
10111100110001010101100111101010
00111101101100010010011010001110
10111100001000010001111010011100
10111011010111110001001111111000
10111101001111101111001011011010
00111100100010011000101011011101
10111101010100110101011010001010
00111101010000011100001110001011
10111101101110000000110001111111
10111100111110011010111111010011
00111101010011111000111111010001
00111101000110011101011000011001
10111100101000010111010101010011
10111101011001101000110010100010
00111101010110010001100111001010
00111101101101011101101111100001
10111101101001110110111110010111
10111011100000101110000100000010
10111101000111110110010100101011
00111101011000010101001101011101
10111101011000001110110111111010
00111100001110001100011111100010
10111100100011010111100110001010
10111100100001100110011001101001
10111100101111011100110000110101
10111011011001101011110011010011
10111100110110001100111100101001
10111100011111001011101110101001
10111100110110101110101100100010
00111101000111111010100000011110
10111101010110001001001011100110
10111100101100111101000001110111
10111101011111111100100001001000
00111101000010000010101110100100
10111101000100110000100011111110
10111011010101100101100000000000
10111100111001001110010101100111
00111010111110111001001001010100
10111101000010101100110011010111
10111101001100110010001110110101
10111100111001100001010101010010
10111011001000101111001011100000
10111101100001010010011100100110
00111100000101100111111001110011
10111100000010000101000011100100
00111101000000110111101110110110
10111101110100101111100010000001
00111100110111101011111011101001
10111101000110100000011101111011
10111101010111111001011101001010
00111100101010001001110101000111
10111100100111110111011001010110
00111101100100100100110010010101
00111101001101011010001110110010
00111011010100100010000010110111
10111101100011001010010001100010
10111101100101011110100000100011
10111100011110001011011100010001
00111101100011110101100011001010
00111101110000010100000101100111
00111100010100101011010100100111
10111101000101010011110000100001
00111100111010001111011011011111
10111100110101000011010111001010
10111101101000100000100010100010
00111010111001110110001000010110
00111100011011111110100111101001
10111101010011010010011011100000
00111101010011010110101101111101
00111101000011011101101110010101
10111101010111001010101110000000
10111101010001110110010111000011
10111101000000000011000100110111
00111100010101110100000111010000
00111011100100100100100000111110
10111100111100101111010001000010
00111101101010001111111111111100
10111100011000011100111010010101
00111101011011110111000001111110
00111101010001001110001011000001
10111011111111100010000100100000
00111101011111000101001111011010
00111100111001001011100011100110
10111100101010110110011100111010
00111101010111111100001010010011
00111101011000100101010000100000
00111100001101001111010010111000
00111100101011111101000010010100
10111101101011010111111000001110
10111101110001111111010101010010
00111100101000010101111011111011
00111011111001100010001000101101
10111101001101010100011100100111
10111011101000011000100000101100
10111011000100110101100000010101
00111100100111100100001011101001
10111101011100111101010100110001
00111100110001100010011001110101
10111101001111001000101110111100
10111101100111011100010100100001
10111101010110110000011011110000
00111101100111010000100111001001
10111101101110101000111000111010
10111100110010100001111000101100
10111101011011001111010001101011
00111100100101010000101110001100
10111101011000010111110000101110
00111100001100111101101011111111
10111101011100010111110111101010
10111100111001101110111111101001
00111101001010001110101011101111
00111101100011100100011110001010
00111100100010111001001011110111
10111101101001011010001001111101
00111101000011011000100011101110
00111100001111000001000110101000
00111101000000000011011001000110
00111011001110111010101110010111
10111101001100110111011111011110
00111101100001101110111110101110
10111101001010010110000000000101
00111100110101101110010000101011
00111100111111110101101011001010
10111100100100110010000000100100
10111100110010000011111110111011
10111101000010011000110010011111
10111101001001111011111000000100
00111101000000001101010101001000
10111100100110000011001000000011
00111100010111010110111001111111
00111101011000001101110010110100
10111101100000001001001000011000
00111100100011110000011010101000
10111101100001011011110000001100
00111101011111001011100110110100
10111100010101101001100000000000
10111100101001010100011000001111
10111100111011110100111001100001
00111100000110100000100001000001
00111101100110111011100101100010
00111101000001100011001000001001
00111101001101001110000110101110
10111101101010011011001001110100
10111011101011111001011011111011
00111011110001001101100001010010
00111101001010001011111100110101
00111010110100111001010111010101
10111101000110011110100010110111
10111001101100110101100100100100
10111101001110111101101000110010
00111011010011110111111111011011
10111101001000001000110110010110
10111101100011100110001000101010
10111101100110101001000110100111
10111101001000011111100010001001
10111100010100100010101111001010
10111100010110001100011010100001
00111101000111100011110100001110
00111011000110101110011110011101
10111100110111011101101001101000
10111100101010011001000110110000
00111101000101010000001111001110
00111100100010011000011001001101
00111101001100101111101111101001
00111100111001101100011000001000
00111101010111101101010110100000
10111100010010110110010011000111
10111101101011110110011111101100
10111101100111000010100001011110
10111001100001100001011011010110
10111100110101101011100001000011
10111100101111101001010101101000
00111101010001001010100010101011
00111100011001110110110101111001
10111100110011111101001101010110
00111100000000001011010111000111
00111011001000000011011011110101
00111100000100000111110000100111
00111101100011110011010011110001
00111101010001001100100000111001
00111100110011110110110100111111
00111101100000100110011010011110
00111011100100000110010111100101
00111100101001010011011101110101
10111100000111010111101100100010
00111011011000100110011100010100
10111100001000111000111101010100
00111100101010110000011110101001
10111011111111111111010100111011
00111101000010101100101000000110
00111101000010101000101010100001
10111100111111100100000110111000
10111100001010100111010111000011
00111101001010000101111100110011
00111100111000110110111101000000
10111100110010110110000010100000
00111101010010111100010100101101
10111101001001001111101101000000
10111100110110001101001010011100
00111100101011100101001100000110
00111101111100101111011100111101
00111101010010110110110010101011
10111100101101110000100000111001
00111100110011000000010001111010
00111101011111001101101001010010
10111101001100011000111101001100
00111100100101011010111100001010
10111101001111000000010111110100
10111101010011111110110011100100
00111101001011001110111001100000
10111100110010000011101100001111
10111101001111010110001011000000
10111100100100101110000110110101
00111101010000010110001110001101
00111101000110110000010011011110
00111011101001110000100001011101
00111101010011111010000011110111
00111100110101101011100111100101
00111101000111100101000000011100
00111101100001111001101101010011
10111101100011000110100101001101
00111101000010111111101100111110
10111101001010010111011000000000
10111101001111010111000101111111
10111101001101110010110000001101
00111100010101101001110101110101
00111001000101110110101000110010
00111100011000101111000001101101
10111101001110000100011110000101
10111100100101111111100011110001
10111100100111110010001101001011
00111101100010001100111111100010
10111101011000111010100110000011
00111101101000010001000101111011
10111100110000110101010111110111
10111101001101001010111000010001
00111011111100101001101100011011
10111010010001000100111100101011
00111101000101111010001000000111
00111101100101001000010100001001
10111101000011010101111110100110
00111101000111000001010110101000
10111101010101111101000110101000
00111101100110010001101001111110
10111100101111011110001011100010
10111101011000001110010011111011
10111100011000010110110100001100
00111100010101011110101000101101
10111101000100100111000011110100
10111101100110101010110001101100
10111101110001001110101100001010
10111101010111111000100100110100
00111100011010001000000110000111
10111100111000101001010111001101
10111101011010000100100001011110
10111100011100010011010110111000
10111101101010110111111101110001
10111101101000011110101101111001
10111011100000100111110111010101
10111101011011101001011001010011
00111100101101011000100111101110
00111100000010000001011011110110
10111100100001100111011100000101
00111100100010110001111101011011
10111010101001010101001101111100
00111100011101011011111100001101
10111101000011010100100100010001
10111011110101000100010111010000
00111011100010101010101111101011
10111101100100000001100000011111
00111101001010010000110110010101
00111101010000011001110101101000
00111101110001111100101101101000
10111101100010110010010010001011
10111101101000100001111001011100
10111101001000000011000111011101
10111101100000011111001000000001
10111101000000000011001111010001
00111101010110100010101000011101
00111101101101000010101100100101
10111101010100010111010001110111
10111100111010000111100111100010
00111100110001110011101101000111
10111100111111011110110110100110
00111100010001100001001010100010
10111100010110011000101111101001
00111101100100111101001000101010
10111100001001010100011101001111
00111101001110100001010100100010
10111101101000010011100000111001
00111100011010111101001001001001
00111100110101100100110100010110
00111010111010011101000101100000
10111011001110011010110000110000
10111100110011110010000101101010
10111101000000001000100011110111
10111100010101001001100010110101
10111101000100101000100010101101
10111100111010110111001011110000
00111100011011111000111010010000
10111100000011001010010110001011
10111011111001011011010101100110
00111100000000101111011000101011
00111100110010001100110110101000
00111100100000110001110111111100
10111101000011011011110011011000
00111101100110101001100000010111
00111101010100011111100011011011
00111101001110110111010010101101
10111010110111011000000010111011
10111100100000101111011011100110
00111011000100000011001000100010
00111101000101101001110100111100
00111100110100111000111000011110
10111101100100010001100100100110
00111011000110010010000110001001
00111100000000010111111100011110
00111101011101000000100000101001
10111101000100011110011101100100
10111011010100000100011001101101
00111101010010111110110011101110
10111101000011010111101011000101
10111101001111111001111111010001
10111101011101000000111110011001
10111100000000111111001111101100
10111100000011001111011010110111
00111101010000011011010010111000
00111100001010011110110001000011
10111100101010011010101111111011
00111101011011010010000101111110
00111011100000011001100000100100
00111011110110111001000011001011
00111101101100001110110000111011
00111101010111110101011101011111
10111100000101010100110110000001
00111100000000111100011100101110
00111101001111111111111101001000
10111100100110101011000100100010
10111101001111101000110010011010
00111101010110111110110100010100
10111101000111110100100010111111
10111100010000111111110100100000
00111101001100101000111000011000
10111101000011100111001000110000
00111101010001011101100001011101
10111101100101110100001001111101
10111101000000000000100001111111
10111011100110001101111100010011
00111100010110101110101000010100
00111100111100010001110001111011
10111101100010011110101000100011
00111101101110101001100101100110
10111101001011010100100010000101
00111100111000001000010110011001
10111010001100100001101101010000
00111101001110000101000010001101
00111100101110000010100100011010
00111101001110000110101101100000
10111101001100011010101100110101
00111101000011101000111011001110
10111100111011001001011110000000
10111101010011111000001001001011
10111100100001110001011100001110
00111011010111000010010010010111
10111101011100010110110010110010
10111100100010011001011101011110
00111011100101011010000110111001
10111101100010001111111110111110
00111011100011010011101100011000
10111101001100100011000000011010
10111100111011101000001110111110
10111101001000000010001110111110
00111101001100011011111111101110
10111101000101110001100001110111
00111100101100101100010111101001
00111100111010100010011111000100
10111101000000001010110010001011
10111100011000100000001011010110
10111011110000010011000110011000
10111100101011011011101110100011
10111101011000101110000010101101
00111011110011101010111000010111
00111101000010011110110100100111
10111101100111101100000101100010
00111101100010010111000001110010
00111100110000001010001010100110
00111101001111010001000010111011
00111101001001111101010111010001
00111011010000111001100100011100
10111101101101001101011000100110
10111101100011000110110001010111
10111101000000011101111011001100
10111101000110110001010001001110
00111100100101010011001010010110
10111010101101001010100001111110
10111101100110100010100001110100
10111010010101001011101011000110
10111100101111110011111111000000
10111100110100100000001101101011
10111101011111011110110001001010
00111100000001111001011001100100
10111101001110111111000110110111
00111101100101101011001000100100
00111101010011110010110011001100
00111101000110010100101010011100
10111100111111011111000111101110
10111011110000111011110101011101
00111101100111010000010100011001
10111101010011100000101111100000
00111101001101011111011011000011
10111100101001010001011010110101
10111101000101100000100001000011
00111101001100101110100110111001
00111100111000011011101110111110
10111100110010011001111110001101
00111101100110101111011010000010
10111100100010001111011110101110
00111101101001001001000110000110
00111011000110010011011011011110
10111101000010110011100011000110
00111101100000111111001010011100
10111101100001111011010110100111
10111100001011100011100100100001
10111100100011011111001011010011
10111101011000100010110101011100
00111100111111111010111010111111
10111101000010101010010011011101
00111100110100001111101111010100
00111101010110010011111111101111
10111101001001010111010101001011
00111100000010010100011000000010
10111101100101010111010011000110
10111011100101110100100001011010
00111010111001111001010100110111
00111101100101011100110100100111
10111101010010000101101000100111
00111100101011000100110001111011
10111101100111110111111001000101
00111100110100010001101100010010
10111101010100001000000000000011
10111100011111001001011001111111
10111100100011101100010001000100
00111101010000101100001101111011
00111100100000010011100000001011
10111100100000111010100101100010
00111100001111100010000110100010
10111101001100010001011000000010
00111100110000111011010001011100
10111100010001100111111111010001
00111101100101010111010001001011
00111100101100111110000010101100
00111100101001000111010111111101
00111101100001000110111110000010
00111010101110101010010000001101
00111011011000100111010010010001
10111100110110100101110101001001
00111100101000101010011010111100
00111101101000101011100111100101
10111101010010100100001111011100
10111100010101011111101010000011
00111101010100100111110010110011
10111011001011000101011010000111
00111100110010010010110110101010
10111101101000010001010100000110
10111101101001010100101101110101
10111011111100001001101111000111
00111100111000111001100110000111
00111101100110111010111011011011
00111100010111101110000010111010
10111100100000000001100110111000
00111101010100000001001111001100
10111100011001000111101010101101
00111100011100001110011010010111
10111101000000000000111000000110
10111101101011111110100000011000
00111101101011010011101110100110
00111101001011011001001100111101
10111101100010001000100110000101
00111100010110111100010100111000
10111101001010110111001010101110
10111101000000100110011111011110
00111101000111111000011101110101
00111100011010101011010110100010
00111100101111000111111010010101
10111100101001000001101101101010
10111101100001010010010110110001
00111101010111011100111111011111
00111100100001001100100001001100
10111101010000100101110111001110
10111100101110010000000110110010
10111101100000010000000101101000
10111101001011111011011110000111
00111100001110010011000011000110
10111100101011111001110010111000
00111100110000111111011001011010
10111101101110110110100010001000
00111100001111000001011011111011
10111101001110101011100100001000
00111101100100001101010110010111
00111101000111110100100011010010
00111100100100001011011000110000
10111101000110000011111110100111
00111100011110110010101011011110
00111101011011011111010000100010
00111101101011101010100011011001
00111100000111110100100101111010
00111101000110001010101011001101
00111100110001110000110111110101
10111100100000110001011101101111
10111100101110100110011110001010
10111010101011000011101010011110
00111011110101001001111011111001
00111100111110001000010110010111
00111100101110110111110001101000
00111101010111000100011100111000
10111101000110110101100001100111
10111101000101010011100101010111
10111011100101110110011001100100
00111100001010101110011110010001
00111101100010100100010111101100
10111100101110000110100010001010
00111101000111011100001101000000
10111100111110111011000001000111
10111100010110111100000001101110
10111100100001010000100100101010
10111101010111100111011110000110
00111100100101111000100100011110
10111101011000001001100001110011
10111101010110100010011010011111
00111101001000110111100110111000
00111100110000110100100111101101
00111100101010101100000101011000
00111100011000101110000100001010
00111101100111000010011101001001
10111100010111111110110110000010
00111101000101000010100000000101
10111101000011101110111001100101
10111100101000100110110111101001
10111101000111110110110111011100
10111011101110011111010110100001
00111010110101010010000101110001
10111100100001010000010010110100
10111010001011010100010111010010
00111010100001010010100101110110
10111100010110100101111110100001
00111010101001111000101010011000
00111011110101001100011101001100
00111101001011111011101111101110
10111011110000000110000111100100
10111101010011001110100101000010
10111100010110101010101101001011
00111100000010111101101011111110
00111100001101001010011111010010
10111100001010111110111110010101
00111010011000010100110010101010
00111100010111010110010001010001
00111100001010101111101000011100
10111100101110101101010100110101
10111101011000101100100000011000
10111101101101001100010111101011
00111011110101110001110010011101
00111100111100001100111001100000
10111101100010101011110111100000
00111101000100111111101110011110
10111101001011001111001100000110
00111101000111001001001011101011
10111011100111111000111111111100
00111100101101000100100100011000
10111100111011111110101110100010
00111110000000100000111111100100
10111100100111110101110000001101
10111101011100000111000101111100
00111101101000100111110001100000
10111100101011010010000010100000
00111010100100001111101010110111
10111101011000000111101111011011
00111011110101101101010000011011
00111101000111011000110010100110
00111100011010000010011100010111
10111101100101011110101111100011
10111101000001100101011111000000
10111101001001110110011011100011
00111101011001010111001111010100
00111100101100010010100001000011
10111101011010100001011000010001
10111101011100011110110100101011
00111101011011100011101010111011
10111101011001111110110111101011
10111100001000010101000111010100
10111101100111111110111100011100
10111100110011111111000100000011
10111100001101011110011101001011
00111100110010001010011111010011
10111101000010010001101010110101
10111101010111111010100011101110
10111100101100001011101011011100
00111101000001000010110010011011
10111101100111011010011011011001
10111100111111101000111011001100
00111100010010011010000001110001
10111101101110110110011010001101
10111011110100011000100001110100
00111101000010001101101001100100
10111100101001111000011100010011
10111101001010000101100001100100
00111101000101001110011110001011
10111101100100100010010010000001
00111100111100000100000000101000
10111101000011110110011100001000
00111101101010010000111010001100
00111101001011110000100000111011
10111100001010110010100110011100
10111100011110011001010111100011
10111101001100110111000011110000
10111101010110100011111100001101
10111101000101000111111100110011
10111100111000110111100000011001
10111101001010010101100000111001
00111101101000001010011011111011
00111101001101100101111001010101
10111100110101001101100011001001
00111100100011000001110000101101
00111101010100100001000110001000
00111100011010010110001011000111
10111100011001010110011000010111
10111100101000101010011010000011
10111001010100100010100000101011
10111100000110101110100010001100
00111101101011110110111101111000
00111101010000001111100101111001
10111101010010000011000101001011
10111100100011111111000000110011
10111101010010001001111101110100
10111101001100110101001111111100
10111011110001111100011010100100
00111101101100011101000010011101
00111101100000111000110101011100
00111100110000110010110010111101
00111101000001111001000001101110
00111101001100011110110000000011
10111101001111101110011110111111
00111100010110101111001110010111
10111100111011001111111101100000
10111011101111010011010001101101
10111101100010101010001111000010
10111100111001000101100001010101
00111100111111100011001011001011
10111101000010110100101001000100
10111101010100001111100011101100
00111101001101001111010010001110
00111100011001001110101010011001
10111101010011100110011101010100
10111100001110001110011111111000
00111010111100111010010110110110
00111101000010000101000010111001
00111101100010011111001110110000
10111101001100100000110010010001
10111101001100111001011011100111
10111100110101100100010010010001
10111101010110110101000111100011
10111100000001111111010011001110
10111101100100010101101001101011
00111101000001111011110110111001
10111100111010111100011001111110
00111101000101100111110000111100
00111101001011111010000001000011
00111100000001000011001100110000
00111100111011110010011110000111
00111101101111110010010111011010
00111100111100101010010010101110
00111101100100000001001010000100
10111101001010000111001111101011
00111010111010101110010011001110
10111100110000101111101011000000
00111100000000000000011101111111
10111100001101100010101011110110
10111101001100101010011000110101
10111100000111000000000101001101
10111101011111100110011110111101
00111101101110010101110110101011
00111011010010111110001011111110
00111100100110010111010000000000
10111100111111110110011101000111
00111101101010011111111100001010
10111100110010000001000101101001
00111100101001110110000011110000
00111101000010100101011110010100
00111101010100001010110101110001
00111101100111111011101000111100
00111101011001101100111101000111
00111100110101111010100100111011
10111011110011000101001000010101
00111101100010001101000001001000
00111101101010000111011111000001
10111101010110110100010111111010
10111010111111100001110000011011
00111011000110000010000101111011
00111100001001001001110111011111
00111001001001000100001001111101
10111101000110100010010100100010
00111100000010110111110101000110
10111100101101011100001100001001
10111101100100111111011010101111
00111100100101101001101010011101
10111100000010011101011001110011
10111101011111100101000011001101
00111101001011000101101110101101
00111100111111010000001101101101
00111101000111000100100111101001
10111101001011010010000011101111
10111011101011010010101010001111
00111101100110111110101001001000
00111101011101100111011001011010
00111100100000110001110100111010
10111011000111000110000110110111
00111101010101111011000110100111
00111100111000101011100110110000
00111011000001001110001000010111
00111101101000110110001011000011
10111100110001110011100010001011
10111001010111101000111101001000
00111101000110101000010001111001
00111101010111101111010101100101
10111101100111000100110110111111
00111100001000010110011000010110
10111100110011101010000001100111
00111101010000010111011010111100
10111101100100010001111010001011
10111100010000111111111110111001
10111001100101110001010001001010
10111100111110100111001111110010
00111100110110011110111010001101
10111101110000011011111011011110
00111100111001101000001111101001
10111101100011100001100011001010
10111011100001110011011010001110
10111100011000100100101011001010
10111100110010111011001010010110
10111100010000000000100000001000
00111101001011100001000111011011
10111100110011100000000110010101
10111101101100110001100101110010
00111100100011110110111001100001
00111101100001001100000010111000
00111011111011001010111000011001
00111100010010011001111000001100
10111100010010100101001011000111
00111100110110001100101101100011
10111101100000110101100011010010
10111101101101100010001101000010
00111101001111000000000110011110
00111101100010011100110111011101
10111100110001010000101100011011
00111101000000000000001111100100
00111101001011100100000000101001
10111101101111111110001101000110
00111100001100010000000011000101
10111101010110101001110100110001
00111011101011110101110101001100
10111100101000110111100110001010
00111100110010010111010001011110
10111101001001111010111111011001
10111101000011101111110001110111
10111101100000011110111010101010
00111101010011111111011010110100
00111101001100101100010001000100
00111100110010110011000001100000
00111100101110100101000110101010
10111101000001011011101111011101
00111100111001110101010101111101
10111101101101100101100000101000
10111011100000101110001101100100
10111101001101110011101001110001
00111101000001010000110011010011
10111100011001000110000101101000
10111100111000011001111110010110
00111101000011101110100100011110
00111011011011000111001011100010
10111100100001101000000011110110
10111101100000011010111111111110
10111101011101100001011111100111
00111101100101010001011010110011
00111011101101111101101011011110
10111100000001110111100110000010
10111101010010010111001110100000
00111101000101100100000001100000
10111100100011010111110000011100
10111010000011110001100001111010
10111101101011000111011101110110
10111101001101010010110110100110
10111100110001111100010101111011
10111100101011110011011101110010
10111101001111110011101101111100
00111101011110101011111110010100
10111101011000100100010010011111
10111010100111000001000111001000
00111100110000110100011000111101
10111101011100111001110101111100
10111101000001110010011100010001
00111010011011101010110110010110
10111101110001000001101111101010
10111101011100011111110110110010
00111101101000110010010111001100
10111011100011000001000100000100
00111101001110100100001100111111
10111101011111011001011011100101
00111101001111100010000101110001
10111100111101100010111010101001
00111011011100101100100011110011
10111011010001100101001100110111
00111100111000000001110010001101
10111101011110000011100111101111
00111101101111101011001011011001
00111100010101111110001010000011
10111101001010101110100000111101
10111101010110100110000011011010
10111101000000000111000111011001
10111101000111011011111110000000
10111100110011110110100000100110
10111101100011111110010001100000
10111100100001011011101100100101
10111100000011111011110101011001
10111100101110010001111100011010
00111100011111101101010001000110
10111100000011001010011000001110
10111101000000011111100110011000
00111100111110011101111010101001
10111100110100101011011110111010
10111101100011111111100100111111
00111101001011101100110000010001
10111100101111000110111010100110
00111101000110011001101100001100
10111100100001010100101011100110
10111010011110000001100101100111
10111101100011101011011101111011
10111100011101111001000001010110
00111100111110010101101011001111
00111010101101001110000111001100
00111101000011101010111100000010
00111101010011001010100000011101
00111100111011111000110011100010
00111101101000011111101010101100
00111011111000000110100100100001
00111011110101011000001110011100
00111101101101111110001010010111
10111100011101000001111100001001
00111101011010111111101010000111
00111100100000110101011010101111
10111011101101101000101100101111
10111101011011010000000101111111
10111100000111101011111111111110
10111011111100110110100101000110
10111011110111010110101100100011
10111101101101101111001110111001
00111101000111100100010101110111
00111100100010000000001011001100
10111011011011111100100111011000
00111101001000101100010010011001
10111011110001101110001110100011
10111100111111001101101010001011
10111100000011101010010000100101
00111010000111100100011000101100
10111100101000001011101101110010
10111101001110001011101101110110
00111100010110011001110010000001
10111101010101001001101111111101
10111101001100110101111111101110
00111101000100100001100100011010
00111011100011111001101011100001
10111101011100011001110000101010
10111101000100000100010000100110
10111101000001100011100111100111
00111101100011111010000100011001
10111101000011101110101010000110
00111101100000010000101001011001
10111101101111000110111011100100
10111101100100010101001101011000
10111100011100001010000100110010
10111101000100011110101100100111
10111100110001101101100111100111
10111101011100101100001101110101
00111101010111111000001101011111
