10111101100101100010001010010111
10111101111100011111110000010100
10111101010111001111000010100100
00111101101000100000011010111011
10111101100001001011110111011000
00111011000110110111000010010010
00111101001011110100001010100011
00111100100100100011111111011111
10111101011100100110100010001101
00111100101001001001100000000101
00111100101100111001110001100111
10111010110010001001110111001011
10111101011010011000010001110101
00111101001010111011101011101000
00111101011100111110011101011010
00111100100000111001100001111110
10111101110011101110011110010000
10111101011110010100101011100101
10111101100000000101000010110110
10111100101101010100110011100101
10111101010011100111100001110100
00111101100100000110111000010011
00111101011001110000111000101010
10111101000001101001001001110011
00111100100111101010110000011101
00111011001001010011111000100100
10111101100100111100011001101011
10111100111111001111110111111011
10111101100011011000101110100010
00111101100111011100111001000111
10111101101001000000000100000100
10111101010111111101101111011111
10111100100010001010011000011110
10111100100110111101101100110100
10111101001111001111001011111101
00111100010101110100111000111101
10111100100101100001111110110101
10111101001110011110100001100001
10111100000010001110110100000000
00111010110011001000110111101101
10111100110111000110100011110010
00111101000011001100000101110111
10111011111110111001011100110101
00111011101001100010111000010101
00111101010100010011100110010000
00111101010000111010000001011110
10111101001100000011111100000110
10111101000101110001100100110110
00111101010001010110000101011011
10111100110100101111111110110111
10111101010010000111001011001110
10111101011110011000100110111000
10111101011110000010110000100110
10111101101100010111001101111000
10111101000011001111100111001101
00111101000011111111000110010001
10111101100100000010010010010101
00111101000111110100101011100000
00111101011000011010110111101111
10111101100100100010111001010001
10111101101101101100100001001110
10111100111000000000111111110110
00111100110001000101100111000111
10111100110000000001011111111100
10111011111010101001011000100000
00111101001110011100111000000000
00111100101011101110011001010001
10111101100110100010100001110110
00111010010000111110001011100001
00111101010110010000000010110110
00111101001100010101011100111010
00111101000010101111110100100101
00111100100010000100110100010101
10111011011011100101000100001001
00111100001100000110001010111001
00111011101111011000100101010010
00111100110000100010010111011001
10111100010000011111000000100000
00111011011100011111101110100101
00111011100111100101100011010101
00111100111111000100000010001100
00111011101000100010111111010111
00111100000011111001101100011110
00111101000100011011111011101000
10111100010110111000111001100111
00111100110001001000101011100001
10111100010011011001010101001110
10111010111100000011011000111100
10111100000010110101101000101010
10111100100011010101011111010001
00111101010101001110111010100110
10111100000101100111100100110100
00111101011011001101110101111000
00111101001101110111100000111111
10111101100100100100010110011010
00111100010111100000000111011111
00111011111010001110000000000110
10111100110010010000101010101010
10111101001100000110100000011000
10111101101101110110111110010110
10111100110111110111100000100100
00111100101010001000011111101110
10111101011100010110001001111101
00111001101010011010000111101010
10111101000100010110101100100001
10111101010101001011011010000101
10111100110101111101000101110110
10111101010000100001100000001110
00111100111001011001000111011001
10111011000001001011100110100101
00111100110101110101111101100111
10111100011010111101101111101000
10111101001010111110100001111001
00111101100101000111010000000100
00111101011000101101010101000011
00111100100110101001001001000010
00111101000011000010111010110010
00111100100010110101001101000011
10111100001111000111100101001111
00111101000011011111111010100110
00111101010001111111101110010011
10111100000111000001000100110110
10111101001101100110011001010100
00111100000010010110100001100011
10111101001010110011011001111110
00111101001111110010000101010010
00111101100110110010111011011010
00111101011100000101011000100011
00111101001100110100111100100101
10111101001000000000110100011110
10111010111101000001011010000001
00111101000010101000111011101001
00111101101001010100011011010100
10111011110101111111000101011111
10111100011011011000011101111000
10111011101000100001010110100110
10111101010111100110011000111001
00111100110110000001010110111000
10111101011001101111111100001001
00111101100111011100001110110011
10111101100010111101000001001111
10111100111001010111100000010110
10111100111001001010111111001010
10111101010101100010100111110100
10111101000101100101110100010011
00111101001011011010101011100100
10111100100110010110000100011101
10111101100011010110101000110100
10111100100101000100100111010101
10111101100000000010010100011111
00111100101101001000110101110101
10111101010011110001011101010100
10111101101001100011000111100111
00111101110000010010110000010000
00111011011111011000010011100011
00111101001011111000111100101011
10111100100100100010010010000001
10111100100011000001110111000111
10111101010100101010000101111011
00111101100111111010111111111011
10111101001100001111000011010010
10111101111000011000000001000100
00111101100011100000101111100000
10111011001110111110000000100101
10111100100110010010011001011001
10111101001111100010010101001100
10111011100000010111101101100000
10111100110100101100101100000010
10111101101110010001000110101001
00111101000011000010001111111001
10111101001100101011111100011010
10111011101110010111001111110100
00111101100101100101010010110100
00111011011101111100001011110110
00111101001100111111011111110110
00111101000000111000010110010101
10111100100000001001100010000011
10111101011100000011100111100111
10111101100001100111010111011011
10111101100000111001010110101001
00111100111101001110110010111111
00111101101111010111110010110000
00111100000111011111010111001100
00111101010101101100111011111111
00111100001011011001101011111111
10111100000111001101100001110000
10111101010111001111100000001001
10111100100011100001101101100010
00111100001110100110010000010110
10111101100100110100001000100001
00111100101110110000101111001110
10111101000100000110110101011111
00111101000010000000100111100000
00111100010011100111010101110110
10111101001000101110011010010010
10111100010010111100000001000111
00111011100100110100110010101000
10111101100010101110100101001000
10111101001011000110010111011010
00111100001010110000011110010110
10111101000100101110101111101111
10111010110110111110101001010111
00111101010000001110100110110111
00111101011100100000101111101010
10111011100111100010001101110110
00111100001001010011011010001010
10111101000101010010101110001100
00111101100001100100001001110100
00111100111011000100110010111110
10111101101101101011001000001011
10111100110100010101110000101111
10111010100111001011010111001101
10111101000101000100001000010111
00111101011000011110001101001011
00111101010000110011001110111111
00111101011111100010100000000001
10111101011100110000101011101010
10111101100000001010011111101010
00111101011001111000011101111101
00111100111110110101011110100001
00111101100000000110001110010101
10111101000000101000110111000000
00111101101111001101001111010110
10111101000100000001001101101110
10111100100100000101110001000001
00111011110101101000000110000110
10111101101001110110011111000001
00111101001000111010111001011000
00111100110011011011110000110111
10111100111001101111110001111101
00111101101111011111010110111010
10111100110101001111110111001001
00111101101001101111100000010001
10111101100100000011010001100111
10111100001110101110101010001101
00111100100011010100100110011010
00111100000010010011010111100111
10111101000000001001101111110101
00111101001010000011100101100100
00111101000001011011010011010100
10111010101100001010111110001000
10111101000101001010100100000101
00111101001111101011011111110001
10111100100101101001100011001011
10111101101010010011001010111000
00111011001000110001011110000010
00111101001110111011111101011001
00111101010000100101111101001110
10111101000110111010001001001011
00111101001100000101011100101010
10111011111100101010010001111011
00111101000001010111110001011010
10111100100111001001001010010000
00111101001011010011101101101001
00111101001101101010010010010010
10111101000111001011000010001011
00111101011110011011010101000110
10111101001000101000101101011010
10111101100111000100101111110111
00111100101010011011101010110010
10111101001110000100011101010111
00111100110110011100111111111010
00111101001011100011110001111100
10111011100100000111001110011110
00111101001011011001111100010110
10111100110010101101111010001111
10111101010111010110110010000001
00111101010100110000111111010001
00111100000001011011111000110111
00111100110010001000011111010101
00111100100001100111000111100010
10111100100100001000001010111010
00111100010010000110111101100100
10111100000110110001001011010011
00111101000111011111001111101100
00111101001110011001101010000110
00111100000100110111100100000100
10111100010110011000001110100001
10111101010001110010010101101111
10111100101100010100010100101011
10111101001100011011111111001010
00111101110010111111101000100101
00111101110010011000110110001001
00111100101111011000011011101111
10111101000110110011100100111110
00111101101010111010111000110101
00111101001101101101110000010000
00111100000111100001110101100110
10111101101000011001001010000000
10111011110100000011101100011101
10111010110000010101011000110000
10111101101100101011000101100110
10111101100000011101110110101100
10111011111100010100110111011101
00111110000001111100011100010011
10111001110011000111111100101000
10111101000001010011100111100011
10111101000001111111111101010111
00111100000111110111100101001010
00111101001110001100110111001110
10111100110010001111101010000100
00111100101111010001000001110101
00111100101110010101100101110100
00111101000110110011111001101001
00111110000100001100011011011101
00111101101011000010010111011010
00111101011110111010010101100101
10111101100111010010001000100011
10111100101010000001110110101011
10111100001000101111111111010101
00111101010011010011100000010111
00111101010101010011100011100111
00111100111100110011111011001100
10111101011001011110111011101011
10111101101111101111011010000110
00111101001000001110110010001101
00111011110010100000110111100000
10111101011110001010011101110001
00111100010100110100000000011000
00111010001000101101010000100111
10111101011110111011110011100110
10111101010111011101110100111000
10111101000001111011101010111011
00111101110010110001111011010001
10111101101011001111001100110100
10111101001110110001100100111111
00111100000001111111100110010100
10111101001101111110100000101010
00111100000010110111101001001100
00111101011011101101101111110100
00111101010101000100100111011001
10111100100101001101011011110111
00111101110000011000110101101000
10111101011000100010000011100100
00111101011010011010010111001001
10111101100110111000000010011110
10111101100001010000000111010110
00111100110101111100100100010111
00111100001101100000110111100111
10111110000001101001100001110101
10111101101001000111111100011111
10111100101100000011110011001011
00111100011111111011101110010111
10111101000010100000111100011101
10111100101010000010111011001101
00111100110010101100100111010100
00111101100010100111001100111000
10111100011100111010001010010000
00111101111101100101101010111001
00111101100100000001100001011111
00111101100100101011111000101110
00111101000111000011110110011101
10111100100100010001111100100001
00111101100011111010010100100110
10111101000101101101100111010010
00111100100010000101001011101100
00111101100111001100110110001010
00111100101111010000100111000101
00111101010000101111010001111110
00111101011000011010001110111001
10111101001101001101010111101110
10111010100101110100111100000111
10111101011111010111001110011000
10111101110101111001001101110111
00111101000101101101110111100000
00111101001101110011000001001011
10111101010111111110000100010111
00111101010111010011001111100111
00111101110010100111101011100000
00111100010100011111011110011011
00111101000010011111011100101011
10111011111010110000000110111111
00111101010110101110001110001011
00111101011110011000010010101010
00111011101011000110001100011010
00111100011011100101011100001000
10111100011010101001000100111011
00111101010001001101101101111101
00111100100000001000111000111011
00111100010000110010001000111000
10111100001100001110000110011010
00111101011010100001111011110010
00111100010011101000100000111011
00111101100110000100101111010010
10111100110000010110011100100111
10111100110010111011100011101101
00111101010110000110111011000010
00111101000111000100010111000011
10111100100111010001000110101101
00111101000110000111100011100100
10111011110010000100010100000011
10111100101110100110011111001100
10111100111010111011111101100100
10111101110011101010101100110101
00111110001000000100110100101111
00111100000011110001001111000001
00111010100110101110111001111100
00111100011101110111000100000111
00111101011110110000000110101000
10111100101010111110001101011100
10111100101010010111100110101000
10111101100010001011011001111111
00111011101111000001100100100011
10111011111101001011111101110110
00111100111011110110111110000010
10111100010010001010110111110101
10111100001011111100010000111001
00111011100010100011110010111101
10111101011011111101010110001010
00111100010001101100010111110100
10111101101011001011011101011110
10111100010000101000101001111001
00111011001011111110001101010101
00111101101011010011111001111100
00111100110011010101111001101010
00111101101011011010101111100011
10111101010011110101100011001100
10111011111100101000010100001011
00111010011001000001000000111100
10111101101010100111111000110000
10111101111111101100011101100010
10111101001100011100111100100010
10111101001101111111100000111000
10111101001000100000011011111111
10111101100000000111010101111000
00111011101100000100110110100110
00111101110000011100010111110110
00111101101100101111011011001110
00111100000000100010111010111011
00111100110100010010011100011011
10111101010001100110000101101111
00111100110001111100100010001010
00111101001010100111010111001100
10111100011000000110001111000000
10111101100111101001011101011101
10111100001101100111000111000000
00111101001010001000110101111111
00111010101111110000101100100000
10111101011101011100000100010011
00111011100110000101010010101011
00111101101000010101111101010101
00111100111011110111110010101110
00111101101011001100110000111100
00111101101011110111111000011101
00111100110001011110010111101000
00111100101110010000001101011111
00111101110011110001010111010111
00111100010010010010011110010100
10111100111000011000000011101111
10111100010011101101001101001110
00111101000011010111101000111100
00111101001001000111001010110010
00111101110101110101011010100011
10111101000010011101011100001001
00111101000111110011011000010011
10111100101011001000100010011011
10111010110100111100100001100111
00111100011000100110001001001111
10111101011001111000110100100111
10111011100100101110010101110011
00111011101000010001011110000010
10111100100001001001001100001000
00111010100111101010010010000110
10111100100010101011010001100010
00111100010001110010010111010111
10111100111111111100100110110001
10111101011110110011011010001100
00111101100101000011001010000110
10111100111110101100011001000110
00111011111100011100001100101110
10111101110010001110100101100101
10111100001011011100110011110000
10111101010010000100001111111001
10111101010000100010000011010000
00111101010101010010010001001010
10111101000100111110001100111101
10111101000010000101111011011110
10111101110010101110011000100101
10111100101011000000110011001100
10111101100010000010100010010100
00111011110110010111110100000110
10111011010111100000110111001010
10111011011110001010001110000111
10111101100111010010111011110001
00111101000101101010001000111000
00111101100010101110101011000111
00111100010111111101111011110010
00111101100111101101111011010110
10111101010101011111111111000000
00111011110000110111100110011111
00111101100011110010110100010100
00111100011010110010001010010100
00111101010101000010000110010101
00111101101011101011011111011110
10111110000001000010101101000100
00111100010010010011110100100010
10111011001000011001011000001000
10111100011011111110001110011101
10111100110111111010010101110011
10111101001101101000101001110100
10111101000001101101001101001000
10111101101001000111101001010100
00111011100001010101001101100100
10111101000111110110001110010000
00111100101001001001001101000110
10111101110010101110110110001011
10111101010000000110011001111110
10111101100011001011000111110010
10111101110010110010110011011111
00111101100100001011001111101010
10111100010010111010111011111110
00111100100111000010001001100010
10111010011000110000111101111111
00111101000111000001100010100000
10111101101101001010001010101001
00111101000010010111000100111000
00111101000011011111110000111011
00111101001011110110111111001111
00111101001101101111010100001100
10111100010111010101100111100001
00111100100001000001100111100101
00111101101001110100000100011101
10111101000011100101011101000011
00111101101000101000010010101001
00111100100110001000110100100111
00111101000011000111110101110001
00111100010111100111000110110100
10111011011001111000001110100011
10111101001011010111001011001110
10111101001100001010010011101110
10111100111100110101000101000001
10111101000001011001001100101101
10111100101111001011110000010101
00111100001010010000111001001011
00111101001000011011001000010111
00111011111101000111111001011000
10111101001000011111110001001101
00111100100111110111100110100111
00111100101001111001100001000011
10111100000000000111100100010010
10111101010101001110100001000010
00111100100010001101110011101000
00111101110000011100101110010010
10111101001101011011101000100101
10111101010011000000010111011011
10111011100000101101100011001101
10111101100011100010011000111001
10111101100000011100011111010011
10111011110101010000100101100001
00111101101111100010001101010110
00111101111000101101111001001001
10111011111101111011100011111111
00111101010111010011110010101111
00111011011000011111001110110100
10111100010001100000100000010001
00111100101110100100000000111101
10111100110110001011111111010010
10111011000001010111111101010000
00111101011000111111001111100011
10111101100100001100011010101101
10111101110101001010001010011000
10111100011010001001011100100100
10111100110000000001101110100010
00111011100011101111001110010100
00111100110100100010111011101011
00111100110001111111100010000010
00111010110100110111110100010110
00111101010110101001100101001010
00111101010011011100111111100101
10111101001100111110101000011000
10111100110100100101001011100101
00111100111101010110001111110011
10111011110101110011000100110001
00111101000001101010001001110101
10111101000011111001111001110101
10111011001101000001001110110010
10111101011111001110101101000000
10111100001101110000010111010001
00111101000011101101111110110010
00111100100011111011011001100101
00111100000100111010001101101101
10111011101100000010010110101100
10111100001110001011101110111001
00111100110000010100000111000010
10111101001100111101011100011001
00111101101110010111000010100100
00111101000001100101111111110110
00111101000101000011111010110000
00111101100110100001001011101101
10111011001100100101110010000001
00111101011000010100111001001010
00111101011110101010100101001110
00111100000110010010110111010111
10111101011000111011000110000010
10111101001011011111000100011101
10111100011000111000111010011000
00111101111000110000000111100010
00111101001000000010010001100110
00111101100101010000100110010011
00111100111001100110010011011011
10111101100100100111011011011100
00111101100111110111100000001010
10111101001101010111010001111010
00111001110101010011011000111110
00111101000011101110011101101110
10111101100110110111010011100001
10111110000000111010000100110100
10111101001000101000101011101011
10111101101010001101101001101111
10111101010101001011111101011101
00111101100001001100111011000010
10111101100000100110001100000101
10111100001000101011111000001010
10111100101001101011000111000010
10111101100001110010000111101111
00111101100101111000101100001010
00111101100000001000110100001100
00111101100000010101010100100110
00111100010001000110000110101111
00111100101011001100011101110010
00111011100111100001010101000100
10111100011011001011111001001011
10111101111101010001100000111011
10111101010100010001000110110001
10111101101100101011001101010110
00111101011010110001010101000010
00111101101111010100011000001011
00111101001100101100110011101000
00111101001010000110110110010000
00111101001001101011110100100000
00111011011100001010110001011000
00111100011000110001110011000110
10111101101011001010100111011010
10111101101101100101110110010000
10111101100010110111000111001001
10111101101110110000000001000111
10111100000010110010001111000101
10111100100000101011010000000010
00111100101100000001011000011001
10111101001010010100011010000101
10111100110001110101110110000001
10111101100010011000011100001100
10111101110000010001111011101101
00111101000011111111100000000111
10111100111001001000111100000110
10111101100000111100100100001110
10111101110101100000011001110110
00111100011101000111000011000110
00111101100110101010100010110100
10111101011110101111111110001011
10111011111111100100101000100110
00111010100101011000001100111110
00111101000001101111100110010110
10111100110011110100000001001101
00111101000100100100111101101110
00111101001100000110011000000111
00111011110000000101010111110111
00111101011100110110010011100001
00111100111011101100000110000101
00111101111111000111000111010101
10111011010101111011110101110101
00111100011110110100101110000110
00111100110011101101110101001010
00111100011010110000111011110001
10111101010010000001100000100010
10111101000001011001011100011000
10111101100011011101101001000000
00111101001100001001010011110000
10111101010110111100111101100011
00111101000110110111110110100000
00111101101000100010110100110001
10111101010010001111000101010110
00111100101001001010101101110101
00111101011110100001011001110110
10111011001000101111010001111111
10111100100111001011110000001001
00111101000001001011101011100010
00111011101001111101110011101100
10111100100110011010101000000010
10111101010101111011110111011101
00111101101011010010011000100111
10111101001011010100010100011001
00111101011010001010111110000100
10111101100001101001110001010010
00111101001101110010011111000011
00111101101101110110010011010010
00111011110010000011110001100111
10111101111101111101100110000010
10111101101001100001000100010100
10111101100001111001110100100000
10111101101000111010110111101010
10111101100101010100110110001101
10111101000111010001101101100101
10111101011101110101110111110001
00111011111101001001111100100101
00111100001111011100101110001000
00111100111101000111101010111100
00111101100011101111000100011111
10111100100100001011101100101110
10111100111111100000011101000110
00111100101100001100010011000000
00111101000011100101010010100000
00111101010111011111001100011110
00111100110101011110010110000001
10111101010101011111100110000000
00111101010011100110101100000010
00111100101010100111111101100011
00111100111101011011111111110110
00111101010100011001010100000001
00111101000010110111000011010000
10111101000111000100111100110101
00111101101001000000110111000011
10111101011100010101001110010010
00111100100011100100001101000011
10111101000011111011010101010100
10111100100101000100000100011100
00111101001011000101010000001111
10111100010001011100101010000001
10111101001000101010100010001011
10111101000100110100101111001110
00111011111001000000001111110100
00111101100000100011110001101111
10111000110011000010011010000010
00111100110110110011001100000011
10111101100001101000011100110010
10111100101010011100100001110110
10111100100001101100101010000111
10111101001111000001010111100010
10111101111110001111111101011111
10111100111100001110011110000101
00111011000101101100011011011100
10111101001011010000101111011100
10111101000101000010110010011000
00111100101011000100011011011111
10111101010001111110101110111000
10111101001001111011111000000101
10111101100011001011010110000111
00111101000011111001001101000111
10111101100011100011000100111111
10111100010001010101101101110010
00111110000010110011000010000010
00111100100010101001100100010010
10111110000010001111111101110000
00111101100110010111011111001010
10111101000101110100110000111001
10111110000010111000111110000011
10111101000100101010100011110000
10111100100000111110000000101101
00111101100110011001001001000001
00111010110000001100001100011000
00111100011110110011110001010101
10111100100000100000110101100010
00111101010001100110010011011100
10111100101001011001011011001101
10111101101000001111110111111101
00111101110011000001110101110111
10111101100110111101000110111011
00111100110010101101001111111101
10111101100010110111101111111010
10111100001001011101000001110010
00111011101111001101111001110001
00111101110000101000100011101000
00111101101000100001011011100101
00111101100101101000100101000001
00111100100000010110111000000011
10111101010100101011000010001101
00111100100001010111011000110101
10111101101101011001100101111011
10111101110111010010001100100101
00111100010001011001111010111011
10111100100001111010011010101010
10111100111110110100111101111101
10111011011110111001000100001011
00111101011101110101101111000101
00111100001000001010001000111001
10111010001111110111100101111111
10111100110001111001101111101001
00111100110101111010000110100011
10111101100011111101111110111011
10111011111010101100100011110100
10111100110001100111101101100100
00111100111001001100011000010100
10111101011001000101001010001111
10111011110111011011010001011000
00111101000011100011001001110011
10111101110000001001101001100010
10111101110011010110011000110001
10111101001001001000001010101110
00111101000011011100101001110101
10111101110100010110111001101010
10111101110101100101001001001100
00111100100110101101110101100111
10111101000000000001111110011010
00111101010001100100111001110010
00111110000101011000000011101011
10111101011101100101001000000001
10111101100101010110011000101001
00111101110011010101110000011010
10111101101001101011110100111001
10111101111101111000011111111100
00111100100001001111010111001001
10111100110001111000111010001110
10111101000100010011111111110111
00111100011101000100010100111001
00111101100111100110110001001111
10111101010011101000011011000001
10111101001110000101111000010100
10111101000110100010100011110110
00111101100010010000011010101001
10111100011111100001011000101101
00111100000110011111000001011100
00111101010011001011101110010001
00111101101100100110001001010010
10111010100001011111111100010111
00111110000011100101110110110010
00111101010111010111101011010100
00111101100011000001101101111001
10111100111001110100000001010000
10111101110001110001100001000101
10111101000111010110101011010100
10111100101001101001100011011001
10111101000110100011001100100000
10111101100001010001011000001000
10111101100101101010000111001100
10111101101100101101000110100101
00111011011110001001110110111011
00111101100011110110100010111001
00111101000001011101110010111100
10111101010011111111101100101010
00111101111010011101001010101010
10111101011110001100100011000100
00111100110000110011111011010100
10111010100000000001001100001010
10111101001100010010000011100111
00111100111111000101001100001100
00111100011110001000111000000010
00111100100010011010110110100010
00111100001110001110110000100100
10111010110111010100100001111111
00111101000000011011010101011001
10111100111011101111101010001111
00111100111101010000010111111111
10111100101100000111101011000000
00111101000000101001000100110010
00111100100110011111100010010111
10111101010111011011010101010011
00111101010111010110101111000011
00111100100001000000101111100001
00111101000000111111101000101010
00111010101001100100011010010001
00111011111010011011001010000010
00111100111010100111010101001011
00111100001111111110000110111011
10111101000110000110111000010000
10111100010110101111001010001010
10111101001100100010100101000010
00111101000101011101100111001110
00111101000000100010000010100110
10111011111011110100010010101110
00111100100001011110011010001111
00111011000101010100010000000010
10111100100101011000000000101101
10111101010010010000001110100011
10111101101101101101110011110100
10111101001011000111110100010101
00111100010010010011001101000110
00111101001001000110001000010011
00111101000111111000011111100011
00111101010101000001100010001001
10111101011111011011110010111110
10111010001101110001100110001000
00111101001001111011110110100010
10111101011110100000000001000100
00111100110110100011110001011101
10111011110100000010101111100110
10111101100011100011101110001011
00111101010010100001010110111011
00111101100000100011001001111111
10111101110100011100100011100000
00111101010110010111100100010100
10111100010011001100101101110100
10111100101011011110100110101100
10111100001001110110010000111111
00111101001100111110000011110111
00111101011100010110010000110110
00111100010000111101001111001001
10111110001000110101100010011101
10111101111100100001011101100101
00111100101000011000111011111100
00111011110000101001011111110100
10111100011010100011000101010101
10111100100011110010110011100110
00111100110001011011100110000011
00111101110110110101111110000001
10111100001011011000111111011111
10111101000100000111111100011010
00111101111110000101111010011101
00111100101011110100010111001111
00111010001010101011000000011101
00111100011111111110010011110111
10111100100001101100010110000110
10111001110100011000010101101100
00111100101011110101110010101001
00111101000100001001011100111111
00111101110110111011101111001110
00111101001001110010100011101001
00111101011100110010100101100001
00111100100100100010001000111100
10111101001111110110000101000011
00111101100100101011001111110011
00111100000010100110000111111111
10111011010000100101010000100110
10111101000100110001111111001010
10111100010101111111101110010011
10111100101100101101110000010100
10111101000000111000000111011100
00111101000101101100101001000000
00111011111100010000000110111111
10111100110011101101101011101010
00111100010100000111000111010100
10111100010000101100010011011110
10111011000011110101100110110101
00111100100100011100000100011001
00111011100110011000101000110101
00111100111111110010101001111010
00111101010100100111011111010100
10111100101101011001111101000010
00111101000000001010010010101000
00111101011100001101010111100100
00111101000000111000110110101011
10111101010110101101101000011110
10111101010000001000010110101000
10111100000111011001000000001100
00111101011000100110110010110101
00111101010011111111001010010000
00111100010011001101100001100011
00111100101011101000110100001000
00111101100101000111001010110001
10111101100000010101101110101000
00111101001101100111110010110001
10111101101011001110001000011010
00111101010101111010000100100000
00111100101100111010000000010010
10111100100100011000111101100111
00111101010100010101110001110101
10111101000011001011000000100110
10111100111100011110000111000100
10111101111010001101100111010000
00111101100101110010011000000101
00111101010011101011010001101100
00111100101111001101111100111101
00111100111100001000100101110000
00111101010000110100110100100011
00111100110101001101100110010001
00111100110011111011101110101000
00111101100001111101001010111010
00111100111000110001110101010010
10111101001001011110100011000011
10111011110111001101110011011110
00111101000000001000100101111001
00111100001101110101011011101011
00111101001011001111000101100001
00111100110111111101100111001011
10111100110010010101000110100010
00111101111111111000100000100101
10111101101110111010001111101100
10111101100001011011101101010010
10111100010110011001001111010011
10111100100001011010111011011100
00111101001010001000110100000101
00111010111010010000011000110111
10111100111100001001001001010010
00111101110010110001111000001101
00111101001011001001000101010101
00111101001010001001101001111111
10111101100110001001000101000000
00111100101100101101101100100001
10111101011001001101000100001001
00111011101101011001110010001110
00111100111111001010001110011010
10111011110110001100000101111001
10111101110111011000100110100010
10111010000000010011011000001001
00111011110111011000001000100100
10111101101101010000011111100001
00111101001001100001101010000100
00111100111001011111010100110000
00111101011001101000100101000100
00111101100001001010100101110000
00111100100010101010111001110110
10111101000000110111001110111111
10111100001110010101100100101010
00111101010011101011000110110010
00111110000100111101011111100111
00111101101011000101101010011011
10111101110111100110101101101010
00111101001111100001001011101110
00111011100011001011011111111101
10111100110000101110001011011100
10111101001011000000011010110000
10111100011011011011001000110011
00111101100100100100100110111111
00111101100001100100011011000110
10111100101100011010000101001100
00111100110101111010011011100001
10111100110101001100010011001110
00111101001000010001011011000100
10111101001001110010011110000101
10111101000001100011001001000110
10111100011010100101110011100010
10111101100010000010011011100100
10111100101100010001101000101110
10111101101000010101100101001100
10111101010000000101010011010000
10111101010000010110100100101001
10111011111101111000111111000011
00111101101001000011110001101000
00111100111000101000011111000110
10111101000110101110010011101110
10111100001100111001001001111001
00111101000010000100010001001010
00111101011100011010100001110011
00111101001000000011011001110010
10111101100001110011001110111001
00111100100010110001010101001011
00111101000100000110010110110111
10111100000111011101111010011001
00111100100101010011101101011010
10111011101000101110111110110100
00111101110100000000101000000101
10111101001001000101110100101000
00111101100010011100000110110001
00111101000100010111001011010000
10111101000101001101001111100110
10111011111100001000000111000011
10111100110110111011010100111001
10111110001001000010010011010110
00111101010000101001010011001101
10111100011100010100101000001010
10111110000101010011101001000000
00111101100100110001100001101000
00111010100100110000101111111001
10111100010000001100111111110001
00111101001100101011101110100111
10111101101000100000010111101011
10111100111110110000000011010100
10111101010110100011101111111100
00111100010010000110100001100111
10111011111011001101110010000001
00111101100000000101011100000100
00111100110001111001010011000011
00111101101001000110000111010100
00111101010000000101010000001111
00111101101011101100000101100101
10111101000011001011000000011100
00111100111000001001100001110010
00111100111001010100111011011110
10111101000100010010110100001000
10111011011100100100111110110010
00111101000110001001110111101100
00111011110001010111000011001111
00111101101001101010111101000010
10111101100000011000100100001010
10111100111110010011110101100111
10111101100100100000011001111011
10111100000000101101000110111000
10111011111110100111101111010100
10111100011110000111001000011100
10111101001100010011111001010110
10111011101000001111100110001000
10111101100101000110110001001000
00111100100011010000100000010001
00111101001100010010001001111111
00111101000111011000010100001111
10111010010100101011001001111010
10111101000011110110110111100101
10111100110001010001100011111110
00111011000110110101100011001111
00111101110001011110011110010011
10111100111100010000100100001101
10111100100101001011000000000001
00111100100111101100010111010100
10111100110011010110101000010100
00111101110000000111110011001101
00111101011101101100010011101110
10111100101000011010100010010010
10111100001100100100011110100011
00111100110000010000111100000011
10111101101110011110011011101000
00111010101100000110111100001000
10111101001000010001000101011110
10111011110010000111001111101100
00111101100000110000110001001110
00111101001101000110001100010010
00111101101111000100101000010110
00111101101101100111000100000101
00111101001110111101001011111010
00111101101101011111111001111001
10111101001011100111100111110101
10111100110101110011111001010011
10111101100110011001010000101100
10111101100000000010011111111000
10111100010110100101001100000111
00111101011000000101010101011000
00111100111111001110100111010001
00111101110011010000110111111110
00111100010010110010100111010001
10111100011010100101110100010010
10111011111011001110000001110000
00111101110000110010100111001110
10111101010101010011100000111001
10111011011000101010011010100100
10111101100001011011000110001011
00111101111111110000101110010010
00111101110010010100111001110110
10111100010100110010001010111100
10111100101110010110101101010100
00111101001101011111101101101011
00111011101111011111000000111111
10111101100101111100111001001100
10111101110100010010010001001011
10111101001010111010111101011011
00111101011011001001111101111110
10111101010001011000000100000100
10111011101101111111001011100000
10111100110111101110001110011001
10111011000000100001100110110011
10111101001001110000101001011110
00111101000000011111110101110000
00111101101000100000111011010110
00111101110110100011001100111000
10111101111100011100101000011000
10111101000100010001011000101001
00111011110010001110110000010000
10111101100000101101110110011010
10111011011010011001000101111111
10111101000010101000011011010100
00111101001110000001110011110010
00111101011100110111011111000010
00111101001011011101100100111001
00111100011110001001000101011011
10111101011100110100110001010111
00111101111011011111001000100100
00111011101101011100001001011000
00111101011111000100000011000011
00111000100010001001110101000010
10111101100000101101100111101011
00111101100101100110011101111000
10111101010011000011100101111010
10111100100111010011111110110000
00111100111101010000011111101010
10111100101001011100011101110100
