00111100000111001001010101101001
00111100000100010000111000101011
00111100111011010011111011101111
10111101000101001001011010000000
10111101100001001001100010111000
10111100111110111101110100101100
10111100001001011001011010100111
10111100000110011111010101110100
00111101001111010101010110001011
00111101100011111100010010010011
00111101001110000001101010100110
00111110000000011010001011100101
10111100001000000110001001110001
10111101011001010010010101100011
10111101001101110100100111101000
00111100100010110010001100000101
10111101000010111101000010001100
00111001111101010011100111101011
00111100100011001111110101101100
10111101111001101000101110111101
00111101110110111100001100000001
10111101001100010100011111001010
00111101000100001011101011111000
00111011100001001101000000111100
10111101011111001001010011011000
00111011100010001000110101011110
10111101111010001010000010110011
00111101010110111111110110100011
00111100110100101000011100011000
00111101010100001010100010010011
10111101011000101100011111110100
00111101100000111000101100011011
10111011101010011111001101100010
00111101101100000111110010001011
00111101001000011001010110111011
10111100001101101111101100001101
00111100100010100101110101101001
10111100101100101001101011001110
10111101000100011101010010010111
10111101000010010000011000111101
10111100110000010110000011100100
00111101001011110100000000001100
00111100101110100000001101001101
00111101100110010100110100011111
00111100111000011010100011110000
00111101000011000000110010011110
10111100011011001100000010100111
00111101001000000010101000000100
10111101000000110010000110011111
10111101001011011000010000100001
00111101010010110110010010010100
00111101001100100111110010010101
00111101011100001110110100101100
00111101001101010000010000000000
00111101100101101111011001111001
10111101010001101011000011011101
10111011011110111100111011100000
00111101011100010111110111001111
00111101001001111100100000110111
00111100110010101101011011111010
00111101001101001110111110000011
10111100100110101011000001110110
10111100100100011010011000010100
10111101010100010111010100000010
10111101100101001100001011001111
10111101101111111000100000101010
00111100011111110010100110000001
00111101011100001001000101011110
00111100010100110010100001101100
10111100101111111100100111001011
10111101101010101001110101001001
10111100001111000100001000011110
00111101101000000111001011010001
10111101001000011000000101111001
10111100111010011011010000101111
10111101000001100000000011001100
10111101100000000111100111000101
00111011100100001010001101001101
10111101001010000111001110110110
10111100111001111011000001000101
10111101100000001110101000010111
10111101010011101000101111111010
10111100110100010111011011110111
10111100001001000100111111100001
10111101100110001100000110000000
10111101011010100101100001111111
10111100101001111000011101001100
10111101100000101010011011011101
10111011100111000101110000011111
10111101010101101100010010010111
00111101100001100011000001011100
00111101101000110111101011011000
00111101010101100111101110010001
00111100111100111001001111100011
00111011110000010110111001110001
10111100000010100010101100011001
00111100011010011110101001001100
10111101101100101000011101011011
10111110000011011000001011010101
00111101001000001001100101010101
00111101100011001100001100101001
10111100101011100111100010011110
00111101100001100101010111011111
10111100111001001100111000111110
10111010110001010110101001101001
10111101001101110111011100000110
00111101000011001111000000111110
10111101010110111100101100000100
10111101001100011011100101000010
00111100101010010110111111110001
10111101010011010111100100000001
10111100001101001000000011111000
10111100101000011110111011110000
10111101010100111010111110100000
10111100101000101001010101010111
10111101100011011111111100100100
00111011111011001001010001100111
10111101101111100100110100100110
10111100100111111111101111001110
00111001100000111111110101111000
00111100000101101011011000001101
10111101010000001011011011111001
00111101000010100111100110011100
10111101100111110011110100100101
10111011110100100110011000100111
00111101011100100000010010101001
10111101001001101001101101111111
10111101001110111111011100110101
00111100100010101011100111000001
10111100100010100100001100111000
10111101100101010110000110111111
10111100111001010100000111011001
10111100011111101011111110011110
10111100101111000000100010011110
10111011111000111000100101000111
00111101011100010011011101100110
10111100111100010100000000010011
00111100100110100011010010000110
10111100000010010001011111001011
10111101100010111101001100001001
00111101101110101010010001011000
10111101100110001111010010000110
10111101000010010110100001100010
00111100001100101010110000101110
10111101001000111010111101001101
10111101001100000001000010111011
10111101000101010011111100000111
10111101010010001011100100100001
10111101001100101000010011110110
10111101100111101100011110110010
10111100110101110111111101011101
00111101001100001100111110000001
00111101000111011010000111001000
00111101011010110011011100100010
00111101000001111110011001011001
10111010110011001010110100101010
10111101000111010110011101001001
00111101100100000011001101010111
10111101100010110101111010111111
10111100000111111110111111000011
10111101011001010010111100111110
00111100100001010010110111001011
00111011100000000111011101111001
00111100001100111001110001100010
00111101101001011000001011010101
10111101001110101111110011011111
10111100001010110000110100001010
00111100100011000100110010100011
00111101100010110011111100011000
00111101011001110000011101010111
00111100100110010110110110110010
10111101100101101111100010100100
10111101100000110001100010111111
00111100110010000000110011110111
10111100111010110011010110101100
10111101011011010111100111010010
00111101011011000110001000011010
10111101101001011111011011010110
00111011110001100011000110110100
10111100110011011010101010000001
00111100011101001100101110100100
10111101001000110000101101010100
00111100110000111101000100001100
00111100101011001110110011110001
00111100010100001101101011000100
10111100000010011111110111010111
00111101000111101000111011010010
10111101011111111101110101001111
10111101001100001010101110000100
00111101100000101001111011011110
00111101011110010000101110001010
10111101000100000011001110001111
10111100010000000100000100101001
00111011110111111011001010000101
00111100011011111111111101001110
10111101100101110000101110001100
10111100010011110001110010100001
10111101111001000011010101011101
10111101000001001011010000011010
10111101010101010011110010000111
10111101000011101001111001000101
10111100110101000110110110111000
10111100100011011100010010100110
00111011100001000001010011111010
00111010100110000111001000100111
10111101010101110100111000011111
00111100010101101111110010101111
10111101000111011000010001110010
10111100101011011000001110000010
10111011111111100111011101010001
10111100110110010110000101000100
10111100100010110001101011000101
10111101100001001011010100110001
00111100101111001010011001010111
10111101011101101001001010011000
00111100010010100100011010100001
10111010100010110100111110111011
10111101000100100101001011100010
00111101100101100110000111000110
10111101101000100101111011100111
10111010111000000100111010101100
10111100100000111110111101101000
00111101011111111110110110010110
00111010001101001111001010111100
10111100011101101000010000010000
10111100010010010001010100110011
10111101011101101011101111011110
10111100101101110010101000011111
00111100111101010011010010011011
10111101011001111101101101011011
00111100110101101111001111101000
10111101000000011010110001110000
10111100100101001110111010000100
10111101010010010001001011100110
10111100100011001001101110000100
10111101011010011010111101001101
10111101101001011110000110101000
00111101101100000001110011100110
00111011100100111000001001001111
00111100011100100110110010101110
00111100110100111010011101000100
00111011100010010100001101100100
00111000100000110011110011001110
00111101000000010011110011000011
10111101010001011010011010011111
10111101000100001101100111111111
00111100001101010100100000010110
00111100000110110010111001010001
10111100110011001010110101110001
00111101010011011011010100001111
10111011000101110010010111000101
00111101010001010101000101000101
10111100100010111010000001111110
00111101011001101010011101101111
00111100110111000100101111011011
00111101000001010001111001000011
10111100010000101011100110011010
10111100010100011011000010010110
10111011101010100000010111111100
10111101001101001101101111101111
10111100000010111110001010001100
10111101010000100010000000111011
10111100011011100111101000001111
10111101110111010000001000010001
00111100011010010001001010111100
10111101011111000101100111100011
10111101100111110011101110000001
10111101101000111010100000100000
00111100101110010100011011011000
10111101100001100011011101100011
10111100111111111101100101110100
10111100000011010011111110010110
10111101101000001101111110110100
10111100101101101100101010100100
10111100100100110110100010011011
10111101001011111101110100011010
10111100101011101000101110001101
00111101000011101101110000101111
00111011001110100100111100010001
10111101100001000100000000111101
10111101101110111010001001010101
00111101101010011100011110100000
10111100111011000100111010010111
10111100011101100001101110110101
10111100110011001111111110111010
10111101100100101110111000100100
10111101110000100110101100010110
10111101100111010111000000101101
00111100000000010111010001001011
10111100000001000100011100011011
10111101001100000100001100110110
10111100110000101100011100101001
00111101001000100110110010111110
00111101100001011010001010110010
00111100000000100100001101100101
10111100111011011010101100011100
10111101100000100011010010100110
00111101001110000101001011010111
00111010111111011011100000000011
10111101101101010011011000101001
00111100111000100101100011010100
10111101100111011101101101111001
00111011100101011101011001100111
10111101101000110101111110101000
10111100001010111001100010001000
10111100110010101101101010100110
10111100101101001011101001011101
00111100101001000001011101011100
00111101000011110110000101110010
00111011110010111100100101100110
10111101110010001011001100011110
10111101110110110111010110100000
00111101000010011000110011010010
00111010100011001000010011010100
10111101000101101111101010001100
00111101000001011000111011001111
10111100011110100000001111101010
00111100100001111110101111001010
10111011111011001011000011011010
10111100001010000111010010100100
00111101001100010000110100000110
00111011101100000110010110100010
00111100001100000001110000100100
10111011100010100000001110100001
10111101001111010100011101100000
10111101101011110100110110011010
00111101100110010111000001011000
10111100010101000000110100110110
10111101001101111000111001000111
10111101010110100101101000110010
10111101110101010110101000111100
00111101100011001001110011001001
00111101000010101011111000011100
10111011101010001010000101000000
10111100111110001100100111110010
10111101110101100010011011001011
00111100111101100100110111111100
10111101100010011001000100110011
10111101101110111000011000011000
00111100101001101000101111001001
00111100111110110110110001011010
00111101001110111010001101000001
10111101001011101001111010000110
10111101110001111011100011101001
10111101000010001011100000000001
10111101000011001011101010101111
10111101101010011010101101011100
10111100100011010000001001111101
10111100100100101000000101110100
10111100001000001001000111011111
10111101111010011101011001010100
10111101100010001001000101110100
10111101101011010000000110011001
00111101101101100010110101101011
10111100100001010011111000111111
10111100111111100100111011000110
10111101010010110111010001100111
10111100101100111011111110010001
10111100101010101100101001011101
00111101001100111000110101000101
00111010100010101100010110011001
00111011011111010011001010011000
10111101101101010000010010101111
10111011011101000100000011001111
10111011111010011000001000111010
00111100000111000011100110011100
10111100111110111111001110010000
00111101100111011010000101001101
00111100101011001101011111000101
10111010111001001010100010110110
10111101011100101101011110110001
10111100001111001101110011110011
00111101010100110110100011011110
00111101011010111101011011101100
10111101100001000110100011011001
10111100111000000011100110110101
00111100101110101010101001010010
10111101011001100011101011100111
10111100110110111010000001111001
10111100010110100100111001000111
00111100101001001010001011000111
00111101001000010101010110011100
00111011000100111100000110110011
00111100110010001010111101000001
10111100011010000111110110111110
00111100001100001110010111100010
00111011100111111010101100110110
00111100010011011011100101010011
00111101000000110100001111001111
10111101100011100110110000010011
10111101100111010011001001111010
10111101100000011110001100101100
10111100110010010011110110111100
10111100010010110111100011001010
10111101000101111011110100011011
00111011111101000011100111001111
00111101100001000010101001000010
10111101100110100001101101000011
00111101010001111011100011010010
00111101010001100111010110101110
00111100111010101100100111000101
10111011110110000100101000100001
10111100101110110000001011100000
10111101110110011010100000100010
10111011001000111010100000111001
10111101110010000001111000001001
10111101001100001100010010000110
00111101010001100110000110110010
00111100110000001111111100011110
00111100010100111011001110111011
10111101100000001010010111011110
10111101010000110000101101000110
00111011101010010001000000111000
10111101100110010000010010010110
00111101001011001110011100011000
00111011100101001100010111001100
00111101001111001000011100000110
10111100111100100000110111110000
10111100011010100110000110101110
10111101101001011001001001011000
00111101000011000100101001111000
10111101001100001100011001000001
00111101001101110010101110110000
10111100110011001011101101101011
10111101110001101000011011001101
00111101011110100001010110101011
10111101001111001100101111111000
00111101100100110001100100000111
10111100101010100010110111110011
10111101001000001010100010011011
10111100101100111100000001101111
00111100100101000011001111111110
10111100100110101101111000100010
00111101001100101001000110101111
10111100110100101101011000000101
10111101100001111111101100010101
10111101001001000111010001101000
10111101100000010100001001110011
00111101001111000100100101001000
10111100111111011000010101010001
10111101011111011010111010111100
10111100010111010000000010011110
10111101100101000100011111011001
10111011010000101101000011011001
00111011000000000001111100010111
10111101101010110100000011010001
10111101110000011011111100110000
10111101000110011000101101110000
10111011100110010011111010111011
10111100000010100010011111001001
00111100000100010010000011110010
00111101111110110110011100000001
00111101101000110011101001111101
10111100110110011011100101011010
10111101010111000100110100110010
00111101011101100011011010101011
10111101111000000010001101110111
10111100100001111101011110010010
10111101000110000010010111011001
10111101000110111001110000000100
00111101100110100101001010011111
10111101000100101101111100100000
00111101010011011101000100011101
00111101100100000110110001110100
10111100111111100000111010010010
10111000110011011001001101111111
10111100101110000100110110011010
10111011101010001100001101111000
00111100000001001101000111001001
10111101000111010011100011011001
10111100010001001011101111000010
10111100110011111100101100111011
00111101001001000001101010110000
10111101100001010100101010001010
00111101011101101010010110010011
10111101001001100100101100100110
00111100001011000101010010001111
00111101011100100110110001000001
00111101010110100100101010110110
10111100000000000000111001010111
00111100101110000010010001011111
10111101010010000001101100011010
10111101101000010101100100011010
00111100110100101111110011011100
10111101100010011000000111001101
00111100111001010001010101000110
10111101000010111111011001010011
10111011101101111011000001000010
10111101011100110000011001000000
00111101000111000100110001111000
00111101010110101111010111001100
00111011101101011000101101100101
00111100000001011111000010110010
00111010000100011001101101101001
10111100101011101001000101010101
10111101011100111110100110110010
00111101011100101001011110101100
10111010111011110000010101000100
00111101011111110101100100111000
10111101001101110100101100100011
10111101001000000010111000000110
10111101011111100001110101011001
00111100100110101101110000001010
00111101001010010011110100011100
10111101100100111100100010000001
00111101100110001010110111101111
00111101011101111011110101100111
10111101001111111100111110010011
10111101011110111110001001111101
10111101000100110101111000100001
10111101010010100000111011100111
10111101100001011111110001111011
10111010100101000001100011110110
00111101001110001101001001110000
10111100000111111011000101110101
10111101101111010111001101100000
10111101000101100010011011001001
00111101010010110110110101011111
00111101101100100001011000110011
10111011111101000000000101000001
00111101100011110100000001010010
10111101000101011111101100001011
00111011111001110111001101100010
00111100100001010011001100110101
00111101100100000100001010011010
10111011100010010101010001111101
10111100001110000011001010110010
10111100001100111010001100000010
00111101000000000111001001111110
00111101010100011011001111110010
00111101011011001011111000011110
10111100111111000110100100010010
10111101100011010010000000001111
00111100110101000011100111110001
10111101001001111111101011110011
00111100010101111111111100101101
10111011110101011111000011101011
10111100001110100101110111100000
00111100100001100001100111110110
00111100100110110011111101001100
00111100110001111011001100010110
10111100100001101111010000000010
10111001100110101001010101100001
00111101001010000110011110101011
10111100000110101010010101001111
00111100100000001111000000101100
10111010010100011100011101001100
10111101110010100010100101011111
10111101011010010010001001101010
00111101000100011010001110111000
00111100100011111101010011010101
10111100011010101100111101001110
00111100100000111111011010000110
10111010110110101000011100011011
00111100111001110000001011000000
10111101001001111111100011011010
10111101001100111010111010100100
10111100000110010110101110100101
10111100111000100010111101100110
00111101100001100000010100000101
10111101100001100011001011111000
00111100111011101110111111100110
10111101011111011010100101111010
10111100101100111010100010000110
00111101011001000011011101010100
10111101011110010011010101101000
10111011111111010001001011001011
10111101010001001011100011110111
10111101110011000000000001111100
10111011111010111111001100001110
10111100000011010001001111001011
00111101010000111101100000100100
00111101001100011011100110101001
00111011100010101011010111101110
10111101100100111011100000100101
00111100100101100101000011001110
10111101001110111001101001101011
10111100001100001010100100111000
10111101011011000110011001110100
10111101100011100010110110000001
10111101101101011001101110100001
10111100111011100111111001000001
10111010100110101111001111110100
10111101100101000110110101001010
00111101001011001011001000110101
00111101011110001110011111101110
00111101101001001000011101001010
10111011101111001111011100010100
10111100111010110100100100101010
10111101001011100111001100000101
00111100000101110000111010000010
10111100111010100010101000110100
00111101000010111011010100001110
10111101011011010100000111100110
00111011011101000100100000100111
10111101001100101100000101101100
10111101001111001001100011010011
10111010101001000101011110101001
10111101001100000000101111100110
00111100101100110010010100110111
10111101110100010000111110101100
10111101011001001110100011010111
10111101010111101000010010110001
10111101101111000100101111010010
00111101001111000111110110011111
00111100111111101111000001011001
10111011111101011111010011100001
10111100100000011101011010110000
00111100001110100001111111101011
10111100001101111011001101110100
10111101100100011000101000100100
10111100001110001011100001001100
10111100110011100011100001110000
10111100011001011001001001001111
00111011111101011000000111000010
00111101100010010000000001010010
00111100000000000011110101101010
10111101001011111110100000001100
00111101001110000011010010101000
00111101001101001001000001001100
00111100101011001010000101111011
10111101010011110110110101010010
00111100101111000101001000000101
00111101100011010000111100111110
10111101101001010100010101001001
00111101001111110110111111010111
10111101101001011111011000010010
00111100111001010010000001000010
10111101010001001001100010110101
10111101000010100110000001110000
00111100110010011010011001011111
10111101100011111101000010011011
00111110000100010010111111110101
10111100110110110011001110011011
10111011010100001100111010000110
00111101011100010101101100011100
10111101000100011110100101011100
10111011110011110001000110001000
00111101101001110000100111011011
10111010110101100101101001001001
00111100101011001110011111101001
10111101011010110111000010111110
10111101110100000101011111001010
00111101000111010101010101111010
10111011111100100101001010100010
10111101100110101001001111101011
10111101110101111010100011011010
10111101001111001111110111010001
10111010001011100000110001000010
00111100101001010001101001101001
10111100000000101111001011000011
10111101110000001001111010100111
10111101110010101010000000110000
10111101001110110111100000101110
10111100010110110010000000010010
00111101010011100011101110000000
10111101010010101000010010110111
10111011010110010110001101010101
10111100111000011110110000101101
00111101001110100101111010101101
10111100001101000001011111000001
00111100110110100110010110010110
00111100110101011101001011001101
10111100111101101100110011111000
10111101000101111100111011110001
10111100101110011111001101000101
10111100100001110010110000001011
00111101010110011001011010011000
10111101010110010010000000101000
10111100001111110111011000011010
10111100111010010110001010111010
10111101001010000101101011110011
00111100100111111101011010100100
10111101100001010011010100101011
10111100100001110011110011110101
00111011100110110100100010110000
10111101100100100001011010111000
10111100100111100010111110100010
10111101100010100011001110101001
10111011001000011110110110010010
10111101001000111101110100110111
00111100110111100010101111010101
10111100010101001101010000000011
10111011100111100101000100110101
10111101101110011000111100111001
00111101100101001010100100011111
00111011111101100010001010101010
00111101100101010110000000101010
00111101010100110101011011011000
00111101001100100110111110011011
00111100110010000111011111111101
10111101011100000000011100001011
10111011101111101111110100111111
10111100011111111110011010100010
10111100111001111101000101110011
00111100101101000100101100110000
00111101000000100011000010010001
00111011101100010001011101010101
00111100100011001000101100000010
00111101001100110111100110100111
10111100110001111011011000110000
10111100101000000010101010100110
10111101111101111011000111111100
00111011111110110111110111100110
10111101000010010111100101000110
10111101101011011111010111110011
00111100100011000101111011100110
00111101101000110000000000110011
10111101110010110110101110100011
10111100111011110100000010100110
10111100101101111000011011000001
10111100100001000111100010101101
00111100111000111000011110000001
00111101000100010000001010000010
10111100110000101110011010000010
10111010101100000010101101110001
10111101101011110110100111010111
00111100111011101110001101010101
00111100101000101010101000111110
00111100000001101000000010101111
10111101001010001111101001010011
10111100110110011011110001111011
00111101100011010101000110110111
00111100100001001100100101110111
10111100111111111000101010101101
00111100101000111000011011010010
00111011001000100010110100100100
00111100010000001010100010000010
10111101100111000000100100111101
10111100111010100000000111110011
10111101100011111001111010000011
10111011101110000110011101011011
00111101001010110100110111011110
00111010110001100101001101100100
00111101011000111010011011111100
00111010111101000010110110011011
00111101100110000011011011011101
00111101010001011111100000001111
10111100001101110010100100101101
00111101001011111000010010110110
00111100111001110010110101110111
00111110000100100001110111110111
00111101101101010101011110110100
00111101100011111101111101010101
10111011000100010001111010010011
00111011110111100111011010000001
00111101100001001101000000000100
00111101000000111111100100000100
00111101001001001010010111010001
00111101011010011011001111110111
10111100001011001110100001100101
10111100101111101001011110111000
10111011101111000111010011111010
00111101001100110101100010000110
00111101011110110010111011011000
00111101010011111011011110111111
00111101000001110101111001100100
00111101000011100100011000110101
10111101100000010010011000100011
10110111101011001000010110100101
10111101100000011000111001100111
10111100101110110110010011010010
10111100110100101001111011100110
10111100101011110000110010011010
00111101000101001100001111101001
00111101010100111100100110100000
00111100000000100000101100110010
10111101110000011111001101101110
10111101001110100010110110000111
10111101100011111110001001000101
00111011100111001001101101100000
10111101101101010110101111111010
10111101100011101110011000110011
10111100110010011101001000110101
10111100100010111101110111100101
10111101100000101101110011010011
10111100110001011010000111000010
00111100001100001011011010001001
00111101010000010101111101000111
00111011000110001010010110110101
10111100111010001011011010000110
00111101000100101011011001001001
10111101010010111000010001110010
10111101001111001100110010111110
10111100100100010001010100111010
00111101100000000101111001010111
10111101010111100111101001001001
00111011100110010100101111011101
00111101011111101110000101011011
10111100101110110110011000101110
00111011101101111100110010011111
00111100110110110010011111010010
00111101000111011000100100010110
10111100101111001110110111010001
00111011100100110000011101100001
00111101100010000100011100000011
10111101010010111011111111110001
00111100001001010000110001111000
10111100001110111111100001111110
10111101101010010000000110110111
10111101001001000111001110000001
10111100110011111000011101001101
00111100010001110111101011101101
00111011100111010100110010011001
00111100010110110110101110100000
10111100111100010100101001100100
10111100010101110111000101011001
10111100111100100111010100100101
00111101001110011001101100011001
10111101001100101110011011100010
00111100000100011000110111001111
10111100011000010111000000101110
00111101101000001101100111011000
00111011001000011111101101110101
10111101101110010001010010001101
00111100100101100100110011011010
00111100011010110000001000100010
00111101000000110010001011101001
10111100011100100000101110010011
10111100011010010000110010011000
10111100011111110100111110101000
00111011101000101010100010111111
10111011000001110111000010100100
10111010100100000101100100111100
00111100111001100101000011101001
10111101001000001101110000101111
10111001111011100101011100010011
00111010110010101101010111000100
10111100100011110111100001111011
10111100110110110111000111101111
00111101000010011110000101101001
10111101010001011110101000001111
10111101000101001001100011011010
10111100111010100001010011110000
10111101010011111110010000111010
10111100110011011010011001100000
00111100110000011100010001101000
00111101000011000000011100001110
00111100100011000110011101001100
00111101001100111000110001011100
10111100110111010010111001001100
00111010100001010010100100001011
10111100011011000010010110100011
10111101000011000111001110101010
10111101101001111110111001101010
00111100111010001011010101010011
10111101101111000111010100010111
00111101101011000001111000000000
10111100010100110100101101110100
10111101000011000110011010110011
00111100100010000111010011111110
00111100010110100101110001000111
10111100111111001101110110010000
10111100010110000100010001100001
10111101101100110101101000111100
00111101010100100101000000101010
00111101011010011011000001011100
10111101010001111101000011100100
10111100111011011001011111111101
00111101100001000100111010010001
00111011001110110001001100001001
10111100110111111010010110101100
10111101010101001000000100101011
10111100111011010000011111110100
00111101001100101100100000001101
00111011110011111101001001011100
10111100110111011100110000101101
00111110011100111111111001111001
00111101100100110101010010011010
00111011100011001100111100100101
10111100111100011011111101101011
00111011101111100011011100001000
00111011010111100111010111110011
10111101011011111101010010010110
00111101000000000110010110011000
10111100111101000110101110001110
10111101100110111101000111011100
00111011001000000111010010011110
10111101001001111100110100010100
00111010010011010110100111000100
10111101011100110001000101011101
00111100110101000000011000111010
10111101010110101110111110000000
00111100010100011011111111110110
10111100001100001000110111100100
00111101100000001001001000001001
00111011011011111001011110101110
00111101101011111011110001110000
10111100111111000011011111011010
00111100111000000110001011101111
10111101110011000110011110110100
00111011000100010101010000000101
00111100001111010010100101001101
10111100001001010101011011000001
10111101100001101101010011100000
10111100100001110000011010111001
00111100010100010010001100110001
10111101100010010011110110111111
00111100001101011001110101010110
10111101001001110111001111001010
10111101100010001101001010010101
00111010001100111100000100110110
10111101110000010000110011010110
00111101010100111110001101011101
00111010111000000110011100110011
10111101001111010010100001101111
00111101100110011011110000011001
10111100111011001010000111000010
10111101110101001111011111110000
00111011110001110110011000100100
00111011011111010100111111010100
00111100100110011000011100001011
00111101011100100111111110110101
00111100111110101100110010010101
00111100011110111001110100111101
10111101100011010110010000110101
00111100100100100101011001010000
10111101111100100100110000010001
10111101000100111111101000101011
00111100100111011011001111110100
10111101011010111000110001000101
10111100111011000101001101110010
10111100101101101100100010000110
00111100110101100000111100001100
00111100111100111111110100011011
10111100101000010001101110110011
00111100100010010000101101011001
10111101100001111110010000000000
10111101011110010001111000001100
10111011110101110001110001010110
00111011010011101000101010011000
00111100010111000111100101111000
00111101010010010010000111001100
10111101011011000110000110100001
00111101010100011011111011101111
00111100100011100101110110000110
00111101010000000101111111011100
10111101100000000110010101010111
00111101000011101011100011010000
00111101001101101100101100100011
00111101011000100101000010011010
00111011111100000011110001011110
10111101001101000101010011101100
00111100111001101110101100000001
00111100010110100110011000000001
10111100100010001011101000000111
10111100101101000011100101110010
10111101001001010110000101111000
10111101100111100001000100100110
00111100101000111110101101001100
00111101011001110111111101111010
10111101010000010010011111100110
10111101100010011100101110011000
10111101010110100100101111000100
00111101000110110000000110101101
10111101101001011100011010110001
00111101010001111101100100011100
10111100010001000011010101100111
10111101101000100110000010011001
10111100000101000110111111010000
00111100010100110100011111101100
00111011111110011010111010110010
00111101100100000000011000111111
00111100000001001101101010001111
00111101000110111101010101000111
00111100101111111111001110101000
00111100101111001001011100011111
00111100001000100000001111110111
00111011101110110010001010110111
10111100101101000111001111100001
10111011111010111000000100110000
10111100111100110001101011000111
10111010010011000001011111101111
00111100110111010110001000101110
00111101101001001011100110010100
10111101011111001100011111010000
00111101010001101011110001010000
00111101000010110110110101010000
00111100101011111100010000011101
00111100001010011111010000111001
00111101001110110101011111111011
10111101010101101110100110001101
10111100011110001100011111001100
00111011100111111111001001100111
10111101010011001100101011111001
10111101100110010000011000010111
10111101000111011101011101111111
10111100010001110001110101000100
10111101010110111000111001100100
00111100100001100011101001011100
10111101011111010010000010010111
00111100001111111000011001010100
10111101100101010111111111000001
10111100100101100000110111110011
10111101100000110010100010100101
00111100011101100011110000010011
00111101100000010001100110011011
00111010010001010000100100110010
10111100010111100100001010101111
10111101000011010100011100000011
00111101000011010110101111100101
00111100010111010101101101001000
00111011011100101000010000111111
00111100011111000101010010111001
10111011011010010101110101000100
10111100001100010011011100000110
00111100010100011111010100111011
10111100011100001111010000011001
10111100010101001001100101111010
10111101010101010110110000001101
00111100101001011111001110110110
10111001101000100001000101111011
10111101000011101001001100110111
00111101100000011101000011110101
00111100110001101110001011110011
10111100101101011110000001100001
00111010100100010001100011100100
10111100111110100010001101101110
10111010100010000001101101110011
00111110000000000100011100111000
10111101010111100110100101000100
00111101100110110010110000110100
00111100111111101011000101110000
10111101001000111001010101000101
10111100010110011100000100100001
10111101101010110111110101101110
00111100000111010001010101101010
00111011100001011000011111111110
10111011111100101100110000100011
10111101110001110011100110111101
00111101011100101010110011101010
10111100100001101110100010001110
10111100110101111110100110101110
10111101000010010101101110110110
10111100111010000011100010111100
00111100110110000000001101110010
00111101000000101111001001010100
00111100101101000101101010010000
10111101100011000110000010110110
10111101000101011110100010001010
00111101001010111101111000011111
10111101000011111011101011110110
10111101110000000111010010010011
10111101010011110000010111000111
10111011011001011111100110010010
00111101001100101111011110010101
10111101000000001011111010110001
10111101011100010001100000110110
10111100111111101110101011101101
00111100101001100111110010110010
10111100010111011111011011001011
10111011011000111000001110001101
00111100100010110100101111000101
00111000111110000000101011000010
00111100000111101111101001111111
00111100111100101110100001010111
10111010010101001111010110011010
10111100011110111010110100001011
10111101001010001111100010000100
10111100101110111010011110110000
10111100101010001011110100100010
00111101011101110000010100000001
10111101110000001001011001001000
10111101000001101011100011110111
00111011011000010110000000000000
10111101000000011100010001011100
10111100100110010101101101011000
10111100110010010010101101001010
00111101000011000001101111011001
00111101000100100110011001001011
00111011111001011100011000100010
00111101011001000101101010100110
00111101101110110110111101000101
00111101100001100110000010001100
10111100111011011010001011010101
10111101000011010010001111100010
00111101101100110100011001101111
10111100101101100010110101011011
10111101111001001111001011001101
10111101110011010110010110100110
00111101100111110001000111110110
10111101100101000011010010101101
00111011101101111010111110001111
10111101011001011111111100101010
00111101100010100100011001000111
00111101010001001101011100000111
10111101000010000100111010110100
10111101001010111101011110000001
00111101001101011100110000000100
10111100001000011000001111011100
10111101010010011000011100011011
00111101001100111010101111101011
10111100011010111111101010101001
00111100111011111011101000001010
00111101100010011101101001001110
10111100100100100011001100111101
00111101001111000111110011010111
10111101000001111011101101111010
10111101101011110110111111101101
10111101010101001000011011001101
00111101000001010010101101010010
00111101100000000100011110111110
10111101011001101101101100010011
10111100010101100101101001110010
10111101100010001110011101110110
10111101100010110001111100011110
10111101101111100000010101110010
00111101010001110000110110011010
00111010000101010000010000111111
00111011010001100001110100111101
10111101100110100011001101011001
10111100110100000010100001010010
00111101011011100010010000100000
10111101100110100101111110000100
00111101001101101011011100111010
00111100110110101000011111100001
10111101001000011100100010010110
10111100110110101001001100000000
10111101000000111100001011010010
10111101000000001011101000000001
10111100111101110100111110111010
10111101010011011000101111100000
10111101010001010001010010011000
00111011110110100001001110000100
00111101100100111000010110111110
10111011011011110001100000011000
10111011000110010110101111011110
00111100101101000111001000001000
10111011110010101111110110000100
00111100000010001000101000000011
00111101101100011111110100101110
00111101001110011100100100101011
10111101010010111100001111110001
00111101011000111001110010000011
00111100010101111110111101011111
00111101001010111010110001100001
10111100100100100001111001011100
00111101010001010011101101000010
00111101000101101110100000000001
00111101001100100011001100110111
10111101000000010111000111000010
10111100101111000101100001010001
10111101000010101100010010000110
10111101000101011001001000011111
10111100010110001111000100100110
10111011101110100111001100101101
10111100010111010000001010100100
10111100000111110110111001101101
10111101000111101001011100010001
10111101100011100101110001110111
10111101000000110000100011011001
00111101000000001111111000010110
