10111100110001101111100010001010
00111101001011101100100011010111
00111110001110010000010110001101
10111101101111111100110010111011
10111100111110111010000101101010
00111110000000011010010010101010
00111101110000000111011111111011
10111101101101011000000000111001
10111101110001011010011100000110
00111100110001111101000010100001
10111100010101101110100111101111
00111101100000010000111100011111
10111101011000001101100000110111
10111100111000101111001110111000
00111101010110100100101011000010
00111101001000110101111010001010
10111101010100100010111011111100
10111010011010010101111110100000
10111100010001011001010100110010
00111100101000110101011100010001
10111101101100000011110110100011
10111101000110101001010000010000
00111100101001010111000111101011
10111101001100001100011100101100
10111100110001110111101100101000
00111011011001110111011100011000
00111100101001000111110000000101
00111101010000101100111010111010
10111100111000000010101001110100
10111100100011110001001010110101
00111011101011001001100110010100
10111101101000100100111001101010
10111100101101000011101101000011
10111101000100110010110010010011
10111110000001100001101101010001
00111101001100001010110100010100
10111101001110110000111001011000
00111110000101101001101111100011
10111101010000110101111111000011
00111101011100001110011101101111
10111011100001010101011001101000
10111101010110010001111111100010
10111100011010110110101111101101
10111101000101100111011010111011
00111101100110011110111000011111
00111101101101000100110011101111
00111101111110110011101000001011
10111101100101011100010110100001
10111100100010100110010001001001
00111101011000010101110000111010
00111101110110110011110101111011
10111100011011010011010110011110
00111110000000000101011001110111
00111101110100010101101000011100
00111100111011010001001110010001
00111101101000001111101001001111
10111100101101111001001100111010
00111101111000011010011101101100
00111101000010011000111110010101
10111101101010011001011000000000
10111101100001101000010000010011
10111101001111001010110111011010
00111100100011110110000000100010
00111101010010110101010011110010
10111101101011000000001100110001
00111100101100111000011100001110
10111101101110011000010111111010
10111100100000011010011101000000
00111100101100000001010100100100
00111101001000011001000111100001
00111100110000000011110100110001
00111101010010101101001110001001
10111101101011000110010010000010
00111101000110011110001010010110
00111101100111111011100001110101
10111101000101111001001100110000
00111101001010010111110101010001
00111101110000110000001001011011
00111101100001010000111111010011
10111101000111111000101111101100
00111100001010010100010100100000
00111011001000011101000011111010
10111110000000011111001001010111
00111101001111010101001000001111
00111101010100000101111110001111
10111100101000100001100011111110
00111100100000010101100111001010
00111101100110101100010001001011
00111011001000011010110111111100
10111101100111100111110100000001
00111101101100010111101011111011
10111101001000110011111001111110
00111101001000000010101001110111
00111101100001111000010110101100
00111101101101100101101100101110
00111101110011111110111011101001
10111100101101001100101011000011
00111101000000101111101000010101
00111101110101100110110010100100
00111101001101101101000111101100
00111101110101101101100100111100
00111011110001110001010010101100
00111100100111010011110001000101
10111101000001101011110110010111
00111101101011000101001000110000
10111101011101010010001111101100
00111100100111000001111011111100
10111011000010010010011111011101
10111101011101101010000010101100
10111011001011110011110011000110
00111100011011000001011011010011
00111101100111110100111110101010
00111100111110100100110111101100
10111101011101101000101100001110
00111101100011111011011001101110
10111101101000111010011010010011
10111100100001110000010011011001
10111101101100011101001111101001
00111011000000000110100100011100
10111011010111010010000000001110
00111101000111111000100111010110
10111100111100101110111110111001
00111100101000100010111100011101
00111101011010100011011000101000
10111100110010011011100101010111
00111100001100100000111001100111
00111101001010011110111011001010
10111101010000111011111110001001
00111101110011010001111111111111
00111101100010001000000101010100
10111100111111011101101010101111
10111100011001111001010001110000
00111101101101001100010011011100
00111101010011010101100111111100
10111101101101010001010100010000
10111100000001110100101111001110
00111101111111101100100100101001
00111100000010111101101100101011
00111100101110101100001111110101
00111100110110100001111110101101
00111010110101100001100101010111
00111101011010101000001011001001
00111101001000100110011100011000
10111100111011010110010110000001
00111101010101101001100111111010
00111101000100110110000110111001
00111110001000111111000010101110
10111011010010000110011111111111
00111100110111100000110001100010
00111100110111001010010011000000
10111101111011110011110101111100
00111101000110011011101000100011
10111100011011001011000001100101
00111100000010010000100100110001
10111101110011100100110001000010
10111100100011101111111101000110
10111101010001001000100100001110
00111101011011011111101000011000
00111011101101001101010110010010
00111101011100101001110011000000
10111101011000100101000100011011
00111101101000000001000011111101
10111100111000101101011111010000
00111101100100000111001000010111
10111110000001001101000101011000
10111101110011101110100101011101
10111100010101100011010110100110
00111101010110011010011101111111
00111010111101011011111101011000
00111101001111110001010111000110
10111011001110110111111111011110
10111101010101001101110010100100
10111101111111110100101100110100
10111011100100001000000100001000
10111100001000111101011010101100
00111100111101011111000111011100
10111100111001110010110011001010
00111101101111010011100101011100
00111101011100110101000011011111
00111011101111101011010010101000
00111011000001010000111010110000
00111011110110110000100000011111
00111101001100111000100001000100
10111101010111101100101110110010
10111100101000000100001110011100
00111101000100011101010100001101
10111101100010111111000011100010
10111101000110011111001100010110
10111101010000010111110001000010
10111101101000111010010001001101
10111011010110011000001100000010
10111101011101111000110101101010
10111100011011111110011010110101
10111011110100001100110000010011
00111100011101100010011110010000
00111101000101000010001000110110
00111101101100011111000110000010
00111101110000101110001110101011
10111101101000001110000110010100
10111101100000001000110101010001
10111101011110000010111111110010
10111011111010100101001001111000
00111100110100110100101111010000
10111101100001011010110111010001
00111101111101000011010000011001
00111010100010011100111111110100
10111011101000110100111010010010
10111101000100000101100110101101
10111101000001010101100100101100
10111100111000000110101011110010
00111101001110000010100101011101
00111100111001011110111111010010
00111100010000101100011110100010
00111101001100110010100101011000
10111100111001011011010100110010
00111001111110111011101110101011
00111101011000001101100100111111
10111101100110101100010010010001
10111011010011011110011000001000
10111101010010110100100011110101
00111101001110110101000010000110
00111101100001000101001000111000
00111101100000111101110000100011
10111101101111110111011000011110
10111011000111011101110110000101
10111011011101000001010111011001
00111100110100101010010111000001
10111101011000100011111000101010
00111101101110111011001101111110
10111100111011010000110100110010
10111100000111111110100010111111
10111100111101100110001100010001
00111011010110010100000011101010
00111101011011101110101010011111
00111101010000111100000100100110
10111100111011100100010101110111
00111101000011101111100101100111
10111011100110000111101100000110
10111101010000110000001001110100
00111100101001001110110100011011
10111100000010101110010111010010
10111101010110011100001001001110
10111101011110000001110001110110
10111101110001000011001011011011
10111101011110100010001010010011
00111100010111101011010010111110
10111100111101001011010010111001
00111100110101011101000000001101
10111100111101110110100000100000
10111101110111011100101100110100
10111101011111000011100110110000
10111011110101010111110110101001
10111101101111111011001001001101
00111101010101011110111001010011
00111101001001001100011000001011
00111100011011011001100110011101
00111011110000001110011000000100
00111110001101010011111010010111
10111101100101011000101101011000
00111101010000111110101010111001
00111101111011110110010001101001
10111100101100011100100010111101
10111101000000111011011110101110
00111100001110110100001110000010
00111100001001110010110100110001
10111101011100011010011110111010
00111101000101001101111101100111
10111101000110101101110101110011
10111101001001000001101000101111
10111100100000100011011001100001
10111100111000101111101110110110
10111101010000001010000111010010
10111011010100000011001100000100
10111101001010110010111000011110
10111110000010000001010111011011
00111101001111101101101010010010
10111100110110111000110011001000
10111101000011100010010110010010
10111101000110011111001110010000
10111101011010101000110000011011
00111101000101000000000111000001
10111100000111111011100011010001
10111101001110011001011110000110
10111100101110111011100111111011
00111101101011111000010001000100
10111101010010101011010110110010
00111101100011100100101100110001
10111100100101110100001110100101
10111101101011011101101000001100
00111101101010110000100011101101
10111101001011100011010010011100
10111101011001001011010111110001
00111110010011011100000111100001
00111011111101101000101101111111
10111101011101111111110110011101
10111101001001011010100111000001
00111101001100100011100010010100
10111101100000000100110110000011
10111101011011001000110010011001
00111101000010001010011001000101
10111101101001011101111011111000
10111101011101110101011010101111
10111100100010110110000011000100
10111101010101101110111000111111
00111101010001011000110110110001
00111101100110101100100110011110
10111100001111001000001000000010
10111101100110111100011011011101
10111101100110000110110111000011
10111011011010100101010101111010
10111101110100111100001111111110
00111101110010100101111101010111
00111101100010000011010111010100
00111101000011000100100110101000
10111100111100100111000000111010
00111101100000010001110010010001
10111110010011110110110111010100
10111101000101111000010011110101
10111101100001011101010010000100
10111101001000010100001001110111
10111011111111011011110110001100
00111101010010010001011010001110
00111100001011011110010010100101
00111100111100100111000010010001
10111011110100101101101001010100
10111101010111000011100111011111
10111101000010000110001111110111
00111110000101101100101001110011
10111100110110110101011011010110
10111101100010101111110000110110
00111101000100010011001100000111
00111101011100000110010010011100
00111101111011010010110001011100
00111101110001000010000001000111
10111100010111100111011001011111
00111101100101110000111011011000
00111101111100001000001101001111
00111100000011111101001101101000
00111101111101000001100010011101
10111101010100001000110001001011
00111101100010000100101111111100
00111101101100111011000101011001
10111101011110001111001100010111
10111101100110100101000000010010
10111101001001101000011001010101
10111101100011101000111110001111
00111100100110111101000001100011
10111100101111101101110011111010
00111101000110001011001001011101
00111101000100101001100001101111
10111101110001100000110010010101
00111101101101110011001000111100
00111101000101000011001111001101
00111101010111000001001110111100
00111101101000011100001010010111
00111110000000001000010000101110
00111101100100110011110100001011
00111101010000011101101101111101
10111100100010000000011100101010
10111100010001001001111100111101
00111100110100000110100111110110
00111011011100101011101110001000
10111101001111111110101100101010
00111100111110000011100011110111
10111100001001000010111000100110
10111101101110001011000011111110
00111101000100011110011110100010
10111100010111001001111101010101
10111101011000101010110011010001
10111101110011001000100101001000
00111100111110100110101000101111
10111101000110110101110001011001
00111100100110010101101101010110
10111101000110101011010000010001
00111100110111011000110001000110
10111100100110001111111000100110
00111101000010111100010011111111
00111101100111110100111101010100
00111101000111100111010010000011
00111100110011110010001010100011
00111100101010000101000110111101
10111101011011111000101101100100
10111101010100111010101001100011
10111101110000001111011000001001
10111101000011001110100101010000
00111101000000111101011100110101
10111101010000100010011101010010
00111101000111001111001110111110
10111101101110100111101110010001
10111101001111110110001000111000
00111100011101111010000010100101
10111101011010011000101101001101
10111101111100100010011011100010
10111100101000010001011100100001
10111100100111011110111000101011
10111011011111011001011110010111
10111100111001000000010000010101
10111101011101010011000111100101
10111101001010001001111111110100
10111011110001001101100010111111
10111101011010000010100110100000
00111011011001101111010000000000
00111100100100100000000011001100
00111011110001101100001000100101
10111101110110000101101111110001
10111101100101110010100101001110
00111101111000110111000011000000
00111101010010000010111110000110
10111100100010101111100101110100
00111100010001010101000001100010
00111100000000110001010100101010
00111100101110101111011010100111
10111101000110110011100000001111
00111100010100111101010000011001
00111100110101011010101000101111
00111101101010011000101111010110
00111100111100110110101100010101
10111011110010011001111010111001
10111011110001011001000101011001
10111101100101011010011111010000
10111100111110110110111010101100
00111101001100011000100010001111
00111101100001011110011011110110
10111101101110101110100100100001
10111101111110001110001110001110
10111101111110110001001111101110
00111100111010110001111111100001
10111101111001111101001010011110
10111101100000111101101111100111
00111101011100010001000001011010
00111100111100110010001110010011
00111101000000011111011001011111
10111101011111111001111010100001
10111100101011001101000000110111
10111100110110001100111001100010
00111101100101111111101000111010
00111101000111001010111101011001
10111101101100111110101000011010
00111101100000100100111000001000
10111100111000100011001010000100
10111100010010010100111100000100
10111100101110000101001000010000
10111110000001011111000100110100
10111100111000101011010001011000
00111100111000111010111001011100
00111101001001011101110010111110
00111101001100110001001100111111
00111101101100101100110101111011
00111101101000011110111000010001
10111001101111100111101011101011
10111101010000010101110010000001
00111101110111101100110011000111
00111101110101001100010110110010
00111100111000111000010100100101
00111101100010100111110110100001
00111100100111001100110000100011
00111101100010110001100000010010
00111011101101011101011010010010
00111101101100000011111010101100
10111011101101100110100110001000
10111100100100001110101011000010
10111101000111010011100111100001
00111011110100010110001000110101
10111101110101101000010011001001
00111101010110000110100001000100
10111100111110000111101111011001
10111100010000110000101010111011
00111101101001100111010000101010
10111101111001001101100001000010
00111100010110101000000110000111
00111101001001110101100011111101
00111101001101000001111011101100
00111101111011011001010010111100
00111101111000001100011101001000
10111101011110100100110110100010
10111110000001101000101100111101
00111100110101001010110011101111
10111011101101100100010110111101
10111101000110001010111110010010
00111101010100010001001000000000
00111101010011110100110111001101
10111101010011000011001100101011
10111100111110100111011101110000
00111101100010101111110111000010
10111101100100010010100100011100
10111011010010100011111101110110
10111100100110100011110000000010
10111101100010011100110000000011
10111100010101100001000011101011
00111100111010011000000011000101
10111101001110111000010111010111
00111101010000001100110010110111
00111100111010011001001011100111
00111101010000001010010001010011
10111101100001101010011111111100
10111101010111001011100010111101
10111101011000011100010000001101
10111101110010001000100000000010
10111101001110001011001101100100
00111101101100000001101111111100
10111100101000010110111111011111
00111101101100011101001101100001
00111101101000010010100110100011
00111101101000101011111011101111
10111101100010001100001101100100
10111101000011110101110010110111
10111101101010000111000101000001
10111100101011001010001111101110
10111110000110100100000011011101
00111101001010000100010100100100
10111100101101000000000000110000
10111101001101001100110101011100
00111100111100001010111100001011
10111101010010011010011110010111
00111101111100010110011100011001
00111100100001100100111010011111
10111101001010010111110111001000
00111101001010101010001001100100
10111101001001110011100010010110
10111101100001100100000010000011
00111101000011000001100101010010
00111101001001010011110011000010
10111101110010111100010010011011
10111101010111011000000000000001
10111011000100001100011110100001
10111101011010000010011010101111
00111110000001000001110000010101
00111101110111010001000010100111
10111101001110101100100001110000
00111101000001101111001111101000
00111101101011010000011001000010
10111100100001100001010101000011
00111101110011100011011000011111
00111100110101100001011001010100
10111101010101110111011100001001
00111100110001001100000100100000
00111100010001111111000000000010
00111100110000010010011111101100
00111101001000001010001110000110
00111011101110100001010110111000
10111101000000011001011111111000
10111110000110001011010001010011
00111100111100011101100010110001
00111100000100111010010011111110
00111101100011001110011001110000
00111101100111100001000010111111
00111101100000010101001110111100
10111100110110000101101101101001
00111110000011110101100011111010
10111101101011110111100001011000
10111100100111010011101010110000
00111101110101111001101101000110
10111100001010100011101011001111
10111011011110010101000000001110
00111101100101100000011001100001
00111101000111011010000110000000
00111101111000100100001010111101
00111101101000000011100110111001
10111100001010100010100110111011
10111101010010011100111001101011
00111101000110110011101111010011
00111100100100110100010100110011
10111110000011101011010110110111
10111100000111111100101111000111
00111101000000001110101000010000
10111101000101001001010011101110
00111100101110111110100011100111
00111101011001101001001000001000
00111100111111010000100001000100
00111101011010011000110100100000
00111100011001001110001100111110
00111110000010110110001110110101
10111100110110100001101111011111
00111101000001101100010001100000
00111101001110010010111011010100
10111101100111011100011010011111
00111100101100010110110001010000
10111100101100100111011011000011
10111101100101001010101111000010
00111100010000100111001100101100
10111011100110000001101000100101
10111101001001111010000110111001
00111100111000100111111100101101
10111101110001010110000001001000
00111101001101010010011100000111
10111101100110001100101100110011
10111101101000110100101001110100
10111101010010101101111110100110
10111101011000101000111011110110
10111101110100110000000001111001
00111101100010101010010100001000
10111101000011101000000001100011
00111100000101011010100010000111
10111101100101111000001010100110
10111110000000111110101110111101
00111101001110001010110100000011
10111101000011100011110111011110
10111101000010001010001001110000
10111101100000110110110110100110
00111100001011000011001001111111
00111011101011111110010110011001
00111101101100101101101001110111
00111100110011000111011000011011
10111101010101001000110110110010
00111101110001111010001010101000
10111101100110011101100001011010
10111100110101100111100010000001
10111101111000100000000111111010
00111101000000100010010101010001
10111100101100110110000001010111
10111101101100001100101011101010
00111100001011011110110111010101
00111100110110111011011110111110
00111101000010010001111011101001
00111101110110010100110000110010
10111101110100010100010011000011
10111101100010111011010000011110
00111101110001100010010011010101
10111101111001110101111111111000
10111101010101010100111111111000
00111100001000000011100011111010
00111101100011101011001011101001
00111101101011100111110011111111
00111101101100011100101000000010
10111101010011110001001110111100
10111101110000001000110011110001
10111101110101111110111010111000
00111110000000000010011111111110
10111011111010011011101011110101
00111100111101000111011101011100
00111101100101011001010011100010
10111101001001111001001111000110
10111101011100010001100001110001
00111101010010111010111101001000
00111101100000100100011100101110
00111101011100110101011100111111
00111011001101111010000011110011
10111101111001000100101110111100
00111100101001010011010010111111
10111100001001010000101010001100
00111100000000100101110111101111
00111101000001000101110011001101
10111101010000100101001101001011
10111101001011001101000001100010
00111101111110001110101111011111
10111001111001010110001011011011
10111011101000100110011001010001
10111101010011101110100000111100
00111101000001001010111101001000
10111100110100100101101000101001
10111100111001101100000110001010
10111101011010001001001110010011
10111101011100001000100011111010
10111100011100101110110011111011
00111101110000000110111001111000
10111011011100111100110101100101
10111100100010000111001101000110
10111100100101111100011110000000
10111101110101000110111110101001
10111100100000010111100011111010
00111101011110111011010101010011
00111101001010001111100110011001
10111101011000001010100000000010
00111101110111100011001110011011
00111101111010100000100011110000
00111101101011101111111011101010
10111100110001101001011010101110
10111110000011101110101110000000
10111101010000110010010110000001
00111101001001100010101000010011
10111100010000101001010000100100
10111011101101100110101011010111
00111100110011000011011100010011
00111100000111111001011110010101
00111101101010100110001100110001
10111101100111000111000111001110
10111101100110111100101100101101
10111101001100111000110000011010
10111101100000100111111011000111
10111101110100010011101000011101
10111101100010010010111011001100
10111011010000101000100001011111
10111100010000000101101111010010
00111101000101010100111100011110
00111100111100001100111101010010
10111011110001010011000011101100
00111100101100011101100011010101
10111101000000110001111110001100
10111100010011110001111001100110
00111100100111011000011111110101
10111101101010001100110101011101
10111011101000110011000100011110
10111101001100011100001101110101
00111011100111100110011111111010
10111101000110100101111100000001
10111100110011111010010101001000
00111011101000100111000111011010
00111101110010000100101000100100
10111101100010111011100111010000
10111101101001001111010100011111
10111100100001100011011001110101
10111100011100010001101100001011
10111101100010111101000011101000
10111101111010010100011101100100
00111101100101001001110010101001
00111101010101000100011001011110
10111011101110000101110101100000
00111100111011010001001101110101
00111101111000001111001110001111
00111101100101000010110100101000
10111101000000000001000001110010
00111110000000001101111111101101
00111101101101000000011010000001
00111101000010101001101100010001
00111101111001011100011010010100
10111101100001100111000111001100
10111101000001101101110110101111
00111100111110011110100110001100
10111100101000111011001011111010
10111101010010101001110110110001
10111101000000000010101010011011
10111101011001111100010001010001
00111100000000100100110000001100
00111101010100011101011110010111
00111101100000011110000110010001
00111101010011110000101010010010
00111011101000001001010100000001
10111100001101111001001000111100
00111101110111001100001001000010
10111101100011100000010001001000
10111101100011001010001000011001
10111100001101001111101110101101
10111011100011010101111001000011
10111101001111110010010001000001
00111101011100101001111001100110
10111101010000111101011101001100
00111101100101000110001111010110
00111101000101010110111010100111
10111110000001011111000001011010
10111110000110101110010100111011
00111101110001010111111000000011
10111101101011011010010111111100
00111011110001100011101110000101
10111101100000101001101011010000
10111110001010101111001110010111
10111100100111001010001010011010
00111101000110100110011111011001
00111101001001111011100100100010
10111101110101100001111010010101
10111011010010100111010010100011
00111101000001010111110010110101
00111101101011001110001000001010
00111010110100001000010010010100
10111101011010000011000010100000
00111101011011001001111001101010
10111101000111011001000100111101
10111010100111110010110100100010
10111101100011010111100100100011
00111100110111001010000001101101
00111100110010101100001000010111
10111101010011000011010001000000
10111100100011100001010101100010
10111101100000001111100001000111
10111101101110100110110111000101
10111100110111111001101111010110
10111101001000000010001000101110
10111100001011001100110101001111
10111101000011110100100110001111
10111100111110000111010100000101
10111101011100101100010110110011
10111100111000100011010100011101
00111101111000010101101101100100
10111011100100110110100110111000
10111101000011011000100011011100
10111101001111100010110000100001
10111101011001110100010110110110
00111101010000101111100110100001
10111100110011100101010100010011
10111101100001010001000000001111
00111101100011000000011111100110
00111101001001111110110100100000
10111101100101101110110101110101
00111100110000111110101000101100
10111101011110010111100111010100
10111100100110100101011000010001
10111101110111100011010011100000
00111101011000110000111001001111
00111100101101101010111001000100
10111100011110011111100001100000
00111100100011110011000111001011
10111100101000000111010000010111
00111100010010010011110000111010
10111100111000111010110010000101
10111101100101010101011011100100
10111110000100010011101100010011
10111101010100111010011101010001
00111101001111011001100110111010
00111100011111011010101100111101
00111101111011111101011111000100
00111110000110010110000000000000
10111100000010000111001011000111
00111100011010111001011110110101
00111101100001011001011111110100
10111101010000100101010001010000
10111101101010001011011010001111
00111101101110111110000001110011
10111101100100000000010110110011
00111010100111110000111001101011
00111100110000110100100000001010
00111101001010111101011111110111
10111101110100101111001011111110
10111101100111111011111011111111
10111100111000010011111011011011
10111101010100110101100010010010
10111101110111111100001000100110
00111100111011111100100100111000
10111101000110101000100111101101
00111101101111010001110001001011
10111100100000111001000100100110
00111011110100111000001110001010
00111101001101110111010110110001
10111100001011011011011011110000
00111101110001101010101001100100
10111001001001001111011101010011
00111101001110010110010011011011
10111101010110001010110101101000
00111100101111100001111010111010
00111100111111001011001100100001
10111101110101011000010110100110
10111110000100011111010001000110
00111100010001001010110111010000
10111100101111110000100100111100
10111101111111110000110111010011
00111101010001111100101001010101
00111100110111100101010000011100
10111100101011101001101010111000
10111101100010011011101111110001
00111101010100111100001011100011
10111100101100101000001000100001
00111011010011101111110010110001
00111100011011001101010010001111
10111101100111010011101010111011
10111101101110001110000000001010
00111100100111110111011011101100
00111101010101001000001110001110
10111101111001101000111011110100
00111101101001110100110111001101
00111101100011010100011101011100
10111101100111000111100000101010
10111100001111010100010000011101
10111011101100000111011101111010
00111010010100000010100101001100
10111101011000101100001000100111
00111101100111100101111000001001
10111011100010010101001111110011
10111101111100001101101011010000
10111100110010001101001101010011
10111110000011101010001110011010
10111101110101110101100110001011
10111101010100111010110000010010
00111101100101111001110000100110
10111110000101101011111011111110
10111101100001000110000010001000
00111101001011011101010110110000
00111100110110000100011101010000
10111100011110100011010110111111
10111100111100110101011100101111
10111101011110001001000101011001
10111100011100111001001000110011
10111101110101100000111010111110
00111101000101000010011011011011
10111110001100111001001010100001
00111100110101100101001010110111
10111101001000010011111110101001
00111101010111101001110010111000
10111101011111111010010110100111
10111101001110011110001101011011
00111101101111001011010000011001
10111101010000011111010011101111
00111010100111101110100101111101
00111101110001010100010110010100
10111011000011110000100110110001
10111110000101011110111110110000
00111100000100001110110101001010
10111101100100010100101100101011
10111100101101011110100101010010
10111101110010000110110001000101
10111101010000110101100110011111
10111101101001000110010101110100
10111101011100000001101010100001
00111101010100011111101100100110
10111101101100110100011000110110
00111101101011101111110001001100
10111100100110110001000000001100
10111100101011010001101111101100
00111101000101100100010111100111
10111110001000011111011100001101
00111100000010011001100110100110
00111101000101010110010011101101
00111101111001010001000000101110
00111100010110110011001111000000
10111110000101011001001010100010
10111100010100100111011110010111
00111100111011001001110011100100
00111101001000110001111001111011
10111101101011111000101100110100
00111101100100101000110001000111
10111100110001100111001101100100
10111101010110000110001001000101
00111101100001101011011011000100
00111100101011110101100101101110
10111101010000100111100111010011
00111101001110111110110000110100
00111101011100011001000000111011
00111101010110111010011000011011
00111101110111101111101100001001
00111100011000101111111101101011
00111100000111000011100010110111
10111101011000010000001000101101
10111101101100111100011111010101
10111110000000101011110001101010
00111101101010011001110000000111
10111101101000010011101101011010
10111101000101111100000011110001
00111100101100111100010001111011
00111101011101111111110101000011
00111100111101011101010001101000
00111101011110010111010010110011
00111100100000001001110110001011
10111101011011100000100101111110
00111100111100010010000111000011
10111101001001111111010001110111
10111101110010110001110100110100
00111100110010001010001000100110
00111100000010100111100101000010
00111101100110000111000101011010
00111110000111101100111100110011
10111101100111111110111100011011
00111101101110011100111111110111
00111101001100101000001011100101
00111100110011100010010111011000
10111101100001000111111101001101
00111101111000010011100010001100
10111110000100110100111010000110
10111110000101111011001000110100
10111010100110110010101111101101
10111101000100011100010010110000
10111101110001110010011101000010
00111100111000000011011110110100
10111110000100100111111001100110
00111101011000111110001101011111
00111101101011100111010010010111
00111010011111101010011001001011
00111100110001100111110100111010
10111101100111000110110111010001
00111011100011111010110011110001
10111101100000001000100000110011
10111101000001111110101001011100
10111100101110100010000101111101
00111100111101100101100011010100
10111100110110101100100000000100
10111100100111100010100110011100
10111100111100010011111111110111
10111100011100100110011111001101
00111101010001110001000101001001
00111100101101100010010111101111
10111010000110101110001011011011
10111110000001010010110000001011
10111110000111101011011011111110
10111101011111100011101001100110
10111101100100100000011110100101
10111101101001010011101101100001
10111101000100001001110101001001
00111101110000011110010111001110
00111011011111111010110111111000
00111011110011111110001000110010
00111100110110110100110101101011
00111101111000010010010110101100
00111011110100001100010101111001
10111101100001001011011010111000
10111011001111001000010011011111
00111101011011101100010011010010
00111101011100000110101000011000
00111101100100101111000011110011
10111101001000010100001100100101
00111100110000001011110001110100
00111101110100000111101100101110
10111101110010001111101111011001
10111100000010100111101010000101
10111101001011111100101101111000
00111101000000101100001100101101
00111101001010111001101000111111
10111101001110100101100011010010
00111100101110110110000111110001
00111110000101010100011110100110
00111101100010010101110011110101
00111101011010100101111000010010
10111100110000010100010011101001
00111100001000110001000011100110
00111011111110111010101010101010
00111101100101101101100111110011
00111101000111000001011100111101
10111101001100100111110000100111
10111101000001101001110010001001
00111101111111001101000110101011
10111110000000100100111000111010
10111101001111011110111011100010
00111101011011000000011110001001
10111101000010110101011101111010
10111101001010011111100100111000
00111100010001111110011100101001
10111110000000000011000110011100
10111101110010000001111000011110
00111100000101110111110000111011
00111011011110010110111110010001
10111110000100001110111011010111
00111011110000010011001011110011
00111101101101111010001110000000
10111100010111010001101001100110
10111101110001001110110100001000
10111011111111010000011000001000
10111101101001101001011001001100
10111011010100011001000110101010
00111101100100110010001001110000
00111101100010011001010101100111
10111100101100101111101010001000
00111010100100011110110110101011
10111110000111010100101011110001
10111100111001010101101011001100
00111011100000001010000010111001
10111100100000010001111100110010
10111101000011010000100000101001
00111110000000011111101011000101
00111100111010111011001011000101
00111101001111100110111101111011
00111101000011000011010011001111
10111110000011111011011100111010
00111011000001110110110001101110
10111101101000101010100101110101
10111101000001100100000011011000
00111101001101000100010011000010
00111101000111110010100010111000
10111100111000101101001111110011
00111110000001011100101000001011
10111101000101110101000010110100
00111101101101101111001111110101
10111101101100100110100110001100
10111100000010010100011110101101
00111101011000100000101100001101
10111100111001100000111110110011
00111010000010100010000001100101
10111100110101111100111001000010
10111101011101101010001111011001
10111110000111101010111010011011
10111101001110011000110001111110
00111101010001001010110100110110
00111101011001001011001000001111
00111110001100011000011010011110
00111100110001011001111100110000
00111101001100100110101100011000
00111101101010110110011000010100
10111101101001110111101110011010
00111101110010011011111001001110
10111011100100000110110111110111
00111100000011110000001101101011
00111101010001011111010001101011
00111101100011111010110101011111
00111101111111110001101000101100
00111101000011010011010010000001
10111101001011001010011110000100
00111101101110110010100010111010
10111101100010110110010110011100
10111101111010100110101110001111
10111101011001101000101100100011
00111101110101101100110111000110
10111101111001010011010110100010
10111101101000001110011111101000
00111101000111001100010111110000
00111100110110001100000100111100
00111101100001000111010111000001
10111100100100010011100101110111
00111100101010010111011110101011
00111101010001000000001101000010
00111100010000110011111100101010
00111010100101111110101010110110
10111011111000011111010101011011
00111101000001000111011101011101
10111011110111010100100001100000
00111011111111100110100111000010
10111101000011111011000010000010
10111101010100011111001111110101
00111101001110101101010001010110
10111100011001010100100000101000
10111110001100011111010100001100
10111011101001011010000110111100
00111101010101101100011000000001
10111100010111110001101001001101
10111101011101001100100000011011
10111100110111101011111110100001
10111101100010111000010110110100
10111101100101111000110001111000
00111101000100101101011100110100
10111100100110010011000100010101
10111101111000101100110000000011
00111101111000000101111101001000
00111101111110110110100101100011
10111100000010000100101001110101
10111100001110111000011011011010
00111001100000011110010110110110
10111101000000101011101101010110
10111100000111100101011010111010
10111110000100110011110000101011
10111101001000111100001000001110
00111100000111100000100000010110
00111100010100000001010110110000
00111101000001011100000100101011
00111101100010001010110101011110
10111101010011111100011010011100
00111101110110111001101100001100
00111101010011001010001100010111
00111101011110011111001110111111
00111101011001100100001000011101
10111100101000101100100001001110
10111101110001111101111001001100
00111011100000101010011000000110
10111100111001011010110010110011
00111101000100010011100100000011
00111101100011100001010110000011
00111101000111100000001000110001
00111110000000000001111111000001
10111101101000110110111101001111
00111101010111010100010110100011
00111100001100111001100101010000
10111100111011101011000010100000
10111010001010111100010100111100
00111101000111111111101010111110
00111101010010101101010000000100
00111100110100110000110010001010
00111101100110000000110111111001
00111101100101110011100111100010
00111101101010000100101110111101
00111100111101000100000100101111
10111101110011000100010001101111
00111100100001111001001000111010
00111101100011111100111100100001
10111100100111001110011011001100
10111100101000011001100001110101
10111110000011110010001111010111
10111101100010001101000101100010
00111100110110011111110110101110
00111101010010100101100111001110
00111100101101100001001110100101
