00111101011110100110011011000110
00111110000000011100101011110111
00111101010011001001010101100001
00111100101101011110110010001001
00111100111011001010101011011011
00111101110100110111011101001100
10111100110110111110000010000101
00111101001011111001111111111001
10111011100011100000011110011000
10111101101110001101111011010011
10111000101000100111101011001100
00111101110110101110101001010011
10111101100010111000110111000001
00111000101111100000010001111010
00111101001011101011001101011111
00111100100010101100000100000001
10111011110111000000001101100111
00111101001100110001111101010011
10111100001110101110100101000010
00111100100011111100101100100000
10111101000001011101010001110001
00111101100011010110101011100110
10111101010100010010011001011010
00111100101100110001011110001000
10111101011110101010100010000100
10111101011011010000111101010011
00111101001011001011100100110001
10111101100001100000001100011101
10111101000101101010001111000101
00111101011010111001100101010100
10111100111111110011011111000110
00111101100000010100001011001101
00111011010001001100001000011000
10111101010000110010110111101010
00111100000000011001100101001001
10111100111000100011101100010110
00111010111100011110111110110110
10111101100001000100100101101110
00111101000111100000100110001011
00111101101110110101011011111101
10111101101000011011000101100101
10111101001000110110111010111100
00111011010001101111011011111100
00111100100001001110100000110110
00111101100111001001000011000010
00111101001001111110100001100101
00111100001011010011110011010010
00111011010011100111100110010010
10111011110011001010100110010101
00111101001010001000010101101110
10111101101110110000101110101011
10111100100001011111010111000001
10111101101011101001101011010011
10111100100110100000101011001001
00111100011101010100010110010010
00111101110001001010101000000000
00111110000001100110010010001111
00111101011000100100100000111010
10111101100010100011001100100111
10111100000001110011100001101001
10111101001000101001011100011011
10111011111110101101111100101101
10111110000110110011101111011100
10111101101110011000100000101011
00111100100100010011110101110000
00111100110000000011010111100110
10111101001010101010010000101110
00111100100000111101011100011010
10111100111100100110010000001110
10111011111000000101100001100001
00111011100110100010111000000110
00111101001110001011000101000110
00111101110001001100111101011000
00111110010000011110110001100111
00111101110010111000010010101100
00111101101011110011101011010000
00111101011000000000100010001010
00111101001010000110110110011011
10111011110101100110000011000000
00111101010100111110101111000101
00111101101010000101111011110100
00111100011110100011110000100001
10111101000001000011010010011100
10111101101110101001111000011110
00111011001011001111011011011010
00111101011101000100100110001110
10111100111000110110101100011001
10111100001100110010111110000110
10111100000011001000011011101111
10111100000101111111010111010101
10111101011011101010001100000001
00111100000111101110010011111100
10111100110101100010101110100110
00111101100110100100010000101101
00111100100101000010100011001100
10111100100101001010000101011011
00111101011001011100100000111101
00111100001000010110010010101010
10111101101000111110101001001100
10111101100110101111000001111101
00111100001111101101111100110110
10111100101010010100010101001011
10111100111001111000011011111111
00111101100101001010101010000101
00111101000000000000111010011111
00111101001111101011000001001001
00111101110000111100101011011010
10111100101001000001011001001101
00111101010000000100111010011101
00111100011001001011110111011110
10111100011000000110101111001110
00111101001000101000011010000011
00111100110100110101111001001100
10111101001000011101111100111101
00111101000010010101111101011010
00111011100000110101101111101101
10111101101101110011111011000011
00111100110011111101000110100110
10111100001111101000011100010001
10111101110001101110001001001011
10111100110011100101100011011100
00111101001011011011011110011010
00111101011111000101010011110011
10111100101111000110011100100110
10111101101110100000101110010101
10111100101110111110011011110110
10111100111010000101100111011100
10111101110000100001000100001000
00111101000100100100101000111111
10111100101001011001110101110010
00111100100100000010100100000011
10111100111001001010011110101011
10111101000010111011100000100111
10111100101110001101111001001110
10111101100110111001010011010001
00111101110001100010100110000001
10111101100001011101010010101010
10111100101010111000110111000000
00111101000110010111100010000011
00111101001000010011100001110110
00111101110001110110001100001001
00111101110101001100000101111011
10111100000000101010100000111001
00111101011001001100001000000110
10111100111001110011011011110000
10111101001100100011000100000100
00111101100001110010111111011101
10111101000011010000111000101010
00111100011011111110111111000011
10111100110100110101010110001001
00111010101000011000111111001111
00111100111001001011011000111100
10111101000111011010100001011011
10111011001000001101011110110110
00111101010011001000001100001011
00111101010100101110100111011111
10111101001011101011000001010010
10111100000111110110110011001010
10111101011100100001000111100100
00111100001001001001100101101101
10111001101100111100000011111101
00111101000011100000100100001010
00111100110111000101001111110101
10111100100110001110000000111101
00111100101010001010001100110010
10111001111100101110111111101011
10111100110011101001011101001001
00111010001101000001010101010111
10111011101011011101010101100101
10111101000110001011011011001100
10111100111000010111110001000001
00111100100101101000000101000111
00111101101001010011000100000110
10111101101101111111110101110011
00111101001101100010010110111100
10111101101011110110110111000001
10111101001011010101000111011011
00111101001011101110101011000011
00111100100110011011111100000110
00111100100000111000110011010001
00111101000011001101000000101101
10111101001100001110000100010011
10111101000000111100101010100111
00111100110100101111100010011101
10111101011011110000010010010001
00111100101011100101101011001110
10111100011001101011111010000110
10111101110000011000101111001011
10111100111010011100010001110100
10111100011011101011001010101110
10111101000100100110010010101101
10111100100001110011011110111101
10111011100010110110101110110100
00111101101110001010100110000110
00111101011000111000101001110011
10111011010101111010011101100010
10111101100111110011100101001101
10111101101010000101001110101001
10111011011001100110111111110011
10111100001111001101101010100110
10111101100000000000111110001110
10111101110011111010111100011111
10111101000110001000011101110000
00111100000011110000111110110101
10111011111010110111010000011110
10111100100111010001110110000110
10111100110110001100000111001100
10111101001111001101111101011111
00111101001111101000110110110001
00111100000001100111011001111100
10111010000100100110101101011010
00111101001111100001101101010111
00111101000110100011000010111001
00111100001101101101111011101111
00111100101001111011111111111010
10111101100001010000000011001001
10111101100011011100100101101001
10111101000111101000101101100101
00111100111010001010111110010110
00111100010110101010101100000001
10111011000111010010010111110100
00111101010010100100100011010001
10111100111110010000100010110100
00111100101111010101010000110010
10111100001000111000000000000011
00111101001101100110001011101100
10111101100100101110011110101001
10111101100001110110101111111000
00111101010001000001111010010010
10111011110110011010100111110011
10111101100111100010110111001100
10111100100110110111011111010101
10111101001111110000110110101110
10111101010011010101011011010111
10111101001000111111101011011001
10111110001111011111011010010101
00111100010000001101000010011001
10111101111011101101011011010011
10111101001110011001111001011110
00111101100001011001110110011010
10111100011011001000111100000101
00111100100011001000000000001011
00111101001101001000001110010101
00111101000000101010111001001011
00111101001110111000011101100111
00111101011001101011001001101100
00111101000101110001000100001101
00111101100101000111000110100111
10111100100001000010111010010011
10111101001010011100011110000011
00111100111100010101011000110001
10111100000111110111010100000011
00111100110111011010100100011101
00111101011010011101111001101011
10111101001111000100111110000001
00111101010110010001001000111110
00111100000001000101010100001000
10111101101011000111001111011111
10111100100100110101100110001001
00111101011001110011101000000101
00111101000011100000001110001010
10111101101000110101111110111101
10111101010101000111110011111111
10111101001001100111001001101100
00111101001010001100010101101111
00111101001011001011111101110000
10111101011010101110101110001110
00111011110011011110011100001111
00111100010101000010110111011010
00111101010011011001001100111100
10111011101000111111110000000000
10111101001001011101010011010100
00111101110000001011100011101010
10111011111101010010100110011001
10111101101010000100000010000101
10111100011110110110000000110010
10111101001001011000000111001100
00111100110100111110110101110010
10111101100000100010111111011110
10111100011100010110010101001000
10111101000001100011001000000110
10111101100000010010001010101100
10111100110101101010111110000111
00111100010001101011101111010000
10111101111001110000111101001001
00111101001111110001001100110100
00111101000110110100110001111011
00111101001000101101010000111011
00111100111000111001111110000101
10111101110000011011110110001011
10111101100101111100100011000101
00111101011101111010101010101110
00111101100001111100110111101011
00111011100010001000011011110011
10111100100000011000100101111000
00111100101101110110101011110001
00111011110111111110010101111100
10111100011101100111011101011110
10111101000000011010100110001100
10111101110111011100110000000010
10111011011101011100101101111010
10111101011001111110110110011010
00111101000000111011001011101100
00111100110001010101110100001011
00111101101000000001000000111010
10111100101110110000100010001000
10111101100100100101101011110010
00111101010000110010011101000011
00111011111110010111101000000111
10111101101000000110001001101111
00111101010111111111100100110111
00111101000100110010111001000100
10111101110000000010111011001011
10111101110011100100001011010101
10111100110001001011000111110011
10111101100111101110011010010001
00111101100010011110110010110011
00111010000111100101110110000001
10111101011001000000100100101001
10111001011010000000101111110110
00111101011111011101100100101110
00111101100111111011111111010011
10111101011110011111001101011111
10111011011101011111000100010000
10111101100101111100011010110010
00111011101011101001000000110101
10111101000001101100111001100010
10111101011001001111101010101011
10111100110110100000000101001110
00111101100100011101100010100101
10111110000010100101000011011000
10111110000000001000001001101011
10111110000111101111101000101100
10111101110010011001011000101101
10111011111001000011111101111010
10111100101001101010111010100101
10111101001010010100110001001111
10111100100011011100111101000101
10111100110001110001000111010101
00111100110010000111000110101011
00111100011011101000100111001110
00111101010011111111111101011000
00111100101001011010110111101101
10111100101110001011110110011001
00111101010110110001100101111001
10111101100010100100001001001001
00111100110010001110100000111111
10111011011101001011001110100000
10111101011111011110001001101111
10111101001011001001101010001001
10111101101100100100001001001001
10111100110001110110000000101111
10111100000101000000100010000001
00111100100010100111101001101010
10111100111100001111000111100011
10111100100011011000111101001101
10111101010001101110100000110100
10111100000011000011010111111011
00111100010011110000010011101001
10111100010100110001101000011010
10111101001111101010001010101111
10111100110101001011100010111001
10111101000010010001110011101110
10111011010001000000101001011101
10111101111011000111101111010111
10111110010000000001100011010011
00111101100010110110100011000101
10111011101101101100001110001110
10111101000000111001111011011010
10111101010001010111110110110011
10111100001001101111101111101000
10111101101011100111001111000100
10111101000010101100100000000010
00111101100001101100011111111100
10111101001000001110000000000111
00111101100101110100000011011010
00111101001100000110010111000101
10111101000100111001010110111000
10111010110110100101101000110000
00111101010001101001111010101111
10111101011110011110000100111110
10111100010100011010010010101011
00111011110110000011001000010001
00111101010011101111001001000001
10111101011101001100111001011101
10111100100101011001000010111010
10111101010110000100111110000100
00111100101001000010000011000111
00111100001010111010011010000100
10111100001100100111010100100100
00111011100000010001110101110101
10111101100001000011011010111001
00111100101011000001000110111100
10111100000010110100101111100000
10111101000010100110100101101100
00111101011000011101001110111011
00111101010000111010000011011000
10111001101000010001001000110000
10111011100101000110001010101111
10111101001000011011011010101000
00111101001111000011000000001010
00111101001100010011110010010101
00111100001100110001000001000111
00111100100101011110111100011110
00111101100011100000011110110000
10111100010110101110101001110001
10111101101100111100111011010110
00111101000110001100010000100100
00111100011110111010110100101000
00111100101001111001001110000100
00111101100011111010011000011111
10111011001110001000010000110101
00111101000100001100101111010110
10111101000111011110000010000011
10111101101001000111011001010100
00111100011010001010010101011100
00111100110001101000101011111110
10111101100010011011111111001111
00111101010011111010010011001101
10111100111000000100110110111000
10111011111000011101010111011101
10111011001001101111100001010010
00111101101100001001001101111011
10111110001010001010010100110110
10111101010010011001011001011101
10111100111011011001110010010011
10111101111010011100101010001011
10111101010010011011001010010011
00111101101101100101011001000101
10111101010000100111101101001011
00111101100100011000010101100010
10111101111110100100000100000011
10111101001111110011100010101101
10111101011001011010011110111111
00111101010010100001010111101100
00111101000000001101001111111111
10111101001000011000110011000100
10111100101111100010111010010111
10111100100010111101010011010001
00111001111110001110111011000011
10111101010001001101101001001101
00111100011111000101011011001101
00111101100101011001110110110101
00111101101001001011100111010011
10111101010111010010010010011001
00111100100010010010101110000101
00111101001101101110010001101101
10111100010001101111010101001110
10111101000011110101110100011101
10111011100011000011111111011010
00111101111110110010011011111000
10111101110110011100010000110010
10111101001011000010010001111010
00111101001011100101110000110111
00111101101101111011011111100001
00111101011110000110101110000100
00111101110101011111111001000100
00111110001110100111011011010000
10111100101010101111011011001011
10111100110000000111100101100101
00111101100110001111111011000011
00111101001100110100101011111011
10111101011010011001001110000110
10111101010010000010000111101001
10111101000011100110110011110000
00111101011100000010100001111101
00111011111010110001000010010100
00111101100100101000001010001111
00111100101100101101110111010001
00111101010100111011000010101101
10111101000011101101011100110110
00111101000110001001010000111011
00111101000001011000110000010111
00111100110010000011011100101000
10111100001001100011111000011011
00111101100001010011001101001001
00111100110111010100000000011100
10111100100100100000110101000011
10111100000001101110011100001100
10111100110010011100100011000111
10111011010011110111000010011001
00111011101100100000011000111100
00111101100010011101000010110010
10111101000111001111010100010101
10111010101111000001010100111101
00111101101011000000000010101110
00111100000010000000010100010110
00111101010100101001010011011010
00111101111000000010001011100111
10111100110101001101110011001001
10111101011010010101001010110011
10111101100000011000000111111100
00111011101010010001100110011000
10111100110001110011011100110011
10111110000100100110111110110001
10111101100010100001100001011111
00111100101001111110000101101110
10111101101000111100111010001010
00111100010111110100101011101000
10111101100100110111101101111100
00111101001000101101010001101000
00111101010010111000010000111011
10111101000010110000111100111100
00111100110010000100100000110100
00111101000110110001011011001010
00111101001100011101111110101101
10111101010111011010000011011001
10111101001101011010110001000100
00111101110010111011100001001111
00111101010101100111101111001000
10111101101100110111000100011010
00111100110000000000001100110111
00111101000000100100011100111110
10111101001000011010001100011111
00111101001001001001010100101000
00111101100011100101011101100101
10111011110111101000010111010001
00111101001110000100101000000000
00111110000011111101010001001110
00111100111000101100111000110000
10111100110100001001110100001001
10111100100100111110111100011110
10111100100010100111010110001110
10111100100110101001000110101111
10111101110111111101001111010011
10111101010001111011101001111000
10111101101100010101001001101011
00111011110110001111100010110011
00111101111010100001111000011000
10111100111000110001110110111001
00111101100001100011000010000111
10111101000110000110001011100010
10111101101010101100110011011110
10111101010111010001100000011100
00111010111111001111011101100110
00111101111000111010010001100111
10111101011111001110101001001001
10111011110110110101001011000110
10111100101011000000011100001111
10111101011011110111100100110001
10111100010011110010011101010001
10111011010010010000110110111100
10111101010011111111111000111111
00111100000010000110101010101010
00111011100110001111101101100000
10111010010011000100001011000011
00111100101011111111001000101110
00111101101001110101010101100100
10111100101001001000111111101110
10111101100001001001011110010111
10111100110110111000011110011101
00111101010100101111011011010001
10111011110110000001100001011100
10111100010000111110110011010001
10111101000000100000101101101111
00111101100100000111000000000110
10111100111111100111011111011101
00111101000110000101010100010011
10111100010110110001010110101101
10111100101010111100111010011111
10111101010000010100001111110011
00111101011111100110000010000001
00111101010110110000100010111000
00111101011010001011001101001010
00111100101110101100000110111011
10111101000000010011100001101111
10111101000011011110100101110111
10111101000011101000110011110101
00111100101110001110000110010111
10111101000010011010010010101000
00111101111110001101101010110010
00111100000100011011100001100000
00111100010000010111000010110111
00111011111101010101011111001011
10111101010110111100011011000101
10111101011010110001001101100011
10111101100110100101100101001111
10111100010111001110001100001011
00111100001110010111000011111110
10111100010001111101101111110010
00111101100110110011100101110001
10111101000001110110110111110101
10111100111000111000111111010011
10111101010100111001110101110100
10111101101010101000010111100101
10111101010010110001100101101001
00111101010010001100101101010011
10111101110010011101011111101001
10111100010000100101111001111001
00111100100000001000101011111100
10111100100010110000111001110100
10111101101101011100111111101100
00111101011101110110001110110001
10111011111111110010001000101101
10111110001011001010000101111111
10111101101000110111011100110110
10111101000100000100000110000001
00111101000010111110110100100101
00111101001111001000100001101110
10111011010010010111111110011100
10111101010111010110100010001001
10111101101110001110011011100011
10111100110011010100100011110101
00111100100111110101110000101011
10111100010000011001110011000001
10111100011100010010011001110100
00111011110000101110011001111100
00111101100011110110100011101010
00111101001001101111001110001100
00111100001001111000001010001011
10111101101111011100010011110110
10111010010100011001000000011100
10111101010101100101001111101111
10111101001000001001010101001101
00111010100001010100011010001100
00111101001111011000000111110111
00111101000001011111001010111011
00111101010011001000000100100010
00111100010100010110101010011001
10111101111011111000011011100111
00111101000111100000010110110001
10111101011010101101000100001100
10111100101010010111111000001111
00111101110101000110001001000100
00111101000111010000111010000100
00111101100010110001100010000000
00111101101010000001111110000011
00111010111100011101011011000111
00111101001001101101011001100010
00111101100110101100111011100001
10111101101000101000101100010110
10111100111001011000010000110110
00111101101011111111001000110011
10111100110010101011110110101001
10111101110101011110110011011010
00111101100100101010011001111101
00111010110011101110010101011000
00111110000100101101001000000110
00111110000101100111010011001100
00111101010011110100111101001000
10111101001001001011110110110000
10111011111111001111110110111111
00111101011010101000011010010110
00111100010100110000000100110001
00111010010111001011110000001010
10111101010001111100101010011010
00111100111001000111111010011010
10111100000101011110110010010011
10111101101010000000011011101010
10111101101001000010010110100010
10111101100100011110010100101000
00111101001101100000111101110110
10111010001010110111001010010000
00111100100010001100101110111100
10111100110110101011101111101111
00111101101011001001000101111101
10111100101000001111010010000101
10111100100010101110110110000110
10111101010101110100101011011101
10111101000000101011111001101111
10111101001101111100001001110010
10111101110111111000001011110011
10111100101101010110010101011011
10111101001001101110101101000000
10111100101010010100001010100011
10111101001100110010011111011110
10111101101001100010000001110101
00111100101000011001111000101110
10111101100101110000101101100110
00111101100000000110100110010101
00111101000100010010001001010000
10111100011000111011001101010110
00111101000000001000010111101000
10111101100100010101101111110111
10111101111001111100111011000110
00111011101011001101110000011000
00111100100111011011110001010110
10111110000011000111011101000111
00111101001010110001111011011101
00111101001101111010011000111100
10111100110011111100010010111000
00111100001011101000000001101010
10111100101011011000101000101011
10111101100000011000111000011001
00111100011100101101100000100010
10111100110101011101010111001111
10111011101000110111111100110000
10111011111111110110011111100101
00111100110011010001100001010000
10111101010011001000101001000000
00111101110000101010111101001110
00111100111101101100001011011110
00111100010011111101101011010001
10111101001111100001000010100001
00111101000101111000001011000011
10111101101000100110001011101111
10111101011001100111001110001010
00111100100000011110100001100111
00111101011010100011000001110001
00111100100000110100111011101111
00111101011111111111000100111000
00111101001001000111100101000111
10111110000001001001110100011010
10111100111110110111101101001010
10111100100000110111000101011001
00111101001000001000101110101011
10111101100110110011111111000001
00111101001010010100101000000000
00111101101111110001111101011000
00111011100110001010110100011000
00111101110011001011111001011111
10111101101111001001100001010110
10111011101110000000010111100110
10111101110011111001000100111000
00111101011011010010111000000011
00111101100000100110001111110101
00111011010011001111111001111100
10111101010001000001111000110101
10111101100110110000001000111010
10111011111011001010111001101110
10111011011011110001001000000000
00111010110111111111100000110000
10111101100001100000110110100001
00111101100010111011111011011111
10111101101110011100000100110010
10111100110010111100110111000000
00111110000001000000111001100010
10111100111100101000111110001010
00111101100010101110111101111111
10111100111011001001011010111110
10111100000100001011100010010100
00111101001100101100010111111010
10111100111101110010101001001001
10111101011001010011110111101010
10111101011001100111000001100101
10111010111110111001001111111001
10111101110011000011010011001011
00111101000000000101101011111010
10111101001001110111110101000111
10111101010011010111010000011001
00111100011110011110010100001100
00111100000001000010011000101111
10111101101010000001011011110000
10111101101100001100011111000000
10111101010111010100010001110110
00111101100010000000110001000111
00111101011010000011011001001011
00111101000100100001111000011100
10111101110000101011001110001100
10111101001000101100010010101110
00111100111111011111101111011000
10111100000010101000001110000111
00111101110000110000111000010001
10111100001010001101101000001110
10111101010011011100000101111000
00111100000001101101010010010101
10111011100010101010111000100001
10111101101001010101110111101000
10111101100011000001111101101010
10111101010001010010000010001010
10111100000000001110101000000111
00111100011111101101001100011010
10111101001000001101100010101011
00111011001100001111010111011100
10111100101100011110000111111100
10111101111000111011001101001000
10111101011000000100100101001111
00111100111001000111011000011011
10111100100100001000110111011100
10111101110000010011111000111110
10111100100011100010110001100000
00111101100011111110000000111001
00111100000101001100101010111011
00111100111101100110110011100110
10111100101111010111010100011011
00111110000001110011101111001011
10111100101111111010000000010110
10111100001011100011000001101111
10111101010000001000000111111101
00111100110110100101111011100000
10111101010000011101010110010100
00111101110011010100011110010101
10111101011011001011100000111011
10111011000000100001110100101100
00111100101110110111000000111111
10111100000101101101001101100010
10111101100101000111101110100100
00111101010011001111100010100001
00111100110100100111000001100111
10111101011101010000100001011001
10111011110001011010011111011101
10111011111011010100110011000011
00111100010101100000000010001110
10111101100000010010101000001010
10111100110001000010110011111111
00111100111011100001000010001011
10111100100111001110111001010110
10111100001010111100001101101100
00111101100111000000101101001110
00111101000001001110000101011110
10111101011100110000110110000110
00111101011101011111010000100001
10111101110110110001010111010010
00111100000010001000100011100011
00111100100111000110100100011011
00111100101111011110001101101101
10111011101010111010110001101110
00111011111010101001001011101110
10111101110101100111010110100011
10111100010110101111100110010001
10111110000011101100000010111101
00111100101001010011011101100110
00111101111100101101011000011010
10111101000011000101111010101111
10111100110001100010110000011001
10111011000101101100010110111101
10111101000010000111101101100111
10111100011100000100010100001000
00111100001101010000100010100101
00111101010001010001100010011001
00111100111100001001110100010011
00111100111000101011010111110110
00111100111001110000110111001100
10111011011010101100011010101100
00111101011010111000110010010001
10111101110001001011000011110011
10111101000010000111100100010101
10111101001011111110111111011100
10111101001110000011011100001010
10111101011100100010000000100110
10111100010101100111110110111000
00111101000010110001001110000010
00111101000100101001111010111111
00111101111110100111110000001000
00111110000000100101110101001110
00111101001101001000011110000111
10111101100010001100010000110001
10111101101010000001110000010111
00111101100101100010111100101011
00111101111111011111011100010100
00111101000111010011010101001110
00111101100101100100111010000110
00111010111111000000000001011100
10111011010000110001111110000011
10111100101100001101001000010010
10111100111001000110010111100000
10111011000100001110111100010001
00111101000111010010101100100110
00111100111100100110001000101001
10111101000101001100010110101001
10111100110111010001010001100111
10111100101011010010011111100001
00111100001101010101111111000001
00111100000000110111110111011111
10111100011011100101000000011110
00111100111101110011101001000010
00111100100110100101011111100011
10111100011101011011000011101100
00111011010000100011001011010011
00111100100001110010001010010011
10111100101110100001000001111011
10111101011010100100001101111011
00111101000110101001100110110110
00111101001011010011100011110000
10111101001101011100111101011111
00111110000000000110001100110100
10111011101101000110110111010111
10111101001100110011101101110110
00111101110100101110001001111001
10111100010101100111000001110110
10111101101100111000000001100011
00111101111001110010100001000100
00111100000001101100100101000101
00111100000011100001011000011100
00111101001001111110101011011001
10111101111010100010000010101001
00111010111011100111010000001000
00111100001111001111000101010001
00111100000101101101011000011101
00111100100110011111001111001011
00111100101111101010100110001110
10111101101000000010001010101000
00111101111110001100110101111100
10111011111101111001010100001101
10111101000101000110000000101010
00111101000100100111101001011110
00111101101001011011100011111011
10111101011011011111101010001010
00111101000010100110011111100111
00111101001100110011111100100111
00111101100100010011011011100010
00111100110011000100011000010110
00111101100011101000001111000011
00111101100100001101111110000101
10111011000000010001100000010001
10111100100100011010000110010011
00111100001010011001111011101111
00111100111000000111100000001101
10111101010111100010010010111011
10111110000001101110110011011010
10111101100111000110011011001000
10111101001010101010011100001101
10111100000100001010110111011000
00111100010001111110111011111010
10111101000011010101010110000110
00111101011000110111000110100110
00111100000110011000100000010000
00111100111001011001111001011110
00111101001000110010011110011000
00111011001101101111010001111111
00111011000100001010001001110110
10111100110011101110101000101000
00111101011010011100110011101111
10111100000101111101000100100001
00111101000000111111110010001110
00111100111101000010110010010010
10111101100111101011010111000001
10111101101011111101000111010111
10111101011010001110100110011111
10111101110000001101000111100110
00111110000000101110011111110000
00111101011000101100001100111111
10111100110000000100010000011100
00111101000011000100101000000110
00111100001010101010010101001101
10111101011100010010010011010110
10111101010100100110010100001010
10111110000000000010001010010111
10111100110111111110110001111111
10111101000011010011000110101010
10111101101011111100010101000000
10111101001011111111110111101111
00111100001000110001000010100100
00111010000101010100110101111101
00111101110100101010111110111101
00111101000110110110111111101011
10111100101010110001100111000110
00111101100110001100001100110101
10111100110100111000110010000001
10111101001010111111000110110010
10111100010101110001001101001100
00111100110001001110000111010100
00111101000010000000110111010001
10111101100111111110100001000110
10111101001100000100010001000000
10111100111010011001011101011000
10111101011010100000111100100011
10111110000011011110111010100011
00111101011111011100011001110101
10111101000110001110111010100001
10111101011000001101101000110100
10111010101011000001110001010110
10111100000011011001100110000000
10111101001111000001011011011100
00111101010100010110010010001100
00111100111000111111001001100100
10111101011011110000001010000100
00111101001101110010100111010100
10111101011111010011001100010011
10111011110100101011101101011100
00111011110000100000100111110100
00111100001011100001111000101101
10111101100100011100010100101011
00111101010000110001000100101000
00111101010110111101110001101110
00111101110000101011110011111110
00111101001011100000101110001001
00111011111010100000100100011110
00111101000110110111011011001111
00111100110010100000000100110110
00111100011101010110110000000110
10111100000001000010010111011001
10111100111100000000011100110001
00111100001110111011101001000011
00111101001000000001111110100001
00111100100000010011101100000101
00111100100010011010101111101111
00111100000011101001111100111100
00111010111110101100110010001001
00111101110001110110000010010111
10111100100001001100010010010011
10111100010111000111101000010101
10111101101011000110110111111011
10111101100000101010001000010010
00111011111111101011011001010110
00111101000000000010011111001001
00111101000010000000011001111111
00111100110101100111001011111001
00111101000110010000110110100110
00111011100010101101011010010011
00111101100100100100110101111111
00111101100000011011000011100110
10111100101100100001000010011110
00111101100010001101101111010101
00111101000000001100110011110101
00111100110000010001110011001101
00111101111000111000111111000011
00111101000010000000110010101000
10111011111000011101100110010010
00111101100001010011000011110011
10111011111101010001001000000011
10111100101101011111101101110001
00111101100011000110101000001001
10111101010010001000101001000001
10111101000000000000101001100011
10111100011000101100000011010001
00111010101101000100001011011010
00111101010010100101001100010010
00111100110111101001100100010001
10111100100100010001110010011111
10111101000111011111001101111010
00111101010000000100100010101001
10111100110011101111001101110010
10111100000000101011100100110100
10111011101111111101111010101010
00111101001100110111101001101100
00111101001100000100010011000110
10111010010101010010010011010000
10111101110110111101110011111011
00111101101100000011100100110111
00111101001000101100000101111100
10111101001111110011111111110001
00111101100011010010001000001011
10111100000100110000000011000101
10111100111101011001000111010101
00111100100101011110010001110001
10111101111100011000010101001010
10111101010101100000001001010011
10111011101101101011111101001110
00111100011111111100011000101001
00111100111001000010110000100110
10111101000000011011111011100001
00111100111101011110001111011111
00111101000111100010100000010100
10111101101000001100100111111101
10111100101011100011101000111101
00111011101000100010101111010000
00111101000101001100100000010100
10111101001000110001011001101111
00111100101010000100101011010010
10111100001100000011111100011011
10111101100110101010110011010000
00111100110001100000111010100100
10111011010111110001011011110000
10111101100101110000100001010001
00111001100010101111100110101000
10111101100011001010001001011011
00111010101001001001100011011011
10111100011001010101011010100000
10111101011001110011000011100000
00111100010011000110111011011010
00111100101001101111001101000000
10111011100111011101110110100011
00111101010000001111001000001001
00111101100110011011111000000100
10111101000111000001001000101010
00111101000010010101111011011101
10111101000101110001110011000010
00111101100001111101110101000000
00111101100110000111000000010101
00111110000000100010100010011111
00111101101110000011100010001101
00111101011011110110001110100111
00111101000010001000101100011101
00111101000110100100001100011111
10111100011010101010011111101110
00111101100011110011010110011110
10111100101110011011100110101100
00111101011101010101001011111001
10111101000000010000101010100010
00111100111111111111101110001011
10111100110010011001001010010000
00111101111100101011111000000100
00111011011100110000111001011001
10111101001101010100100100111101
00111101101011101010000001000111
10111101010011010111110000011101
00111101110010000001011101010001
00111101110011011111011111101111
10111101101110111000100100001001
00111101010010000000001011101110
00111100101011111110100100000010
00111101001111101100001011011010
00111100110010010011000000010000
10111011101101101010100000001111
00111100100100000011110111010001
00111100000001010000000100001100
10111101001011100000001100101110
10111101100100100111110111100111
10111101110010111110110010111111
10111101111001011000011010011100
00111101010111000011110000101000
10111101100010010110100100011111
00111101101001100100011001110000
00111101010001110001011011101001
00111100110011111001100001011011
10111101011110111111110000100010
10111101001011011110000100001100
10111101110000001010010010010001
10111110000110010100101011001011
10111101100000010011011100100101
00111101011001010001100100010001
00111100110000001111011010100100
00111100110101000110000011010010
10111101001111100011101011100010
10111101100110110110100011000011
10111110000000101101010000010100
00111011110110100000101000010010
00111101000000000001111110000110
00111101100011011101011110111100
00111110000100011000001000111101
00111100111100000011001010011101
10111101010111111010101001101010
00111100110000011000000001111100
10111101111010111011000110001010
00111101001100001010010001111010
10111011110110010000100001100010
10111101011100101000101110101011
00111001000111100101010010110001
00111101101110111001100111001011
10111101000011111011001100100100
00111100101001001100101000100011
00111010111100110000100101101111
00111011110000000100010111100110
10111100110000000110010000111000
10111100110110101111010010011100
10111100011011001100010110101010
00111100101011101000101001101010
00111011001001011010111011000000
10111100100110011000100001100111
10111100110110001101111101000011
00111101011100010001010100001001
10111101000010111110100000000000
10111101100010100111010101011010
10111100111111110001011100001010
10111011110111011010001101111101
00111100010101000110101111010010
00111100000110011111110000100011
10111100111011111110000111011100
00111010101110110101011001110000
10111100111001111100010101110000
00111100100010110100101000001101
10111101011010101001101000100101
00111100101101000001111100101111
10111100100110010110111100100000
00111101010100000001001101000101
00111101000011101010111100110011
10111101101100101010110010011010
10111101001100101001011000100011
10111100111000110110000000001001
10111011110001110001100101000001
10111101000011000011010001011001
