00111101000011000100100010111111
00111101101101111011111111001110
00111101001111110010110100010110
00111100100011101101101111110000
00111011110000000100111011001101
10111101001001000111010111110010
10111101000000011101101111111000
00111101110000110100101100101010
10111100111111001101110110010100
10111100101001101100110101110000
00111101000101110100100100000001
00111101100011011011101000110011
10111101000110011101011111001111
00111100100011010010001101001001
00111101001010011101000011101101
10111100011000010111111101001111
00111100100110010001010100011001
00111101011100000100010001010100
00111101101110110101011111100011
00111101000111101110000110011111
10111101000101000010100001101100
00111110000111101101000111000110
00111011100100111001101111000100
00111100010101010001100101011110
00111101001000101110100100001111
10111101001001001100111111010011
00111100111101001110101100010111
00111101010001011000101010100000
10111100011010111101110110001000
00111100000110110000000010000000
00111101000000110001001111010000
00111101111000101001111110010111
10111101101110011010101100110100
10111100101001100111100011111000
00111110000001101001100000011001
00111100101100010010101111111011
10111101110001000110011111010001
00111011011110111100010110011011
00111011111101100000101111011101
10111101101011011011110001101011
00111101000000011111010010110010
00111101011101000000010111100110
10111011010101000001110110000011
10111100110111101111110110101011
00111100000000001011000111111011
10111100011111001110010110010010
00111101001101011000111000101100
00111101010100010100111011110111
10111100110110110110001001001001
10111100010011000100110001011100
10111101001001110101010100011001
10111101010011101111101101101100
00111101010000100001011011111011
10111101010000101101001001000001
00111101100011011101100010101000
00111101000011110001100010000001
10111011010000101010001100101000
10111101010110111010101100101001
10111101101111100001000001111011
00111101001011001100110000101111
10111101101111101110100101100001
10111110000010101111111011001111
10111100000000001101110000001010
10111101000101110011111011101101
00111101001111011011111101111010
00111101110111110111101001010111
00111101001110000110101100011011
00111011101101011110011011010100
10111101000010101000111011110011
00111100110111101111011011011010
00111001010110111000000011100110
10111101100100001111011110110101
00111101011111011011001111111101
00111101101110101011101000000010
00111101010110100111011100101001
10111101011000111010111100101011
00111100110101110111000010101011
10111101000101010000000111010001
00111101010001100000100010101110
00111101101010101101100100110110
10111101010011000010000011100001
10111101101111010001110001110000
00111100000101111001010010100001
10111101000101100011010110000101
10111101100010111011011000000000
10111100100101010001011110101110
00111101101111001010010000010000
00111101100111101110001001001001
00111101001101000110010001100011
00111100101001011100111110100101
00111010101010011000111110010110
10111100110001010001110100111111
10111100110101110111100011110101
00111101111001011111000000010011
10111101010000011111011101001000
10111101110101010011001001001011
00111010100000100111000011111001
10111101000000011111101010000110
00111100001010110110001011011000
00111101101001101111111101001101
00111101010000010100100100000101
00111100100100100111001100110110
10111101001001011011101011111010
00111101001101101000000010011001
10111101100100000000100000000100
10111110000000100000010111101000
00111100110011100001100100000001
10111101001011011101011111011010
00111101000001100000000110101110
00111101010111000111001101001000
10111101101011010011101011111001
10111011100101001011101101011010
00111011100000111010000000111110
00111101001101111111111001001101
10111101001010101001100000001011
10111100100010011011011010000111
00111101000100001010110010101000
00111101111111110101000110100100
10111101100001111001010010010101
10111101001101110000110010001100
00111100101000110100101000001010
00111101100011111111111111101010
00111100101000001110010010000010
10111100101111101010101000010000
10111101100000110011011101100011
00111101111010111011011100011001
00111101000001000011100010101000
00111101100111101111100101001111
00111101011101001111101001000010
00111100100101011111111111110010
00111101000111000100011001101110
10111101001000100111100100110101
10111100011111110111011010000000
10111101110111011100110000001101
10111101100100010110110011010001
10111100000000111100000111011100
00111101011111110100100000111001
00111101000110011001110110101101
00111011001101001011001111101010
10111100100000111101111101000100
00111100011111001110101111000000
00111100100100010101110100011001
10111101001001111100000001000101
10111100100101110001001011010011
10111101000011001010111010100111
00111100101011011110110011101000
10111100111000011110000010110101
10111100000100010100001000100000
10111101100000110100110000000100
10111101000001111011111101101101
10111101101100000010111000011010
10111100101111001110100110000100
00111101101011100110011101000001
00111100100011000000101111110100
10111100110110110100011111011100
00111011011011110011100011000100
10111100100001110111010100001011
10111100100010110101111010110001
00111101000111111010111010110111
00111011011000100010111100010010
00111100111010010101111100101000
10111100110000111001000001010000
00111101001000101001110010110011
00111101010010101011010010111000
00111101001001100000010000011111
10111100101110110011010100001111
00111101010111010101100111101110
10111100101111001111010011011111
10111100101100001101101101000000
10111100010000000100101010111110
00111100000001110110001011010111
10111101000011001101010110100110
10111011111001111010001001101000
10111101000011100001100100101000
10111100001101101011000001011111
10111100101110110101111001001011
00111100111010100011110101100000
00111101110101001000101100110001
10111100001100111110101011111000
00111101001100011100110111110011
10111101011001100000110101000110
10111011111111111011001101110011
10111011101110110010110111110111
00111100111101100110100101100000
00111100001011110100010101101001
00111100001100010100110011000100
00111011010110100100010110001100
00111101000010110110011110001110
10111101101000001110101110010100
00111100100011101001100101111110
10111100100010011010110111000010
10111011100001000110010001110000
10111100110001100111100100101010
00111101011011111110100011001000
00111010100101011110001100000110
00111101011011001001111010000000
00111100100010010011100110111111
10111100100110001010111111001010
10111100111101000011111010011111
10111101011101100010001010011110
10111101011010000010100001010100
00111101110000101000011011011001
00111100111010001101000101110011
10111100101100010000000101011110
10111101100101100101110111000011
10111100010110011110011010100111
00111101100001000011011110010100
00111100000000111010000001100000
10111100010100110100110010100011
10111101011011011001011001100001
00111100100010110011110100111100
00111101000010100010110101011001
10111101000001000110010000101011
10111101100110100000111000111000
10111100001101000000100010001001
10111101110001000110100000110100
00111101101100010100001110010100
10111101000010011100000000000101
10111101000011100010110000010011
00111100100111100110010100110000
00111100011001010000111001101111
00111101100110110101001110111111
10111100111111011101101100011011
10111101000101110001101101101000
00111101001010101000010001000101
10111100101100110101001010100110
00111100101101011101110111000010
00111101001110010101101100110101
10111101110000111100100011110000
00111101100110111010101011000100
00111100010110100011000111001010
00111100101000010010001110110011
10111101100111011010011110100100
10111101000000110110001111110100
10111100111010001010101011100000
10111100010001000001000111011100
00111100100000111100111011010001
10111101100010010001000010010100
10111100011010111100001011011110
10111101010000000011001001011111
10111100111011111001111001000000
10111100111011100000100111110100
00111101011100101101010011001000
10111101101000011110010101001000
10111101000000001011010000100011
10111100111101000000100110100010
00111100101100010000111010101011
00111101100101001110010011111011
10111011100011101000110010111100
00111100101111101101001000010110
10111010101111010000101101110011
00111100011000001000001010010100
10111101110110100110111000111100
00111101000100010100000111001111
00111100011110110011001100010101
10111101000100000110100011100101
10111011100100100010001010111000
00111101001101000100100011111111
10111101011001000111001101001101
00111101100101111011111110001001
10111010111111110001001011001010
10111100100001111010000010110111
10111101010101100110000110001001
00111011111000111001111111001010
00111100101111000111100000010010
00111101010101011110011111111010
00111101010010000100100111010101
00111101011011011100100110101100
10111100000001111001111101111011
10111100110110001100000101100000
00111101110011110110100001010011
00111101100011101111100111111100
10111101000000001010100000111010
10111100101101100000010001100100
10111101011011111100100100000110
00111011101011001111010110111011
00111100111011001000101111111111
10111101100000011001010010010001
00111101011001011111100001000100
00111101010111100100011100011111
10111011100100110010011000111101
00111101110001000011011010101110
00111011101001100011111001000000
10111100110111010111100011111110
00111011111111010101101101100100
00111100101111011000101001111010
10111100001000010001000110101100
00111100010100101010011100101110
00111100101111011101100101111010
00111100110100100011111001011011
00111101100001011100110011001011
00111110000100001100001001111111
00111101000000011100110010110111
10111100010101011101010101100000
00111101100111101110000001000011
00111100111111010101010100000011
00111100011001101001010100100100
10111001110100100000010010110100
00111100000111111010100010101111
00111101100101011100000000111011
00111101011101000100100011100100
00111101010111010011001101011000
00111101000101000110011010100001
10111100011001100011111010101000
10111101000100001110000101111010
10111101000001111110010001001010
00111101100111111000010011000100
10111100100001011111011100100001
10111101001100100000101011010010
00111100100101011010001110010010
00111101101000000101111110101001
10111011101011000100000101011011
10111110000011010010101111011110
10111101001110100011001011001100
10111101101010101110111110000010
00111100111010111101000011001111
00111100001110000000011000010110
10111100111100111110101111000101
10111100011100001011010000011000
10111101011000001111000101001000
10111100101100000110101100101101
10111101100100100001101001100000
00111011100111011000000100000100
00111100111111111011001101000001
00111011101100100000101101111111
10111101100011100011101101110111
00111100111101000111011110010110
10111100100110100101010010101100
10111100000100101000111111101101
00111110000100010001110010010010
10111101100110011000110111011100
10111101101011010011101011011000
00111101000100100000110110000000
00111100101110010101011101101101
10111101101001011101100110010000
00111100101010011010110010110001
00111011010011001000110110111001
10111100100100010000110010000111
00111100111011101101001110010001
10111101111011100011100111010100
00111101001011010101001100011011
00111101100111110110111110111010
00111101100101111101010101100001
10111100001010111110010000100001
00111100011100101010100001100001
00111100101100001010011001000101
00111101101001011010001110001011
10111101001000011111011100101100
10111101100001111111000000101111
00111010010111011010010111000001
10111101100001101010010000101100
10111100110001001111001011101000
00111100111110001110011111111100
10111100110110010010010101110010
00111101100101011001011011000110
10111101010110011101001111101100
10111100100111111001010111110100
10111100111101011100110000111101
00111100101101111111101000000011
00111101011011010111001100100011
10111101100110001011001001101101
00111100001001110010010111101110
10111101100111001111101101111110
10111101101101011011101011011000
10111101000001001100010000101101
10111101011101110111000100110100
00111011110010000000110000000111
00111101000000111111111000110010
10111101001010101100001101010100
00111100000010100001000110110110
00111100111011000001011001110100
00111101101101011110001101111100
10111100110100010011011001111011
00111011111000101011110011110100
10111101000110100010001111100110
10111101100010011100001100110101
00111101001111001111010110001110
00111011101011000111001110011110
00111100100111100110000000000111
00111101001100001100100001001000
00111100000111101111001010000110
00111100100010011001001011000101
10111101001001111000000111001111
00111101100011111101111001101101
10111100111110011100111011110000
00111100000101000100101101100011
00111100101101100110100010111110
00111101000101110100110001110100
00111101110111100011010110111100
00111101011100001100111000000111
10111101100000001110100010100101
00111101101110010110100110100010
00111101001000000011010100001110
00111101001100101101101001111010
10111100110011001111101110000111
10111101100011001100111001011111
00111100100101110010100110111000
00111101010001010000101010101111
10111100001111000011001001101100
00111011111011011011111001000111
00111101000001000011011100100001
10111101100010010000101101110011
10111110000110101000001011001001
10111101110110011111100101111101
10111011010110011011000111001110
00111100101011010111000100111001
10111101101111100100101101100100
00111101000110011011100000011010
00111101101111111110001111000001
10111101010010010100101100011111
10111101000101111110100010010110
00111110001000000110001100000101
00111100000111110001000001010010
10111100100010011111110111111101
00111101101000011010010011011001
10111100011111000110001011101100
10111101100100001101100100010010
10111101000111111100010101101010
10111011111011101100110110110110
00111101001100011010011010101110
10111101001001011011110000110011
10111011111110101011110110010001
10111101100101001111110110111010
00111101101111001011101101010001
00111101010100101101010100100001
10111100111111100111000100100110
10111100100111101000000001010111
00111101101011001110100110101101
00111100100110011000100100010011
10111101100001011001111001000111
10111101011011110101110110111101
00111010111000100000101110011000
10111100100101100111111111000011
00111100111101101110101001110110
00111100000111011111001000101101
00111101000100100010111110101001
00111100100101000011100110001000
10111101001111100100101111000100
10111100100010000101111110110001
00111101000010111010101100100001
00111011101010100111010111011101
10111101100111011011100010011000
00111100100110001100001100001000
00111101011111111011001110000100
00111101011010001100000000101001
10111011100111011100000100100101
00111101101000011110010110001010
00111100100100001101001010110001
10111100110000000010001111110010
00111101100011011001110011110110
10111101010000101110011000000011
10111100100111100010011100100000
00111100101010011111010011011001
10111100110011100110111100011010
00111101010011010011000100110111
10111011100110001001010111101001
10111101101110000101111100010010
10111101001001111111001110010110
10111101101111010100100001010001
10111101010001001111110110010101
10111101110000011010101001001000
10111101100111011111100110000100
10111100100110011100111011000011
10111101100001001011011111011101
10111100111100000100111100010000
10111101100000001100010110101010
10111101100011011001011010000111
00111100011000011010001110100011
10111100111010000111111100111010
10111101000001100000001111010100
10111100101000110100111101100110
10111101100100111101010101101101
00111011101011110010011100011111
10111101110100011000010000010010
00111101011011001111011001011010
00111101010101000001011001101100
00111101010101010001000111100010
10111110000100101000110001011101
00111100110110101101111111100111
10111101101111000001001010000101
10111100110100101101110010100000
00111100101100010110110001100100
00111101011111100010101010000100
10111101011101100110101000111001
10111101001000100100111100110001
10111100011011010000011000001110
00111101100101111010101100111010
10111100100011110110000001010101
00111101000101001000111100100010
00111100111010000011101111100011
10111101001011001001101011110110
10111101100111011001011000101110
10111101100010100111001110010100
10111101100100101101000001100011
10111101100101111100110100011100
00111100000100010010011110110111
00111101010110100011110111010001
00111101101011111001001001110111
00111101101001001111010010011011
10111100101111111011010101111101
00111100101010101000101101101010
00111101100000000000111101110111
10111101100110111110011011000000
10111100111100101010010110010001
10111100111100011011110000110010
00111101010100010111000000111000
10111101100111111010110100111011
00111100101101011001001100001010
00111101101101100111110010101000
10111100101000010110111110011011
00111011111000111000001010011000
00111101001110000001000001000110
00111101010010001100100010100001
00111101000000101101010010101111
00111101010100011101000001110000
00111101100011100000111111011011
00111101101001110001010011100001
10111100111110101100101111100010
00111101000100101010011010110001
00111100001111010010000111000011
00111101100100010010000000011000
00111101101111100100010100110001
10111101010100001100010001001110
10111101111010001100111001101100
00111101011101000010011000111001
10111011000000101000110110111100
10111011111000101010101110000011
10111100010100100001111000100100
00111101100000010100100110000111
10111101100110110111011101101001
10111101110100011001101000100110
00111100000001000010001000010111
10111100110001000101110010111000
00111100100101010100110010010011
10111100000111111110100110110111
00111101011010000110100000000000
10111101001111010011000000100001
00111101001101010000000010011001
10111101000111110100011010011010
10111101100111101111100101100110
10111101101000100001001000011001
00111100100011010010001000010001
10111101011100100000101100100101
10111101011100110110001111110001
00111100111011110110001111001111
00111100100100000011100101001001
10111011000100011100001101111111
00111100100000011111100011111010
00111101001000011011010001001011
00111101100011100111000011001101
00111101011000100010001010110011
00111101000101101110010001001110
10111110000000110110101001110011
10111101110101100011010101000101
00111100100110011011111001111111
00111100111000110011000101000011
10111110001100010100000101000101
00111011111101110101011100010010
00111100110010010001110110111000
10111101001001100100000010100010
10111101011100111001100001011010
00111101010100110010011001010101
00111100111111010101101001010010
00111100101111110010100100101111
10111101110111001011011010001001
00111010100011110001000110100000
10111100000111010010110100110110
00111010111100100001001110101110
10111101101101110010110101100000
10111101110001011011111010011010
00111101010010100110010110000110
10111101110001001010111010110000
10111101001111101001101100110000
00111101101000101011111001000001
10111011110100001010000110110101
10111101111001100000000010011101
10111101000110101100101010011010
10111101000111110011100010001110
00111100000100000010010100010011
00111101001110101010001100000100
10111100100111001011110111000110
00111100111000010000101110101100
10111101100000010110111000111110
10111101100101110000111110101000
10111010010100010101111100111000
00111100101101000100110101000101
10111011111000101110000010111001
10111101101011111100100101010001
10111100010001011001110100000000
10111011011100111100111101011011
10111110000010000111110100001111
00111101100001100000011000101100
00111100110100100001011110000011
10111101100000011010010010100011
00111101001011101011101110111001
00111101100101011001011111001000
10111101001011110100010011110110
10111011111011111011000111001100
00111100110110000001111110110101
10111100111101010110110011100111
10111101101100001000110100101110
10111100101111111111110000010100
10111101000110010001000111101011
00111101001001000000001011100101
10111101100001011010101001101010
00111100011010001010101100011000
10111101010010001111001010110100
10111100111101101000111000111101
00111101010110001011100000101100
10111101000011110011000000111001
00111100011100001101010110010001
00111110000101101001010000111010
10111101001001010100001001011111
00111101010001000110101100101010
10111101101000111011111001111000
00111101110001011010100111110101
10111100111101111111111010010001
00111100111001001001100000100010
10111100010011010011010000000011
00111101010110111011010110010110
10111101101001011001011111100101
10111101110000111100111011011111
10111100110011001101001010110111
10111100111111000100100110101001
00111100001000110010101011110110
00111101001110010111110100001000
00111101110110110101110000111010
10111100111111010010110000001100
10111011101011000000000100001001
00111100011011111001001110010101
00111100101100000110110100011010
10111101100110011101100001111010
10111101100100001111011100111011
10111101010011010010011110001101
10111100111000110101010010110101
00111101000111100000101000101101
00111011101100101101000010101110
00111101110001101111010011000101
00111100101100000000100101001100
10111100110110000010000100011110
10111100011100000000101100100101
10111101101111000010001000010101
00111101100101000000010001001010
10111101110000110001010011000100
10111101110010101011111010010101
00111101011001101101011011010111
00111100100110000111110100101101
00111010000101011110001110110100
10111101011100000100101111000101
10111101010100011000001101110100
00111101011010011100011001001101
00111101101101110110100111111110
00111100111101110101001110000110
00111100100100101010111001011000
10111101000011000011110010000000
10111100111010000001010011111101
10111100001111000111111100011100
10111100110000110010110110001010
00111101100010001111111111101001
00111100110101010101001110110111
10111011011001111100110010110010
10111101000101000100010110010101
00111101011100011110110111011100
10111101010010000111110110110100
10111101101010100010110100110001
00111100110100100011000011111101
00111101110000000110010001000001
00111100000110010100111011100111
00111101101000011000111101010010
00111100110010000010110110100011
00111101011001011010110111110000
10111101101100001111001011000010
00111100111110010101001000101001
00111011100001101001011111110111
10111100000001000010000111111100
00111101000011101010110100010110
10111100110111010101100000110101
10111010100011001100110011011011
10111011101111001001110000110000
10111101001111100100101101111001
10111101001100001101010100110110
10111011111001101110111111000101
00111011110100010011101111110111
00111101101010111111001100111000
10111110000000011111001010111110
10111001110100110101100010000111
10111101101010111100101011001101
10111100111111110100001101000100
10111101011011111111111001000011
10111101001001001111011001010001
00111101000110000110110010100001
00111101000000010000000101011110
10111011111110010010100011010110
00111011101111111001110011000111
00111100110001100010111110010010
10111100011001010111101011001000
10111101010110000100101101101000
00111101011111000110011011001111
00111100100111001110111011000000
10111100001100011100001111111111
00111100000010000100110100101111
00111101000000000111010011110111
10111011010100111010010001101010
00111101010010000011011110110000
00111100000100000111111101101010
00111101000111111001010101110100
00111011000100001000101101001010
00111101110000011110011101111000
10111011101111100011111010011011
00111101100110101100000110110111
00111100100111010010110100111110
00111100001110011000111110101110
00111101011100110011010011010101
00111100110001000010110110010111
00111101010110010011111010000110
00111101010000110100001000100001
00111100001010100000110001001010
00111100001101110010100100011101
00111010011001000000000111000110
00111100010010010000000110110101
00111101000000101010101100000111
10111101011110110110110011100000
10111101101111011110111010111011
10111100101010111010001111111010
10111101011100001100000111010110
10111101001001101100000011001010
10111101000001010111010111100010
10111101100001100010100101011101
10111101011001100111001111000111
10111101001111101000011000010100
10111100111010111100000101110011
00111101001101000011000011010100
10111100111111001100000011111001
00111101001010000101011111101011
00111101100010000001110101000001
10111101100001110110101111100111
10111011010111100000100101101110
00111100100010010000001100100110
00111101001001110011111001101101
10111101100000111010010010100100
00111101111000101110011011001110
10111100000011010100000000011110
10111101010011101111000111001101
10111100110010100001011111101000
10111100010100010000111100000110
10111101101100010110101011011111
10111101000111111001010000111100
10111100101101001100010000111010
00111101011000010100110000110001
00111101000011100000001110010110
10111101111001110010011101110001
00111101001000010111101101111110
00111101100000100011010001110000
00111100110001111001111000111101
00111101001111010011010100111111
00111100101001000100000111100001
10111101000100011111011110100011
00111101001000001000101010101011
00111011111011011101000101111010
10111101000011001000010010011000
10111100000000000111101000001101
00111101001011001110101111100111
10111101001101010010101111001000
00111100110010001100011001011111
00111101011010101111010101100100
00111101001010001101011110111100
00111101100100011111010101001010
10111100111000000000100100110001
00111100100000000101100100101011
00111100011110101111000011110101
00111101000101001000001001111000
10111101011110101010001010010101
00111100000111110000010010100110
10111100111011000010111010001010
10111100110101100001001011110110
10111101100001111101100010000111
10111100101001110101000110001010
10111101100101000111111100101011
00111101101000110000111010111010
00111011010110101101101001111111
10111101100001001100000110101101
00111101100100001101101110010011
10111100100111001001110011110100
10111101001011010100111011011111
00111100101011000001101010011100
10111101111101101110000101001111
10111101100000001101011111000110
10111011010101001111011011000011
10111101001001000111001101111000
00111101011010100001010011100001
10111100100111101010110110010010
00111101101100110011001111011001
00111101010111110101111100010010
00111101100001110111101111111001
00111101001010101011101101111110
10111100100110111001110011011011
00111101011111001001111011100100
00111101010001010001001101011110
10111100010101010010011101000011
00111101011100100000011001101011
10111110000010100001000010100000
00111101110001100110110000001100
10111101000110101110011110111101
10111101011101100100010110101101
00111110000110001100000110001001
00111100110111001011110101000001
00111101011100101101011001000110
10111101101101011100001001101101
10111101110110111010110000011010
00111100111111000110110011100011
10111101100000100110011000000010
10111100011011011100011001000110
10111011111101010110011000100000
00111100110101110100010110101111
00111101100101110010100101011110
00111101110110010101101000000111
10111101000100100001001011101010
00111101100101001110001001110100
10111100010110011001111110110011
10111101011001001001100011011111
00111101010100100100001011010001
00111100110000000000100111000010
10111101000001111111101111111101
00111101010100101111101010001011
10111101010001101111110011100110
00111100011100011000000010101000
10111101100010001111100111101111
00111011101011011001010101011111
00111101011110111010111011000100
10111011110100110010101111101010
10111101000100011110111001010101
00111101001000000100110000100101
10111100000101001011001001110111
10111100111010110110110110101101
00111100111001000010100101000111
00111100010000010111001000110010
10111011110100011010100010001000
00111101000110001011101110001011
10111101001100110110101001110000
00111100100100011011001110001010
00111101010010110010001101110110
00111100100011101101001011111110
10111011110111001101110111001100
10111101101101010000111001101100
00111101000011110111100111100001
10111101100111110100110100001011
00111101001010011100010011111110
10111011110101111000011011000101
10111101000100010101110000100011
10111101000100101001110000111111
00111101011001100010001011111011
10111101110110101110001011001001
00111100001101000010001100111000
10111101101010011110011000010011
10111100110111001101110101001101
10111101100010100100100001011100
10111101011011111110011110010000
00111101100111111010001000101011
10111101011001011110011011000011
10111101111000101110010111000001
10111101010011010101101100001100
00111101010000011011111100110100
10111101010110101011001010101100
00111100001011100100011110101110
00111101010100100100110010000000
10111010001110111110000111001001
00111101100110001000111100010111
00111011000010100101001101101111
00111011000011010110101011111010
10111100100110100011000110001001
00111100110010001000101011010011
00111101101100100010111011011101
10111100101000100000101110101100
00111101000000011100101110110101
10111011111011001101001000001110
10111100011100101111111011110110
00111010011010010101000101000110
10111100110000101011110000000100
00111011000101100001111001111000
00111011111011110000000000110101
00111100000010101000011100010000
00111100000011001100100101111001
00111011010000000000100000111100
10111100100000000100100100010111
10111011101110100101000111011111
00111101100011110101001111011100
10111101011001111010101000100111
00111101011010101000001001110011
00111101011111010110010011111101
00111101011000110111110101100111
00111100101101001011001011110001
00111100011111100010110101011100
00111101000100110110010011011000
00111101011000101001000000100100
10111101110110010000010010101101
00111100010010111101101111100001
00111100111010100100110010001000
00111110001110101010100110110011
10111110000000000011100011111111
10111110000000111100011000010000
10111100111111011101100011011010
00111101001110011011011101000101
00111101011111000101110110110111
00111101100101001011101110101101
00111100110010011101000000010100
00111101001011111101000111110001
10111101111110110110101001011101
10111011110110010001100001100001
10111101100101110101101101100011
00111100100010110011111000100110
10111101100010111001000000101100
10111101101111011110111110111011
10111101011111000000001111101101
10111101000011010111011011111010
10111101000100010011011110000110
00111100110110111100110001010011
10111110001000100011111011100001
10111101000011010100100010110001
10111101000001101101100000011011
10111010100110101000100110101001
10111101000111110100010001001001
10111100001110111100001110010110
10111101001101110101000000010010
00111101100000100011100011000101
10111101100110011100011000101010
10111100000110000110010110111110
10111011010000010011110111110101
10111101001001101111000110101110
10111101100000110100101001000110
00111101000000110101110000111000
10111100101011101001001001100000
00111101000011101000110011110010
10111100101000111100111000111011
10111101000110110010010101101101
00111101010001100100000100101010
10111101110001011101010100110001
10111101001011000111101010111111
00111101010010001100101001000000
10111101101111001100001000111011
00111011100010111000001011010001
00111101010000000001010010111011
00111101000111101111000011111101
10111100000011001101001010100010
00111101001000000001101110011110
10111011101100001111001110111110
10111101101101001101101001000001
10111011110000011011110001100111
00111100100001101011001000101100
00111101000100110100110010100001
00111101010111110011111011110111
10111100111111111111110000101110
00111100011001011111110100000111
10111101010010000001100110101111
00111011111001110111111011001010
10111101100010100000001011100101
10111011010110001100101100010111
00111100110110010011110001011001
10111101000101000010010001100100
00111101001100010110111101011010
00111101100110100110100001101111
00111011010111000011010100100000
00111100110001001111000101011110
10111101101011100100010010100100
00111101100001001100010101010100
10111101010000100110011110010100
10111100101100000010010010111110
00111100101110000011100000011110
10111100001001101111011001011110
00111101010000100101111010111011
00111100101110110011010111011000
10111011000110100011101000001101
00111101101010000001010111000110
00111101001011011110000010101110
00111011001010010111100101010011
10111100001010111111100100011001
10111101010110001001100010110010
00111100000000110001010011110110
00111011101010011100101010111100
10111101110000100110000011010101
00111100000100000101110111110100
10111101011111110111110111000011
10111101000010011011101101101010
00111101100100011100000111010111
10111101001110110001001100100000
10111100011111111001011011011001
00111100110001000000111000001011
00111100101000011000111011001011
00111101001111010000100000011101
00111110000010010010001001110101
00111101001101111001111010111010
00111101011101100010011110010010
00111101100010111111011101111010
00111101100000101000010111010101
00111101101110111011011111111010
00111010110111010011001010000001
00111011100100110100001111101011
00111101011001110101011111001011
10111101100110111011001110001001
10111100111011001100100111110001
10111101100101011110100011000101
10111101010010101100101011011111
10111101010010010101101000010000
10111101010110101110111110010000
10111101100000010101111000101111
10111101100010100011100100111010
10111101011100111101001000111001
00111100011010010011101111001000
00111101001010101110110100101001
10111101001110110001111100101001
10111011011011010000100010110000
00111100100101001100101001110000
10111101100011011110110000011110
00111100101111001110111000110000
00111101000010110000110100110100
10111101111110101111011001010100
00111101100100110001010110100011
10111100011100011101110010001110
10111100101111000001001000101110
10111101100101000101011110111100
00111011000111110001001101100001
10111010101110000101011101000101
00111011010111011001000011010100
10111101000010001000110101101001
10111110000100101010011101111100
10111101100001011000101101110011
10111101010011111100010001101011
10111101001110010100000101010101
10111101001111101101011101111001
00111101110110101011000100110100
10111101100010000011011000000101
00111100010101011111110000100110
00111100011000111011111110110111
00111100101111001111011001000001
10111101000110011101111010011010
10111010110100111111000001011000
10111101101000011100011100111000
10111101101011001011111001000010
00111101000011011010011001010100
10111101100000011101101110111111
00111101110101000010000010011010
00111101100000100000001011010101
10111101010000011001001000101001
00111110000011100001011011111000
00111100110110001101111011001010
00111101101100110001000101010100
10111010001100110101110100010110
10111100100000010101010000010101
10111101010001001001010010100101
10111100100001110110101010010001
00111001101010001110101100000000
00111100111110011110001010001001
10111101100001111101011010110100
00111100111101111110001011011010
10111100101110001001111000110110
10111101100100000100000011111011
00111101000001011100100001101001
10111101111110010110011111010101
10111101101110111110101111110101
00111101001111011001101010010101
10111100011010000101011001101000
00111100100100110110000110100100
10111110000101111110110001111000
10111101010010100011100000011101
00111101001110110100000001010010
00111101000001100111100011100110
10111100111111011110000011010110
00111011110010011000110101000100
00111101000101101000000011010100
00111101000011101001110000011111
10111100011110010111010011111110
00111101000000101101011100101110
10111011010111010110100111001001
10111101010010110001101101101010
00111101000001100101001011101101
10111100111001001011111011101101
00111100111100000011010110011000
10111101001010101100011011100011
10111100100110110100011100011001
00111100111111100111001100100111
10111100111110111000101111100001
00111101000100100010011010110010
00111101011010111010000010001001
00111100100010001110110001010100
10111101100000010100101011000111
00111101001000001001101101110000
10111101001111000100011011001100
00111100101001011010011100101111
00111101100100011000110001101011
10111101010101001101010011000110
10111011110000111111110110110000
00111101001011111101100111101010
10111101100011101111011010000000
00111100011101011010100110101110
00111010110111011010001101111010
00111101101111110101000000111010
00111100110110100011001101010101
10111101001101010100110010110100
00111011100010001101010011110011
10111100110111101010111001011010
00111010010100111111100100011001
00111100110001110101100011101001
10111100101111000111111110000001
00111101110000101001011010000000
00111101100010110000111111100111
00111101110111000110110010111111
10111101111010010101011100000010
10111101001101110110010101001010
10111101110000010000010011000101
10111101110110001011000101010011
00111100111100000100011001100011
10111101001100000010100010001001
00111101000001011011110001100001
10111101101110111011110010101010
00111011110101000100100001110111
00111101000101111001110010010000
10111101011011001011000001010101
10111100011000100110000101100100
10111100110001000010100001011100
10111101001100000001100011101011
00111011101011010000100000101110
00111011001010100000011011110000
00111101000110111010111010010010
00111100110111001111110101101001
00111101111100010111000001011111
10111100111011010101110101100010
10111100101110000001110010110000
10111100010010110010001001001110
10111011000011010100110000110110
10111101011011001001100011011111
00111101110011101010101010111101
10111100111110111001100111001011
00111101000100101111001000110110
00111101000000110100110100101101
10111100111110101010011011011110
00111100001110001011101001111001
00111101110001110010100010111000
00111101110001110001101111010100
10111100111000101110100111100111
10111101101001000011011110101010
00111101010010000010110011101011
10111100000101000001101010111111
00111101001010011001101011110111
00111101101101100010011010001000
10111100000101101101001101100000
00111100011011001111100001001110
00111101100000010101010101101101
10111100100000001110100001111001
00111101011101100111001111110011
00111101100110011100101110001011
00111100101011111001010110011001
00111100100010111101010101111101
00111101010100001110111111110110
