00111101000001110000010100010111
00111100011010000011000010110011
00111101000000011100101001010001
00111101001111110011101110000110
00111100110111110100100111111001
10111101001011010001101111100000
00111011110101011001111110101000
10111101000111010001010000110101
00111100010110100111110000100101
00111100011101000101110110100000
00111100010011111110111101000111
10111011011100110111100101010111
10111101100100100010011011110010
00111100010101000000011101010100
10111101100001101001111001000010
10111101010010010111111010101000
10111100101001110100001111101001
10111101001000101001010100000010
00111011100000000000110000011110
00111100101001110010100001101111
10111100100011101010110110110111
00111101100001010000000101001111
00111101011101000010111100111110
10111101011011111000000010010010
10111101010110111101001111000011
10111100001111111001010110101000
00111101100000111100011011011001
10111100100111100010001100000100
00111100110000011111100011011011
00111101101010110101001100111101
00111100110010001110010011101010
10111100101110111000101010011110
00111100001010101011000101001110
10111100101011110001100100000000
10111100100001011001110010010111
10111101000111010101001101110001
10111011000110110110100111000010
10111011100100011001001101101010
10111010011100101110011100001010
00111101010000100100101100001111
00111011101011001001100001010010
10111011110100001101010001001100
10111100000101110101111000010111
10111101000110110100110100111011
10111100111100111101111110110011
10111100101010101001111111110000
10111100100111011100110010100101
10111011010001000110100000100010
00111100010000101101100111011000
10111101000111100101010000001111
10111100011011110011000010001100
10111100111101101001000011100010
00111011101000101101111000110010
10111100010110011111110100011010
00111101011101101111000010111111
10111100000010001100011100110101
00111100101101110101010001101000
10111101001001111010011110100010
00111100101111001011000110001011
00111101001000101010100110010100
10111100011011111111010011101010
10111101100000101111001100101010
10111100111000011010011111111010
00111100111110110011101111011000
10111100110011001101011110101100
00111100110001000111110011011010
10111101000100011011101110011010
00111100010111011110000101100011
00111101011000110011000011000000
00111101000000001010111101100101
10111101000111001001010110110111
10111100110100001100101010010001
00111100111001101011100010110110
10111011101111000010110100001001
10111101000101111010010110110010
10111011011001001111101110010110
00111011100000110101111001100111
10111100101010101100101111011100
00111011000001011010010111011101
10111101101000011110110010010000
10111101101001000110111011011110
10111011110010011000010101010110
00111100111110110000101000110010
10111100101010100001101101010011
10111100010000100101101001101001
10111011111000001100100111011001
10111101011010011100001100110100
10111101010100001001100011010011
00111100001011101011101111110101
10111100010010111000110110001011
10111100111000110101001001101110
10111100001001011110110101100111
00111100110111011101001011110100
00111101100000001001000011100111
10111010100010110010110100000011
00111011011011011000000011101101
10111011001111111010111000111101
00111101000100000001101101110000
10111011011110001001011011001100
00111101000110110000010010001001
00111101100011101101011100010001
10111100110010010000101010110110
10111101010110101010111110100100
00111011101100110001010100110001
10111100110111100110000110110100
00111100100011001100110100001000
00111011100111111000100000001001
10111100100000111111100001101101
00111100100101001100010111001011
00111100111100100100001101101000
10111100101111011010110111100001
00111101000001101111111110010111
00111100100101000001100001010001
00111011100110000111111100110101
00111101000100011100000111100001
10111010001011101010110111001101
00111011110100000011110110000110
00111100011111111000100010011010
10111101000011001100110101110011
00111100110111000110010001010001
00111100111100000110111000100100
00111010111100101011100101000001
10111011001111111010010101011100
00111101000001011100010101011100
10111100001000110011110011000000
10111100110110001011010100101001
00111101001000100011000101010110
00111011110010111011000011010001
00111100110100100010011111110101
10111011100100001000101011011100
00111100101100101110011100001010
10111100001110101001000010010100
00111101001110111110101101011000
10111101000111100100110000100100
00111101100010010010100011000101
10111101000010010111101000010110
00111101010110000110010101010010
00111100100010110100101100000111
10111101001100011001010110100001
00111101010100110100111111000010
00111010101110111110001000000000
00111100000010001011101000000001
10111011111111000100110111101100
00111101110001001010100100010100
10111100101101101001110101001110
00111010101101101100011001000111
10111101001010111111000100000101
10111100011000011110000100011101
00111101010010000010101000110000
00111101010001110000001010010010
00111100100101001011100010011000
00111100101011001011101010000011
10111101010110010110011101010011
00111100001110001001011011110010
10111100000000100010111000000101
00111101011111100110001101010100
10111101001000010110010100100100
00111001110000100101011111110100
00111101000000111001010010101010
10111101011111101101101111110011
10111101000101000100101111111100
00111100100000111101111100010001
00111100101111010101010001111110
10111100110000110100010010010101
10111100000000000110011000001111
00111100110100110000101100010110
00111001011011001100100010010010
10111100001000000001100101111111
10111101001110001010011101000100
10111101001001011100110100101001
10111100111101100010010101101010
10111100011111110001101010100101
00111100010100101100110111011001
00111101001100011101010110101101
00111101000101101001010101100011
00111101000100011101011011101010
00111011000100000100010100011110
00111011111111111001010001111000
00111100101110000101010001011110
10111011101101000101111101011100
00111100111001111011111011100000
00111100101100001001000010100010
10111101011110101010010110100011
10111100001100010010100010110000
00111100010000001011111110000010
10111011000001111000000111111001
00111101010100111000111011000000
00111100101110110000011010100000
10111101010111011000000000111100
10111101001001100010010100000110
10111101001110110011010011000100
10111100000011101110111101100000
10111100101111000101011101111001
00111100101101011010100010001100
10111101010010010111110010011000
10111100010100000001000111101011
00111011110000100011110010100001
10111101001001000010010010010011
00111101001101010111000101000110
10111011001100111011110000000101
00111101000110011111010010000000
00111101000111010101011010011101
00111100101101101000011100101001
00111100101101110000000000110110
00111101100000110001010100000101
10111011010111011110000001101101
10111011110100001011011000000101
10111101001101000100001100001100
10111100101111101110101100101101
10111101000111111100110010000011
10111011100100111100110100000111
00111100011110110001100110101011
00111101000100001011011000100100
10111100110010110000001110010011
00111011101110001010000111111000
10111100101111100101000010101001
10111100000110010101110101001011
10111100101001000110111110110000
10111101100100110000101000001110
00111100101111101100001000111100
10111101001001011000111000101000
00111010110000100110101111000110
00111100010010101101010101011010
00111100001111111101111011111101
00111100011000111100111000000111
00111101000010000101011101110001
00111011110111110100111001100001
10111100000011001001011101001011
00111100101001010011110010111100
10111101011101010101011100110111
00111100100011101111110100101111
00111101001111100000000011001001
10111100011110000001110101000110
10111100100101101010110000100111
00111100110010001100001010001111
10111011101010100111010000110110
00111100110001010011101010010011
00111100100011011011011010111011
10111101010001110010101011100000
10111011001001110011001011010101
10111100110110111000000101010001
00111100100000000110111000101111
10111101001111000010100011101010
10111100100000111101110011000101
00111100110010010011100100100111
10111100100000011110001001000101
00111101101001110100010111100100
00111101001011001101100111011100
10111100101101000111111000011010
10111100110000000101001101011110
00111010111001110101100001111011
00111100010111011010101100110101
00111100101111011010111111100010
00111101000100010110001010010000
00111100110100011000001101100001
00111100011111101111010110110101
10111101100111111100000100101010
10111100110000001110110011101001
10111101100011000001000010111100
10111101010111010111011010101100
00111100100111011000001010101001
10111100101100100111000101001101
00111010111101111101001101101101
10111001101100000110010101000011
10111100000000000010001110111100
00111010110101010100000001110000
10111101001010111001011010111000
10111101000100011111110001100110
00111101010010001100111000000011
10111101011001000111101110110100
10111100000100110110101101100111
00111100111000110011100110101010
00111010000110100101101111010010
10111010111000000111110110101001
00111100111111110010011001111111
00111100001011101100011010111011
10111101011110110110110100010011
00111101010001001000001100000001
10111100000011010110001001100111
10111100101111111011010110010011
00111101010010110101000000110001
00111100100110110110111010000100
00111101010111110111110101010111
00111101011110110010111100000111
00111101011011110110101000001100
10111100101100010000001110000011
10111101010010111111010101100110
10111101010011101001011101011001
10111101000111000001110001010000
10111101000010000000001111111010
00111101001111110110011011011011
00111101010011110100100101000001
10111100111001001001110110110110
00111101001000100010110101110111
10111101000000010101101001110110
10111101010000010011011110100011
10111101101000011010101101100010
00111100010011001100000000010010
10111100101011110000100011010010
10111011000010000101101010011010
00111100110010110000011011101010
00111101100011011111100111001100
00111101001111110101010111000101
00111101110000010011100001110011
00111101001000001010001001011110
00111101001110100111010101101100
10111100000000011000110010110000
00111101000011110100010100000110
00111011111101010100100101110011
00111100100101100011001010110011
10111100110110111111100010000011
00111101000000110111010001110011
10111011101100001111010101010101
00111101000010011110111011101110
00111100101101001000001110110001
10111101011110000000011001100111
10111101100011010001100011101100
00111101001110001001101011111100
10111011100010111011000001010110
00111101010000001011101000011011
00111011011110111101111000100010
10111011011110101011000100101111
10111011000100010101101111110101
00111101011001101011001010011110
00111101010001111111010100011000
10111100011110001100100000010110
10111100100111110101011111101010
10111100011001110111111001001100
10111101010111000111010011101001
10111101010001111011111101001111
10111100010010011001001001001101
10111100000000000000010010010011
10111100111100001010111100101001
10111101100010011111000010000110
00111101000001010000010110010111
10111100110110101001010111010100
10111101000100000010011010111111
10111100100111111111101001010110
10111100101010011010110010001110
10111010101000000110011010010100
00111101001110110001001111000011
10111100111100001011100000101100
10111100110110111111011010100111
00111100100100100000101010001000
00111100001100101101010001111011
00111101010011100011011110011111
10111100100110010000000000110000
10111101001100010010110011011100
10111101000000000100110110001001
00111011010001010110010011110100
00111100111110101101010110010101
00111011100011001011010111010010
10111100100000000001101010010110
00111101000111111101101110100101
10111100111110110011110110101011
10111101000001011010101111011110
10111100011100000111110100010100
00111101010011001111010010110000
00111100100101100101000001111101
10111100101001101100000110010000
00111101000100100011110000110011
10111011101111010110110001011111
10111100011011001101100000000010
00111011000011101111000011010110
10111011001011100110001011111110
00111100010110000010001011100011
10111100110000111000110110010101
10111101010100100100100111101100
10111101000000111101011100101011
00111100010110010110011111111101
10111101001010001101110011100000
10111011110110001000101011010101
10111011111001110010111100001110
10111100001000011011111000100110
00111100001011101100000101101101
10111011100010111011110100010111
10111010010000100100001001101111
10111101100010011010010001101111
00111100111011011100111111101101
10111011111100001011111111110111
00111101001000110111100111111100
10111100100100101000100000010000
00111101011110110011011101001101
10111100111101111101101000111110
10111101011101001001010001010001
00111100110110011101111110100011
10111101100001101100001100100010
00111100100110010100000010101111
10111101011110110100000010101000
10111100100001000100011000000100
10111100000011100110111110111000
10111100001011001111001010111101
00111011000000001111011111000110
00111101001010000110110100001011
00111011001100011110010010101001
10111100000111101011001101111001
10111100111011101111011001001111
10111101000101101111011010000101
00111101100110101100110001111101
00111100011011101111100011010101
00111101011100001000100101100110
00111100111010110101101101100100
10111101100100111100110101010011
10111101011111110100111101000100
10111101110000000100011011101110
00111101000011000000101111001100
00111101010010111111010000110011
00111101100010000100000111011010
10111011001110101001010100111110
10111100010000100010000111101010
00111100010010001010011100111100
10111101110010011101010100010111
10111101101101100011000110010000
10111101001010111111000111000000
00111100101001100110101010111011
00111101010010000000110111001101
10111100010010010000000101100000
10111100100100011111000111001001
10111011101010111011001010011001
00111100101101011101111101101101
10111100011000111100110001100100
10111100111101101001110011100111
00111100110100100010001000011001
10111100011110011111100010100011
10111100111011100011010011010001
10110111100010001101101010111100
10111101010011001111100011010001
00111101000000110010011101100001
10111100110001001100011101101111
00111100001010100101110010101101
10111100100001100110001011010001
00111100100100100001100001001000
00111100111110111000001101100100
00111101010010100000111111001001
00111101001010000110100000100000
10111100101100001000100101010000
00111100011110010001001101011001
00111011110101000011111011010111
10111101011101000100100011100011
10111100100010111111110000001110
00111100100000110010110010001001
00111101100011000100100001100110
10111100001000001100100010100000
00111100101101011111110101110000
00111100101001000001100110010111
10111100011010100011001000000101
00111100011011101010001100100111
00111010111101110110101011111110
00111100111100001010001101110110
10111100100110110101000001000110
00111101000100011001001001111101
10111101011100001010110000010111
10111100101000011100111010011101
00111101001110101110111111000011
10111100110110101101111010110100
10111101001100001111110010000110
10111101000001000011111000001001
00111101001010011000110010110100
00111100101110000000111010110011
10111100011011111000110001110011
10111100000110101010111000001111
00111011110001100001100010110010
10111100101000001001110011111100
10111100100011001001101001111000
10111101110100001110101011010001
10111110000001000111010111111001
10111101010010111000110100001101
00111100100010010010000001110101
00111100110010111011111000010110
00111101010011001001010110111001
10111100110011010100001001010001
10111011100010010100011101011011
10111100110001011010001100011010
00111100110101011111000100101010
10111011111111100100100011001010
00111101000110010110001011110011
10111011011110111111011101011011
10111100111110110010010100010011
10111101001100101001001110101010
10111101010011000111010110011101
10111100111110000010000001010101
10111101000111001100111001010100
10111100111010111100100011111011
10111101001110011011000111100011
00111011101111011011011111000001
00111101010110110100001110101111
10111100000001010111000101111110
00111100001100111010000000100100
00111101000110100010100101111000
00111100011110101010100100111010
10111101001110111001100000110100
00111101000001110111010110011000
10111101000110110100111011001111
00111101010110100111000010000011
00111100101010000011010001010011
00111100011101100101010100101011
10111101010101110111011000111010
00111100100011111110011001110110
00111011111100101111001101001100
00111011111110101101111101100000
00111100011101001111010100000110
10111011110101000001011000111011
10111100100100100001101000110101
10111101011110000101001110010000
10111101001100001010110110111000
10111100001100110011010011001110
00111101000111000101010100011011
00111100011001010101110110110111
00111100000100000100100001011110
00111010111011101110101110011110
00111100000101011000001100000001
00111011111111110110010001111111
10111101011110000011011100100101
00111100100101101011001111011111
00111101010010011011111010011110
10111100101010000100100000100001
10111011101100110001000001101001
00111100011011110110000011010101
00111100011000001011100011001010
00111101000100100110100001101001
10111101010111110100010111101101
10111100010111110111010110111101
10111001111111100010110001110001
00111001111100110011101101000011
00111011001000001110110010010100
00111101001100101000001010111011
00111010101101001000010001101101
10111100001100110100111110011111
10111101000011001100010100010001
00111101000001100000001010110001
00111100100100100110110101111101
00111010001000000001110111100110
00111011110000011010100001010101
00111101000000010011010000011010
10111101010011111010000001101101
00111010100011111001100110111010
10111100111111111110101100000111
10111101000001010010111011001011
10111101010100100010000001000011
00111101001000101001011111010100
10111101000110110110111010011100
00111101100000110110110111100111
00111011110110111101001011010010
10111100100011111110001110001110
00111100011010011111000111011010
00111100111010111111110101001001
00111011101110111010001000010011
10111100001010000100010110010010
10111101001100001100011010010000
00111100011101111100101100001011
10111101001111000011011100101101
10111011100100101110110000010000
00111101010010110101111010010000
00111101010111011111000111101111
00111100110000101011000101001000
10111011100011101100001110111010
10111100110000111010100100000101
10111100110000110100110011111011
10111100111010001101101010010010
00111011101100000101110110111100
00111100010111111100000000111011
00111100001101011111101111100000
00111100111110011101100010100110
00111010101100100000110011100100
00111011000011000001111011100100
10111101010011110111010011111001
00111100101000001101010001011001
10111101001010110101110000110000
00111101010110000011111011100010
10111100000101001101001010001011
10111101010001101011110110101001
10111011000001111000001111100110
10111101011011111010011011100010
10111100000011000110001010011100
10111100000100011101101000010100
00111100010111111001010001101010
10111101100100000100011010011111
00111100101101100010010100010000
00111101001101101110010100010100
10111101011101100001010001001101
10111100100000110111101110001110
00111100001000100000110001110011
00111100100110011101010101011100
10111011110111101101001100011010
10111100111000011111000000110011
10111101001110010000101010010101
10111100101011101111111110100100
10111101001011010011100010111011
10111100011100000111001110110000
00111010100010100011010000010001
10111011111001110111000010111100
00111011001100000010100110010110
00111101000000011110111100111100
00111100001010010011110001111010
10111100100011010001111111100101
00111011011011101000010011001010
00111011100011111111111101001011
10111101011001010010101010001111
10111101000011001100110111110110
10111101100010010010100100010110
00111101010010100010110000001110
10111100100101000011101111111101
00111101010010000010111100110101
10111011001100010100101111011000
00111100100001010011111110111001
00111100110101101100001101101111
10111100101011101000010111110010
00111010100111100000101100011110
00111100101101101100011001010011
00111101001111001010101000100110
10111011110011111011110001001100
10111100100111001010001010010100
00111100101010100011110010001110
00111101011111111101101111110101
10111100111111100000110111111011
10111100010010000000001011111101
10111101001001001001110001001101
00111100000011001101101010001100
10111011100001111100100001110000
00111101001100000100010111011010
10111100100100000110100010101111
10111011001001001011011011010110
10111101001011110001010111000001
00111101000101011111100111110010
10111100101101000100011111111010
00111100111001111100011001111101
10111101000011100000100111111100
00111011100000101000001110001011
10111011101101010101100001111101
10111100101100100011010111010000
10111100111110110000101100010110
10111101000010110101011111110010
00111100010011000101010000110001
00111011100000111110001111010011
00111100101100110111010010111100
00111101001111000001001011111000
10111101010011001100000011111100
00111100010001111000001101101010
10111100100000010000000110110000
10111100000111101111011000110010
10111101000001111011110100110001
00111001111100111001011111010010
00111100011111011000110111010100
10111100110000011101110010111001
10111100000111110011100010000110
00111100011011100101100111011101
00111100100110101000110111101011
10111100010110010000111001011000
10111101000010011000100001010011
10111100110101111101011001011010
00111010000010101100000101111100
10111101000101101111110010011000
00111100100010101000000100010001
00111100111011101111101000011110
10111100011000100011011111100111
10111100111101110101010011111100
10111100111100001111011110011010
10111100110011000001000011000010
00111100011011000111110000011110
10111101011111000111111111101111
10111101000101110001111001000100
00111101000101101010000010101000
00111010100001100111110111011101
00111100111010000001010110100010
00111100001111010110101000000100
10111101010001011111111111011110
00111100101011010110011101101011
10111101000000010001100001110000
10111100100001111111001000000001
00111100010110001111111011110101
00111101000011010011000011011011
10111100001000000010011101011010
00111100010010111100001010111001
10111011000111010111100111001101
10111101001010010100101011000101
00111101010001110110000001100111
10111011100011100111000000110100
00111100111101100000111101010000
10111101001100001100011110010100
00111100111100001100001101111001
10111101001010100011001010010001
00111100100000100111110101000010
10111101001110010111101001111001
10111101000011101011100110001001
00111100111001010100101101011111
10111011101011001000100100111110
00111100011110010111100000101000
10111100011101001101000100100110
10111100010001101101000000001111
00111100111000000100000000000010
10111101000111010111100000101111
10111100101001101000010100110011
00111101001001010111010000110101
10111100100101101101111110111100
10111100000111110001100101000100
10111011000110000100110101100110
10111100110011100101000110101100
00111101000000011000011101000110
10111100001100100110111100101111
10111100100011101110010000000100
10111100111001101111010011011101
10111101000110001111100100101000
00111011000100110000110101011110
00111101011100100000101011111100
00111100100001110000010011001110
00111100100100011110010010110111
00111100101110110111110011001101
00111100101110011011001100100000
00111101000000100100101011101101
00111101000111101111010000111100
10111100100001000000000010101011
00111100000111000100100101100000
10111011101001000000001010001010
00111100110010101001011011110000
10111100101010100101010001011001
00111011101100101100000101000111
00111001001001111110001000000000
10111101010111001011101010110011
10111101100010101100101011111100
00111100101011000100011010101100
00111101011101100000110101100000
00111101000101101111010000011101
00111101100110010110101110011011
00111101100000001000111010001000
00111100110100011100111011001101
10111100100010011111011000101100
10111101001000111011110111011100
10111101001011001011100000010011
00111100101011000111011100010110
10111100001010111010111010101100
00111100100101100010101010100100
10111101000110001000101110110100
10111100111101101101001000011111
00111100100001010010000011111111
10111100011011110101001000110000
00111100111001001011100101001010
10111101011111101001101011000111
10111001100001001000101011101011
00111100111010010110100010000010
10111100111101010101000101111000
00111100000111111111111011100011
00111011111010000010110010010000
00111101000100001101011011110110
00111101010010101100110010010110
10111101001000111101110011100100
10111011110010000011001101000110
00111100101001110111001110100101
10111100010110101011001000100111
00111100100100011100000000100001
10111100101111110100100000010101
00111101011010100011110111100001
00111101011001010100111101011000
10111100101010010101110000110001
10111001101100011010101101100110
00111011111011001110111100100110
00111011101011001000101010011111
00111100110111001001011110111001
10111011100101110100010110100110
00111100100101111011001111111010
10111100110101011010111110001000
10111100110001010100000100010010
10111101001000010100000010100001
10111100101000101001011010111000
10111100100011110101111101000110
10111101001010001101001100011000
00111100000010110110001101111101
10111101011001011000100001101110
10111100001000011110011000110010
10111100101010111110100001001111
10111100100100110001000101111110
10111100100010110011100001000011
10111101011000111110000010110110
10111101001110111110110011011000
10111011110011111000100011011010
10111011100001001100100100000110
10111101000011110010111110101111
00111100110101001001101000111010
00111100001110100110010101100011
10111010011011010000011100001110
10111101000011010100011110110101
10111010101001111000100100100000
10111101001011100000001010000101
10111101011101010000000011110100
00111100011000110101100110001000
10111100110001110010100001011111
10111101001110100101001000000001
00111101001000001000101011000011
10111100101101000101000011011010
00111100100111110011001110110011
00111101000111000100011111111111
10111100000100110000100101000000
10111101000010000010010100000001
00111100101111001100001101101011
00111101001011100101100011011011
00111100100100110010010011001011
00111101001101001001011101111010
10111011100000111110111000101111
10111101000010010011001100100011
10111100100110111100001100111111
00111100000011101001101111001001
00111100010101111110111001010000
10111100111011011110001100011111
00111100101100111101001010011110
10111011100000011000100111011110
10111100111010010011101000110101
10111100101100111001110111110111
00111101000101001111000000110010
10111100100110100100110110010011
10111101100010001010000101111001
00111100101101101010001010111010
00111100010000011011010111100000
00111011011011101000100010101101
10111100000000011011011001010110
00111100111010100110010011000010
10111100111110100100110110100001
10111101010010101000000010101011
00111100111001010001100011101010
00111100001011001101111100100100
00111101001111001010101000000101
10111100111000100011000100101011
10111100010010101010101010000011
10111101100001000110001100000110
10111100000010010000100111011001
00111100010010100100011010000010
00111100000010100110110000100001
00111100111010011110111000111101
10111101001000011110111001101011
10111101101010000111010101111110
00111100111001001010010011101010
00111100111010101000100100011010
00111100111101011010011101111010
00111010110001100100111111010011
00111100101000110111001001100000
00111101011111001010101100000001
00111101010011000011010010011110
00111011101000001101011000100001
00111101010000010011000111000011
10111100100101111011011000101101
10111100111011110110101000100100
10111101001110001100001100100100
00111100001101100100111010011111
10111100101110101010101001010000
00111101000000101101011000111000
10111001101101110011111111100111
10111100011000001100110010111001
00111101000000111011010100101100
10111101010100000011001001001100
10111100111010110110110011110010
00111100110100000000010001010001
00111100010101011001010001101100
10111011000101011111110100110011
00111101010000110100100111001100
00111100011111010111001101000111
10111101011000111000011010101001
10111100101001100101001010011111
10111101110001011000110110010001
10111101011000100000000010001011
10111100111010010000111100011110
10111100100011010011100101101000
10111100101100110100110000111011
00111100011110101101000111011000
10111101110101111001111101001010
10111011101000110010000001011011
10111100100100110100011000101011
00111100000101000111011110001111
10111100010001001110111011111001
00111101000010101111000001101111
00111011000100010110100001110100
00111010110111000001110111000110
00111011101101010001010110001011
10111100111111001000111100001101
10111100000101000100000111011101
10111100001011000000111001001010
10111101000001000110001101110110
00111100101110110111010101010100
00111011010110011001010010010011
10111101001100110110011010110101
00111100001011011001001111001101
00111100100100110111010000001011
00111010111000000001001111000100
00111011001111010100100011000001
10111100111101001101011011010011
10111011010011011110001100101110
10111100111011100101100110010000
00111101010110011100111100010101
10111100010100100111010010101111
00111010100111001000011010001101
00111100101010101100111010110000
10111100010111101100011110010011
10111100001000110111100111111010
10111011011101010001000101001001
00111011100010001010000101101011
10111100100010000101010001101010
00111011110001011101111111101100
00111101001001011011101010011101
10111101010000010000010101110011
00111101001011011010010000110000
00111100011111011110001011010110
10111100001100000010011001101100
00111011111000001110010001110000
10111100011011111101010001111101
10111011100010010101001011100001
00111101010100011000010101000010
10111100100010100010101101111001
10111101010111101101010001111010
00111011000011110111000011011101
00111100110011011100111000100000
10111100100010111010011001100010
10111101000010110101011001010100
10111101000001110001001011111000
00111100011010110110111101010100
10111100111100101111110001111011
10111101011011100110000010010000
00111011010111000110010000010100
10111101010000100111111001010111
10111101001101011011001010100000
10111011001110001101101101000000
10111100100111111000100100001000
00111011101111111000100000010111
10111100100100010100111001010111
10111100110010101100001010011001
10111010000110110011000100110110
00111100100101000100111011101000
10111011101000011001101101101000
10111100000001111010010111100010
10111100100011110001011101000101
00111100100010111100101111110000
00111100010111000101000100011101
00111100110000010101001101001011
00111010110011011100101100000110
10111100111011111001111000101000
10111101100001010000101110000010
10111101000010011001000111100101
00111101001010101000010110101100
10111100100110100110010010010000
10111100111011000000101001101000
00111100100011001000110111001000
00111100010000111000111111101111
10111100000001010000111111100011
00111011011000001101000110010101
10111101011100110010010110101011
10111100110001111010110011001110
10111101000000101000010100000110
00111101001111111001010000011110
00111100111110011111100110010000
10111101101001001111101011010111
00111101101101101011110111010100
00111101011001011110110011101110
00111100010111001101111111001111
10111101001101101111011101101001
00111100001000000110110001000011
10111100000010001111101001100101
10111100010001110100110111101011
00111101000111010110001100000010
10111101100001110110000110100101
10111101000100100111100101100000
10111101000010011010010001010011
10111011000110110111110110010111
10111100010011011010000001100101
10111010110001001100011010000110
10111100111001100100000000011110
00111101001010101100100111100110
00111100110000010010010000011101
10111100000011111111110000010100
00111101010110011000000111101100
00111101010001100100000111100110
00111100111001110111010100100011
00111100111011001010001111111001
10111100101000001000000111101000
00111100100101101010111010001100
00111011010110100101101001100010
00111011111000101101101000110000
00111101000111111010001001010101
00111100101100010001000111110100
00111100100110110001000110001111
10111100101011101000100111111110
00111010100101101111010011101101
10111100011000010000100000110010
10111101100110101101010111010111
10111011111010101000101110011010
10111101011001110010101010001011
10111100110000100101110010101001
00111100111100001011111001111110
10111101100100001110100001111011
00111101001100011001011111011111
10111100111011111000010011110000
10111101000110101100011110100010
10111100100001000111111000100000
10111011011000001001110110011111
00111100110110010100101101000111
00111101001101111011011010101001
00111101101000010100101001001000
00111101000111001110101001110101
00111100111101100100110110101011
10111011100111101011111111001001
10111011000011000101110010111100
00111100001100111011001110111010
10111100001101110011011010100010
10111100101011000010000010001010
00111100011100100101001000011011
10111100110100111000100100100111
10111011100100001011001001111111
10111100100101100101001100011110
00111101001100000001111010101100
10111011100000001100100100000000
00111011000000101101111100110000
00111100001010010101011110110000
00111010111001000111010010101000
00111101001011101111010101100011
00111101001100111011011110100111
00111101000000000111010010010111
10111100010111000111011111000101
00111100010000001001101000101000
10111011101000110011000101101001
10111101011011011000001101101001
00111100010001100011001111111110
10111101001111000000001010111100
10111100101101101010011110101101
00111101000100001001000000101101
00111100100011101010100111010100
10111100100110010010111111100111
00111010000010011000111000100111
00111101010100010100111000011011
10111101001011111000100110011001
10111011000101100110110000110110
10111100111001000110010011110101
10111101011101111000100100011111
00111101100000000010001101100000
10111101000010101111101011000101
00111101000000100101011100100110
00111100110000111010110101011001
00111100111110100100011101001101
10111101011010010100100000001011
10111101010101011011000101111101
10111101001111001001010001010000
10111100111001011011000110011001
10111101000111010110111011111011
00111011101111011101001010000100
10111100110000100100100010000011
10111011011110111001001010110101
10111100000100011101001011010000
00111100101100100101101110010110
10111011101010001010001111000110
10111011110000000001010100011101
10111100011001000011011111111010
10111100101001011001100100011010
10111100101010000111101010011001
10111100101001101101000001110001
00111101011100110100001001101100
10111100001100001001000001111100
10111101100010011001110111001011
10111100000101110110011011001100
00111011010101100111100001101101
00111101010011000110001111010100
00111101011111101000101100101011
10111011110111000001000111101011
00111100000110111110100100100100
10111100110100000010110101000101
10111011110100101111001011000001
10111100110110110011001011111100
10111100101110100000111010000010
10111100110100001110010010110111
10111011110011000011001110111010
10111100101011111010001001011100
10111010010010011000111011001001
00111010000010100100011001011000
00111100100000100010011001011111
10111100101111011111101101010101
10111100101001001110110010101100
10111101100001100111001100000110
00111011010110000000001111110010
00111100101111101000111111001100
10111101001100011111111001111010
00111101010010010010101010100101
10111100010100111001011100111001
00111100010011101010001000000011
00111011100000100111100111101100
00111101100111010001011010111000
10111011101100100110000011000011
00111100101110010100110101001001
10111100000110110000100011110001
00111011111101011110111100011010
00111100110100100001000101001001
00111100110001110100011001001010
00111101011000111101000010100001
10111011000100111100000110101100
00111100110110001100001001011110
10111100101110111011001011010111
10111100000100101111000010110110
00111011111010100101111100001010
10111100000000001011011001111100
00111101001001110010110011010001
10111011010000100011101101010111
00111101010110011011101100001110
10111100101100101100110001011110
10111101000111110011110111011011
10111101011111011101111101101001
00111100110111011010110010000101
00111100110010110000000010110001
00111011111001110111000100110110
00111100101001100110110100110101
00111011010010100011001001000111
00111100101110001010111010011111
00111101000001011001011100000100
10111100100111001011111100101000
10111101010000101011001001101100
00111101000101010011011111111010
00111011111000100110001010111101
10111101000100000101000110001000
10111101010100110000000010010000
10111101100001011011111110111111
10111101000001100101111010110110
00111100101001011101001101110010
10111100101100001001000000111000
10111101010010110111011111111100
10111101000111001011110011110011
00111100110011101100010000110000
10111011111111101101101111010010
10111101000111101111000010000011
00111011101011111010101001101101
10111100101010100111100100110100
10111011010110110001110010111101
00111011011010101110101100111010
10111101010001111001010001011011
00111101000100101011010001100010
10111101010001100010001110111011
10111100010101101110011110010000
10111101011001001111001100011011
10111101011000010110011010101110
00111011001110110110100111111001
00111010110011000001010011100100
00111101011000101101101101100000
00111100101010100001001111000011
10111100100111110110110101110110
00111101000111011001111010000011
10111100111101001101011001111011
00111101010101000110101000010010
00111011001100000000010001110011
10111101011111001011000110111001
10111100110000000110111110110111
10111101000011000101110010110101
00111101000100001111001011101010
00111100001000011110001110000010
00111100001110101100000011001011
10111101001010000001110101001011
00111100000100010101001010001011
00111101001001000001000101010110
00111101001010001000111001111011
00111100101111110100001001111100
10111101100011100110000110101101
10111101010101100010001110001001
10111101100011111110110101001011
00111100010101100110010001001110
00111100100100011111100101110101
10111101010000110101101000010110
10111011101001000000001011001000
00111100100010011101101111011100
10111101100000000101111011100011
10111100100001011000101101010000
10111100000100010111010001110110
00111100101011101010110101111000
10111101011011011100010101100111
10111100100110001011110000111010
00111101001110001000101010000100
10111101001001110001000011001110
10111100110000111110100100110111
10111100011110010011011000101100
00111100100110101100101011110111
00111011111011010011110001001011
10111100110011000010100100010001
10111101010000110111101011101101
10111101010001011100101011011110
10111011111111000001110111101100
00111100100110101101011110111111
00111100000010111000111110101011
10111100000000110110010001100011
00111100100110110101001011101010
00111101011010111110011010000111
00111101000100110010000001001001
10111100011110111001011000001101
00111011110101000100000110000000
10111100010010000001101011011110
00111011001000110000000111110100
00111100100000100111110001100010
10111101000000000011110001000100
10111100000101111110011001010011
10111100100011010110010000110110
00111101101000101110000000011110
00111101000100110110100100010010
10111010101010100010101001010000
00111100110100111001010111010011
00111100001100110111000010010000
10111101010010001000010001101110
00111101001010010000110001110011
10111101000010001001100011000110
00111011010100000101010010101101
10111101000110101111011001000100
00111100000000101100001001001010
00111100101001000011010110000001
00111100111110101001001100111000
00111011000100000001100111010010
10111100011000111110100100111110
00111100001010000111111101101100
00111101100011010110101110100111
10111100110110010010110000100010
10111101000000011000000001011110
00111011111111010100001101101110
00111101001101110100110101011111
00111100101100010111100000010000
00111100111011000100100101111101
10111101001111001100110101110011
10111100010101111110110011111100
10111011111010100011001100000000
00111100101010011101101011000111
10111100110010101100011001100001
10111101101110011001011110100011
00111100100101001011001111110101
10111101010011001101110100101100
00111010101100100000010011000010
00111100010110000101110000001011
00111101010001000110010111011111
10111100111001010100110100111000
10111101011110101011111101011110
10111101100011000111100100010110
10111101111101111111001010001101
10111101101011111000000001110111
10111010110000111100011110000101
00111101101010011101100111011010
00111101010110111000111100001111
00111100100101011100010100001100
00111011100001000111000001100111
00111100010110111011000111000001
10111100101000001100001010110011
00111100011110100111011110001011
00111100101111111010011001110010
00111011100000100100100101111001
10111011011000000111010101110010
10111011110110000110100010001101
10111010110011001110011111100010
00111100111101000000001000001111
10111100110101000000001000100011
00111100101101010101000011100111
10111101000101000010110100110011
00111100011000000101100110011101
10111011011001101101100100100001
00111100100110101010111001010000
10111100100100101000100111010011
10111100010101100101001000011001
00111101001100110101011100010101
10111100100000101111100111110000
10111011100100011101000100100000
00111100101010000011001110000101
00111100111001000101111101100010
10111100110000101010000010001001
10111101100010000111000011111110
10111100110001100001000000111100
00111100000111011100100001110110
00111100001101100011011011101011
10111100010101101000110000001001
10111100000011000010111010101110
10111100010101101000111101010001
10111100011100100111010001100001
10111101011100100011000001111011
10111100100100100101011000011001
00111101001100111000011100100011
10111011101111000111010000110010
00111100000110111100101000100001
10111101011000010011100100111100
00111101001010011010000111101011
00111100100001100110001001011110
00111101000011110110101111100111
10111101001100110101011100100010
00111101100010101010101101001101
10111011110111010100110000000001
10111100101111111010000110111010
00111101000100111000001110000011
00111101001101100100001000001101
00111101000101000100010000011110
00111101001110101001010011101100
00111100111001100111010110000100
00111101000100111101001100110000
10111101001000101101100101101110
00111011100111011100010001110100
10111011101100110111100010010110
10111100101001011110000011011110
00111101011101010101000100101100
10111101001011011101000101000010
10111100110010111111010001010010
10111100100101011101110100101101
00111100101000001100010010111011
10111100111100110010100001100101
00111100110110110101110101000110
10111100001000000010101000111001
00111100100111101000101110000100
10111011101010111011000111100011
00111100000010110000011010011000
10111011001000000101100110010001
10111101100000010101000110010111
00111100000111110101111110001101
10111100010111111110100001101011
00111101000011100101101011100101
00111100110001111011101011010000
10111101000100110001110111111101
00111011111000010100101100100010
10111100101111100101111111110111
10111100110100101111010001000110
10111101001001111111011110101001
10111101000110101010000100011011
10111100010100010011010110100111
00111100101001011111001001101011
00111101100000101001001101111010
10111010111101110111010011010101
00111100110100010000100111011111
10111100101110011010000111110010
10111100011101101000001101011110
10111101000101011111000100110111
00111100010100001100011101111110
00111011111110111000111010001100
00111100101110001100001010110001
10111100100110011101000111010011
10110111101110010111000000100100
10111100110110011100110100011101
00111100000111010001101011000100
10111100111011010000011110101010
00111100000011100101111011101101
10111101000001011110011000101100
00111100010011010000011001001110
00111101000100110110111011111010
00111100101101001001100010010010
10111101001000100011011000000001
10111101100001101100101000000010
10111101000101101001010011011100
00111010001001000011101100111001
00111101011100100111111111100001
10111101001000001100010111100101
00111101000000100110010010101110
00111100010001001011000101110110
10111100011110001001011111110100
10111100011100000100000110110110
10111100101110111101010001000100
10111101010010110011111011001111
10111100111110101100000010101000
10111100000110011110011111001000
10111100101110000001111001001101
10111100011000011111110111100010
10111101011101011011101100001100
10111100111001101001011110110011
10111101000101011111011010110100
10111101100001010000111111100111
00111011000010011010110110011101
00111100100110000100000111010100
10111011001110101011110101010001
00111100011111111000011010000101
00111001010000100100110100011110
00111100001000111001101010000010
00111100001010101101010010010100
10111100100110111100110000000001
10111101011010011111001010011111
00111100101010101010011110001110
00111100110000100001101100000011
00111101000011110011111000000001
10111100110000000111001001000101
00111100000010100010110101010110
10111010100000011110001011010100
00111100100001010000100111000011
00111100101101100110110010111100
00111100100000110010100001111110
00111101000100010000100010100011
10111101010010001001100101101010
10111100000000101111110001110111
10111010000110011011100010010001
00111100110101010100010010001011
00111101000001100111010111100100
10111100001111110110000000010001
00111100111000100001001101110011
10111101000101110010011000110011
00111101000101010001010001101110
10111100001010101100001001010110
00111011101010111101111111000001
10111101001010100110000101010101
00111100010111011011010110100110
00111101001010001100000110000101
10111101000100011001001111101001
10111101001100110000110100110000
10111100110110001001001000110111
00111011110011100000111111110010
00111100100110010100101101100011
00111110010001001111001001011011
00111110001110110101001010111100
00111100101000001010010010010001
00111101011010011000101000110000
00111101000100111001111010011010
00111011110100101001111110000000
10111101000110101001100101101100
00111100101101111110010011011001
10111101100000101110101101011100
10111100011110010100100001011101
10111101001001010100011000001000
10111100110011101101010101010101
00111100101100101100010101011110
10111100101111001011010111011010
10111100001011100110110001110000
00111100110000010100010100010000
10111100011101010000110010110101
10111101000111001001111011101111
00111100100000000100011000110001
00111100101001111001001100011111
10111101000001000010010111111100
10111100100100111011000010110100
10111100101110001101111001010000
10111100001010110000001101100111
10111101010111101111000000001101
10111100101111111110010100101001
00111101100000100101001010111001
10111100111111100111111001110000
10111100111010101011010001010100
00111101001001001111000100011010
10111101011101000110111011011100
00111011100010000110011101000001
10111100110100100111000001110011
00111100110110010001010101000001
10111101010010010011110100010110
10111101001000101101001101000000
00111100001111110101100101010111
00111101001001010110100011001110
10111100001110100100011110010001
00111101000011100000010011011111
00111100011101011010111101110101
10111101001100011110101010000001
10111100101011100110001110011000
10111100001010010011111100110011
10111100001110000111110101100101
00111100000110001111001001010011
00111100001110001110011101110101
10111101000111111000111011101001
00111100100000001110111110100101
10111011101101000001001110001100
00111101000000001001001100010110
00111100011111110010000000110010
10111101000001100111000101001011
10111100100101001010110111010000
10111100100111010110001000110000
10111100010101100001010000100000
10111101010010111110100010100011
10111100110011010011111101000100
00111100100110100110111010010101
00111011100001000010010011011101
00111011111000101000111011011011
10111011110110101010111001100000
10111100111011001010101001000011
00111100111100010010111100101111
10111101010000001010101011111111
10111101010010110011111111101111
10111100110010100111101101000101
10111100011111001101010001010101
00111101001110111100000010010101
10111010101110000110101101110111
00111011101000110010001001010110
10111101011111001011011010010001
00111011001111011000001111000100
10111100100111001001000001100010
00111101000000010110010110110111
10111100100111011100010000011100
00111100011001110011111100100110
00111101001010111101111101100010
00111101001110111100010100110111
10111100101001111010101001100010
10111100110111010111001000111111
10111100100110101111000011010111
00111100100111101100101100010110
10111100100111101100111010011111
00111011001100001000100100001011
10111101000101001010011001001000
10111011011111000110001100100011
00111101001110110001010001111000
00111100111001101110111110111000
10111100101000111010011111010010
10111101010100001011010010101101
00111011110110010100111011100010
10111101000010000111111010010110
00111100110011111011010110111100
00111101111011011111101001101100
00111101000011001101001000001101
00111100101101110101001111000000
00111100110001010101110110111101
00111100101000010100110111010100
10111101001110001001001100000101
00111100011110110100001001010000
10111011000000101000110101010100
00111101011000110101101010101011
10111100110111101001110010111001
10111101000110010001101010001100
10111011011011111001001110100011
00111101001001011111101110100110
00111101010101110000010110001101
00111101010111011011001011010011
00111100101110011111001100110111
00111100110110011100001011010001
10111100110101100000111100101010
10111011101111111010001100100111
10111101000001000101001001010000
10111101100001101000001111101111
10111100111111110100000101110001
10111100101011001111001100110110
00111101001111111010100010110110
00111101011100000001110110111000
10111100111000000111000011111010
00111100111001001101011110001011
00111101001001101010001001101111
10111100001100000101111100110000
10111100110000000011101111111101
00111100100011100010100101001001
00111101000100010101101011000101
00111101011001111001010011111011
10111100101100110000010001100101
10111100001011100111001100101011
00111101001000101000000011001001
00111100010101010000100111100000
10111101001110010111100110100111
10111100111111110000011101111000
10111100100011010111100110111110
00111101101001010100011110000000
00111101011010110101101011000111
00111101000000000011001000101000
10111100100110101100101011001101
00111101011001101010100000010111
10111101000011101011100001100001
10111101001110000011111111101100
10111101011100010001011100101000
10111100101110000101101010010010
10111100101111011010101100001100
10111011001000011010001000110110
10111011101001110000011001010000
10111100000111100110011011010011
10111011011110110110100101000100
10111100101000001111110011110111
10111100110100010110000011101111
00111100001100000001000110001001
10111101010011110110100010100100
10111101001011111010101111010111
10111100110111110111010011001001
00111101011110101101100000011010
00111101010100101000001010011100
10111011111111001100010100000111
00111100111111111000001100101011
00111011101011010001101000001100
10111011111010011010010000111001
00111100101001110011111000001100
00111101011101001100011101100010
00111010100010100110101110011110
10111101000000110101001000011010
10111101100011001010011100111011
10111100001111011111000110100100
00111101001101100110010010100011
10111100101101110010111101110001
00111101000111110110111000000000
10111100101110000100011110000011
00111101001110010100001000111110
00111100110101111111111011010110
00111100100001001010010111001111
00111100001110101100010101100101
00111100100110100011101100111000
10111100100111010100010011001100
10111100110100010101011010100101
10111100100000101001010010111111
10111100110111011111001101110110
00111101100001100101001000111110
00111101100010101100101011011101
00111100010110011110111111110101
10111101001000001010011001010111
00111011110000100110001001000110
10111100111001110111110000110100
10111100100110100100010100001011
00111100000011110011101011000110
00111101100000001101001101011111
00111100011101010010101010101000
00111100111100110010111110010010
00111101000110011000011110010000
10111101000010111110000010110100
10111101010000100110101100110010
00111100011110100001101010101000
10111101110100001101100001110100
10111101011110101110111110110010
10111101100001100000101000010001
00111101110111001111000001110001
00111101101001101001111101111001
10111100100111010101101111011010
10111101010010010010001011001000
00111100110001000001010011001011
00111101100011011011101110101101
00111100110001101100010000100101
10111100100111110011100001001111
10111101100000000001101001110110
00111100111010000000100111111000
00111100000100010110111000000000
10111011101101011110011111010101
10111100100001001111000111110111
00111011011000100001100110110011
00111100111001101110100100001010
10111100101010000101110111001010
10111101010000011010110101010111
10111101011001100010111100110010
10111011101000111101011000001011
00111100000000010101100110010011
10111100101011110110001100000110
00111100110100110010111111011101
00111101001110011010111100100000
00111100101100011000100010101001
10111100110101101111111100011110
10111010011011011110001000000011
10111100110111101111000110100010
10111101001101001000100001001001
00111100001011111101110010001011
00111101100010100001111001110100
10111101000010010100010100100000
10111100100101100101010011100111
00111101000001011100001100110101
10111101100000110111011101111101
10111100000000000110110100011101
10111101011000000110111100111001
10111100111011110010101100010110
00111011110111001011000101101010
00111011100110100000011000111010
10111101011000010111101010101110
00111011101011111000000000001111
10111101000000010001101001010110
10111101011011011011100101011000
10111101001111101010111000001011
10111101011010001010111110010010
10111100111011011011101100010110
00111101011110110101110001101000
00111100011100101000101010101001
10111010001010101110001101010010
10111101010001101100000110011011
10111011000010010101000111111100
10111101001101110010100010110101
10111101100010011011101110001110
10111101010101010011111000101110
10111101011000011111011100001100
10111100110011101100000110001101
10111100100001000111010000101110
10111101011101111101110101010001
00111101000011101011011001110000
10111100010111110100101101101111
10111011010111111101000000000100
00111101000011011010010001000110
10111101001000111111100000001111
00111011001000100001010011100000
00111100111010101110101100001101
10111100100000101001101110101011
00111011101010011000010110101011
10111100010011011010001000100010
00111101010010100010011011010001
00111100000010011010101001110001
10111100101010001101110100000101
00111101001111000000000100011100
00111100010111000011001011011010
10111011111011111011011111111100
10111100000000100000111001000101
10111101001111111010000110011100
10111100010010100100110100011101
10111100101101110011100111111100
10111100111001001111111100101001
00111100001001111001100100110100
00111100001101001001111101000101
10111011110001000100101110110110
10111100000011010101110111111001
10111101000000000011101100110011
00111100011000011001111001111011
10111101011001100111000011010010
00111011110000100110011010100011
00111101000110110001100011010000
10111100100111101000101000001010
10111100110111001101111000010101
00111101000111011101000001101011
10111100101100000100101001100001
10111101000000011101001010101011
10111011101011110111000011011010
00111100111110000011011111100011
10111100010110111011000110111001
10111100101101001110111010110110
00111101000010000011001000011000
10111100101010100010000111101011
00111100011100001101011110011101
10111100110111011001011010001011
10111101001011010111000001001001
10111010011111011001101100001100
00111100101011101001000011011101
10111101010011111100011000001110
10111101001011101110101101111001
00111011011010111111011100100100
10111101000000111001001100101100
10111100111011101000111011111011
10111101001000100011101110010111
00111100010101010000011111001001
00111100011110100110111111110101
00111101001101110111000101110010
00111011101011110011111011010111
00111100000001111100001010000110
10111100001111110100101101111111
00111100001111011100011011011100
00111101110010100011101001111000
00111101000011000111011001000011
00111101011011010101111011110000
10111100100111010000111101101001
10111101000111011101001100010101
10111100000011100000100010101010
10111101010011100001111010011000
00111101001111010110001001110010
00111100110111011100101000000111
10111010010011100100100100101111
10111101001000000100101010101100
10111100100110111000111000001010
10111100011111011010110100011101
10111011101000000101001110011110
10111100000001010010011000111010
10111011110001111101101101111011
10111101100101100101110110011000
10111100100111010110101101101110
00111100000010001100111111011100
00111101000000011011111111101101
00111101001111101110010011001110
00111011110000100001010111111000
10111100110101111001011000011001
00111100011010110011000101100111
10111100100011100110000110011101
10111100111010011110001101100110
10111101001001000101111101001001
00111101110011010001100100101010
00111011001111011011100000110111
00111100110111011111110111110110
00111101000101111000100011101010
10111100101110010100100111010011
10111011111110000010111100011101
10111100111000101110111101100100
00111100011110001010001011011011
00111100010101010100010111010110
10111101000001010111001010111111
10111100001101110011001101101011
10111100011111011011011001101111
10111100100000001100101110010110
00111101010010100011111001001001
00111100100000101001000101000010
00111101000010010010010011000110
00111101000001101101000011100010
10111100110111011011100011100110
00111100111100101011111000001010
10111101000111010011101010010010
00111101011110010010100100100101
10111011101000101001011111100001
10111101011100110000101111101011
10111011110101100100100110000110
10111100110000000001100100001001
00111101011010110111101000010111
10111100010110100110010111000101
00111101010001000110101001110010
10111101000001100110011111000111
10111100100000010000111001100101
10111101010011000111011100110000
10111100100010011010110001100101
10111100100100010011110100001111
00111100101010010111101111000010
00111100100010111110010010011010
10111100111111011000101000110110
00111101000011001100011101010111
00111100111110000010011011100100
00111101100100101100110011110011
00111100101000000010101111101101
10111100111011011001111110011001
10111101011001001111111111110111
10111101101001110011010101101100
00111011010111101111111001000000
00111101101011111101101011101111
00111101010010001011101111111110
00111010100001101011100101100001
10111101100000000010111101100111
10111100100001000001000010011011
00111100101110100111101101111001
10111101000000100000100001001110
10111101001001100000110101110111
00111101001010110110101111001111
10111100000000000010101000000001
00111101001111110011000101000011
00111101000110010000100000111000
00111011100110011100110111100110
10111100101000011101111001000001
10111100110010110111101100111111
00111101000000100101111001110011
10111100111101101010000110110000
00111101011100001010100010001001
00111101111010011100000110001110
10111100000000010011011110001010
10111101000100010000001101100011
10111101000110111010001011000100
10111101100101111111011100000111
10111101001000011101111100100110
10111101010100000111001001001110
10111101101011100100011100000010
10111101100010000010100010001001
10111100100111101101000011011001
10111101010010110001100011010100
00111011010001111101110101110000
10111010101110111001111100101000
10111100111100001010110011001101
10111101011010100100111010111011
00111101010011101100111110101001
00111100000000111011110110011000
10111101000111000011101001010010
10111101101111100100010111001101
00111011100111101110010010000100
10111100001001011111001001011110
10111100101101011110101100000101
10111100100101011000000000000100
10111011100001100000101101000011
10111101011110101011101100000011
10111101100010000001111000100001
10111101011111111111111010111110
10111101010101110000100011101100
00111100100000110001101100110110
00111100011100101100010111011101
10111011000011001111110110000101
00111101001011010101100000001010
10111101010100100001111001110101
00111101011101100011111000110011
10111101000000001111001011111011
10111011110110000110010101111011
10111010100011101101011011001001
00111101101000011100011011110111
00111101010100101100101101100011
00111011101010100001111001100011
00111101000000001100111011101100
10111100000001100000011011011111
10111101000110000011010101100101
10111101110001000000100001110111
10111101101010010011000000111011
10111101111100100011111011110100
00111101000000101100101010000001
00111011110001000010011011100100
10111100010011001111010111110101
00111100010101000000010000110110
00111100101101111100000011000010
10111100100010010011101110100010
10111101000010001000100111100001
00111100100101000001110011000111
10111101000100111110011001111101
00111101010000101110011101111000
00111100101001111010001001111100
10111101011000010000000100100101
00111011100001100111101010111101
10111100110001001010100011000001
10111100110100000010010110110001
10111100101000110100011100111110
10111101010111100101100010111101
00111101001011100001100110110001
10111011001011001111111010011101
10111101001011100000100100111111
00111011010100101011010010011110
00111101100001110100110001100001
10111101001001010100100011011101
10111100100011110100100101000101
10111100111001011100001011000110
10111100101000110001110111111111
10111100110010100110001000100111
10111001101011001110000011010100
00111011100010111110010000111110
00111100101001100110010011001011
10111101010100100011011111001001
10111101100011111001111101000011
10111101011010100110100010101100
10111101001111000101101110000110
00111101000000011010110011101111
10111100101111010001101000001110
10111101011000110101000101010101
10111100111000101011111111000101
10111101011010100010010111011011
10111011010100011101101010010011
00111100111111100010100001011001
00111100101001101100110101111011
10111010110001111100000000111000
10111100010011111101001100111110
00111100111100111110100000010110
00111101100100111000101101111010
10111101100110000111100100110100
10111100110011001110100110000100
00111101011000111101000111100001
10111101010000111010101000100000
00111010101101011011100101101101
10111011101001000000100000001100
10111101011001011100100000000110
10111010000101001101100111011101
00111100111000110111001110010001
00111100110110101111010011000011
10111100111111000111101111110110
10111010100010001111110110110101
00111101000010000111000101100011
10111100110100010000101010000101
00111011100001000111111000000100
00111100101000110001000101001111
10111011110100011101100001010011
00111101001011001100000011001111
00111100100001111000101100010100
10111101000001011011011001000010
10111100101000011010110000110011
10111101011100010100000101100011
10111100000011001011011100011000
10111101001011011010100000010010
10111100110011111111111111110011
00111100010000010101000000101111
10111100111101000111000001011010
00111101000110001010001110110000
10111101001011011001101111000001
10111101000111011010101100011111
10111100100100010101111001011100
10111001000110000100101110101001
00111100100111001101001101111101
00111100101000100000001011001000
00111100110100010110000111001011
10111011101111111110010010010110
00111101001011110110011100010000
00111101000110001000100100010111
10111101000100101110100000111010
00111100100100000100001111111000
00111010110000011110111010100011
00111101001110001010001000100100
10111100001000110100100010000101
10111101100010001011011111010011
10111010001110110110010111100101
00111101010001101110011100110100
00111100001011001101011011001011
10111011111110110111010010110111
00111101000010001001001001010100
00111101000010011100000011111001
00111100110101010000101111011010
00111011100111001011010100010100
10111100110000100010011101111111
10111011100111110010001100000100
00111100101101010010011101101111
00111100010011000110001110110001
10111011111010111010100100100101
00111100111110100000011000110110
10111101010101011100011011101011
10111101100101001000101101101000
10111101100000011100100101111001
10111101001101011001000110101111
10111101101111000100101100011111
10111010110000011100110010110110
00111101001101010000111010101101
00111101000101011010010001010101
10111010010000000001110010010100
00111101000110011111000110100000
10111101110010011101100111000100
10111101111110001001101110110011
10111101011111111100100010000011
10111101010101001111101110010100
00111100111000011000100001100110
00111100111110101111100110000001
00111010000001111001110101111100
10111011001111100100011010111100
10111100110111011011101110100111
10111100100110100011010000101110
00111011111001001000101100111011
10111101011000101110000000110110
10111100000000011001111000100000
10111101000000111010001101000100
10111101010100010011000010101011
00111011110100010001110011110000
10111100101010001010110100100000
00111101000100010001011100111111
10111100111011111100101010111010
00111010111111111010101111111100
10111101000001100110110101101010
00111101001100010011001101101101
00111011101011001000001011010111
10111100100000111100110010001101
10111100010101010001000101101011
10111100111000100101010111110000
10111101100011010110011111010110
10111100001000100011010010100100
10111101001111110001010011101101
00111100010110111001111011010110
10111011101011000010101101110010
10111100100111101001110110100000
10111011110011110001011000001101
10111100101010001010100000001100
00111100000010010010000001111011
00111011110011101111101011110001
10111101101100111001001000000001
00111100100011110111111110101000
10111101001101000101001011101000
00111100100101011110110011011010
00111100101011010111000010100110
00111100010111111001000111101011
10111101011111000000110000110011
10111100010011101011000010000100
00111101000000000001000111111000
00111011110111111110111111111000
00111100011100100111011001111000
10111101000011010101100101100000
10111100111110000100101000101010
00111100111000100111101110001000
00111011100100111000001111000010
10111100101000111100111000000001
00111100100101011001111001101000
00111100101000000101100000111001
10111101000011111110010001111000
10111100100111010110010101101000
00111100010101011101001111100110
10111101011010100011111111110011
10111100101011001100001100001011
10111100111000110101010001111111
00111100001111110110000011110001
10111101000101110000010001010001
00111100111110000011010111011111
00111011111111000100110111001101
10111101000011100101000110101111
10111100101110010010010110010010
10111100001101011101001010000001
00111100001011110100111111011000
00111101001101001010101011110000
10111101010110110001001001110101
00111011100011011010010001000000
10111100011001001001011010111000
00111101011100111111110101000111
00111100001010000100100011101100
00111011100111101001010011011110
10111100101101100101101010011110
00111100111101101010001100110011
00111101011001110110111111100100
00111101001101111101000010010111
00111100100111111010000000010000
10111010000100000001000001101010
10111100110110110011101011011011
10111101010000010110000110001000
10111101101100001100110010001100
10111100110100110101001100111001
00111101001101010101100010111010
00111011000011010100101110110011
10111100101001000100011101100011
10111101011011000011010000000101
10111101001100011101000011011111
00111101000001001111111010011110
10111100000110001000001100100101
00111100101100001001101100001100
10111101000110000011111000111101
10111101010111001001111010111100
00111100001000010011000011110110
00111101000010110011001100011011
10111100110011011001001110101101
10111100100000000101100101001000
00111100111000111100001011001110
10111100101001010010000101010000
10111101000100100011100111011111
10111100111000001001011111101100
10111101101110100101101101011011
00111011011000000001000010001100
00111101010111011000000110101011
10111011011101110101111101111011
00111100001111101101100001010110
00111100110001000001111111000101
10111101011001001110111110011001
10111100001111011001011101011100
00111101001011100011000110101001
10111101000101000001100011001101
00111100010000000101001110011111
10111100010100100001000110100001
10111100010011101111011111011000
00111101001100110110111101010010
10111101000000101110100100000011
10111100100011110001100110011010
10111101001110000000100000010011
10111100100101101110110101010110
00111100010001100110000011001000
00111100001111010100110111010101
10111011101101100001001111111110
10111100001110110010000101011010
10111100110100011000011100000001
00111101001001101011011000011001
10111100010110110000111010110001
10111101011101111000110001110001
10111100101110100110010010010101
10111101000010111001100001010110
00111011101000111010000111000001
10111100001010011100000101100000
10111100010110000011001010101010
00111100110000110000001011000101
10111101001000100100111100010110
10111101000010110001000011101100
00111101001000111101000110101111
00111100101001101100001101010011
10111101000000010100011011111011
10111101100110010000001110011100
10111011110010011001001100110000
10111101000011001011111111001111
10111101001111010101001100110100
00111100110101101100110011001100
10111101011110110011011001001011
00111101110100101110111011100011
00111101000100110101100001111111
10111101001100101000111110011001
10111011001010011010001001100010
10111101000000110110011111011001
10111101011000101001011100110000
10111101010001011110101010011001
00111011100011011010101100110010
00111101000100111000010001101111
00111101001000010010110100110100
10111100111010011011111111010011
00111100110001100001101100000110
10111100001111111100011001000011
00111100101001110001001011011010
00111100011110011011000110010001
10111010111101100000011101010100
10111100100110100000000111001000
10111101000001010000110111001010
00111101001000101011101110101011
00111011101100011010001111010101
00111101001101010011100000011100
00111101101001000101001110010011
00111101010000110110110000001111
10111101010110001100000100101101
00111100110110001111011101000111
10111101001011011101000011100011
00111100001110100000100010000001
10111011101110001011101100110000
00111101011001100011000001011011
10111100110110111111001111011101
00111100001000100010011101100101
10111101010001110001010110111011
00111010100101000000001000101101
10111011111000110000001010100101
10111100011111101101101001000001
10111101001100110010111111110111
00111100010010110101101101011111
10111100110011111111010010000100
00111101100100110110110100011100
00111101101010100110010100110110
00111100001011110001011110110111
00111100110010000101110001001000
00111101101111001110111100011111
00111100110001011000000101001110
10111101000011000110110101100111
10111100110111000100110110111101
10111110000000100111011101000110
00111101001010100000001111110010
00111101011100001001110011010111
00111101100101011100100100100101
00111100110100101111110010010101
00111100110110001011001001111101
10111101000011101010010110001001
10111101101011110011111011110000
00111011000010110101010100010010
10111100100001101111101111110100
10111101000010011101011011110101
10111101110101011010110100000001
10111100110111011000111010100111
00111101000001101010000010000010
00111011101110011000001111010101
00111101010101110101100001100111
10111101000100101101101111101110
10111100010011101110101001001001
10111100100111000101000011100010
00111011101010100111100000111110
10111100001001101110010100111100
00111100101011011001101011111101
10111100011111000101001110100011
00111101010010010001011010101001
00111101011111111001001010110000
10111101000001010100110011010011
00111011010010111010111100000001
00111100010101011101111001010011
10111101001011001101100100010001
10111101000011011100001100101000
10111010111000101100110000001011
00111101000110001010010100111011
00111100101101000000111000110010
10111101010001001111110001000100
10111100100101100001001110101011
10111101010111000001010001001001
10111100101110010001100100110001
10111100101110101000000010001000
00111100011001101000011111111001
00111101000101101100001110111110
00111101011101101111101100000110
00111100001101101011111001101110
00111100110111101100111000001111
10111100011100010000110011111010
10111100110010000111011000111111
00111100011001000011011100001001
00111100111000110000001010100110
10111101001010110001011111010110
10111101000000000101100010010110
10111100101111100000111100110010
00111101010001011001010100111111
00111101010000010011000111111100
10111100111011100100101110101011
10111101001001011000000010000111
00111101100100011100001101001101
00111101101101000000010101000111
00111101101101101000010001010001
00111101010011111100111101010110
10111100110010011000111110010000
10111100110001101011100011100101
00111100011001101010101111100001
10111101101001100011000101001001
10111101011000111111000110100011
00111100101100111101100000101110
10111100100010000111110100010101
00111100011001011000101001001000
10111100111011100000100101101011
00111011110101101110110110111101
00111101001001010100101001110011
10111100011010111000000110011110
00111100111000001010101101010111
10111101100100000110011000001111
10111101100110000000011010101101
10111101001110000110110000000100
10111100011110100011101111010010
10111100001010001010110011101010
10111101001011001101111011110010
00111101000010001100110101111011
10111100111101111110101010010101
10111101100010111111100000011111
10111101011100010000100110001011
00111101000010111111111000011100
10111101000110111001100000010111
10111011101110001101110100111010
10111100101111010011111000101110
00111101010010000100100101110110
00111100101111000101001000100011
10111101000111111010110100111100
00111100010000000101000011111111
00111100111101011011011010101101
00111101000110001111010111011000
10111100110010011001101100100100
00111101000111111111110010111000
10111100101011011010110000101011
00111101010100010101000011011101
10111100111111011101111010101011
10111100011111110010100101011110
10111101000010110101010111000110
10111101000010100101111110011100
00111101000110110110000011001011
10111100111010100011111011101101
10111101000100001001100100110010
10111101010111000100101101000001
00111010000100011110000000101110
10111101000101111111101001100100
00111010100011110101011101001111
10111100000001011010000000111101
00111100101110110111100101101001
00111100011111010110110100000001
00111011111110000010111111001000
00111100101010111100010100101001
10111100011101010010110010010001
00111101011100001101001111001010
00111100001011101110101000100011
10111101011101100010111111101011
10111011010100010001101011100100
00111101000101011111111101100111
00111011001100010110000111011001
00111101000101011010001011010001
10111100001010001000111011011001
00111101001011110111111100101000
10111100000001001001101010100110
00111101101011001000001010100010
10111100111111011111100111100011
10111101000111100001111000010110
00111011110010110000010100010011
00111100100011100100000001011001
10111011111001110010011111000000
00111100100000110111101011010010
10111101001011001111010010111110
10111101000000110010110111101001
10111101010101010111110111101001
10111101001010011011111101111101
00111011111100011001001101001111
00111100100111000001011100000011
10111101001101100110110001001110
10111101000111100100011110000000
00111100110010001111100010010101
00111101011011101111001101001000
00111010101100011101000101101000
00111100100110011001110001000010
10111101010110111110111000101111
10111011111110000111111011010101
00111100011101011010001000011011
10111100110101011001110110110101
00111100011100110110111111100000
10111100001100011110100010101010
10111010111111000111001001011100
00111100100100010010110011000000
10111100001110001110001010111110
10111101010010100010110100100011
10111101011110101011110010000010
10111101101000111110110110010101
00111101010100111010100101011000
10111100110110000111011011100010
10111100110010010101101011010101
10111101000110100100110000100001
00111010011111110000001010101111
10111101100011011111001000010100
10111101001111010100101111010011
00111010011001111001011010001001
10111101000000101100110001111010
