10111100010101000011000000101110
10111101000111110101110010111011
00111011011101010100101110100100
00111100000011010001000110110101
10111101011010100001100100100111
10111100111100101000010001110110
00111100011100110000111010100101
10111101000100111100000101011100
10111000110011110011111011010100
10111101011001000110101001100100
00111101100001110110100101000001
00111100111111011110111100101001
10111100011110101010111010111001
00111101100000011100011000101011
00111011011001110010101100110101
00111101101100100100000001110100
00111101010000010100010001010101
00111101010000001000101010010100
10111100100011110000000100000111
10111100100100001101000010000100
10111100111000000110001101110001
10111100101011000100111101111111
00111011110011101111111101010001
00111010000000001010010110010101
00111101101001101001011110011101
00111101000111001101110111111100
10111101000101101111100110001010
00111100110000001000110110000011
10111101011100101101110101101100
10111101100000101010101011100111
00111101011000111010011001011001
10111100010110101011000001101111
00111101000000010111000100000011
00111100110011000111110000010100
10111100100101010110100111010011
10111101000111110100110001010110
00111100100100110110110010100111
10111011000101000000011101010000
00111100001110111111000100101110
10111101001100100111000110001011
10111101010100110011110010001011
00111011111000011100010000010100
00111101010111001111100101000101
00111100100101110000100111000010
00111100011011011011101111001001
10111101011000011100001110101111
00111100001011100100000011001111
00111100100100011011010000001101
00111100000011111100001110011110
10111100111010100011111100110001
00111010101110100000111010111010
10111100101111001010101010110001
00111100000101101101111111110011
00111101000101001101000111001010
00111100100010011011010100011010
10111011111001100100100100101011
10111100111100010110011111011001
10111011110111111101001101100011
00111100101001100111011101010000
10111100101010010101011010100010
00111101000110101010100010100011
10111100101100000010100100001111
00111011011011110010001010010110
10111101000000011111000100001001
10111101001100011100010100101011
10111101001011110100101010010111
10111100010110000101010010001100
10111101100011110101011011010111
10111101101010110010110000111001
10111101100101011101011000111100
00111101010010111010101000011000
10111100000001010011110010111001
10111101000001001100011011000000
00111101001001111111011001101001
00111100101110000111111010001010
10111101000110100100100110100101
00111101000011011110010001110011
00111101010100111110010000101100
00111100101000010000010100001111
00111101010010101011000101110111
00111100110010000101100011110011
00111100101010000000010111111000
10111011001010110001011100010001
10111011001111011011101110011111
10111100010010001000101110011001
10111011011001000011010001010001
00111011011100100000101001001001
10111101001011001101000110110010
10111101100000111000100010011010
10111100111101100111111001101100
10111100010111100111001100001110
00111101000001100000010101011100
00111101001011010100110000011011
00111100101100110001110101100011
00111100010000010100010110100101
00111101111010001001001100110010
00111101100100101100101000011101
00111101011010101000110100100110
00111101110100110110101101111111
10111100110011000010001001000011
00111101001010101100100100010011
10111100001011010101010101101101
10111101111010110001000010000011
00111100110000101011100101010011
00111101000101100000010110101011
10111101101101111010011110011100
10111101001011101001000010100100
00111100011100000110010111111110
10111100010100000111110010100000
00111100100101111110000110111101
10111101000110000010100100000001
10111011101100000011000100101000
00111001100110010110000111101001
00111100000100100010010000000111
00111100100010010000100010010100
00111101000111000101000000110100
00111011111000000001100011111011
10111101101001101010000010010010
10111101100001011001101101111100
10111101110111111010010001001001
00111100001000010010010101110100
10111101000011011011000001100010
10111101100011101100000101000111
10111101000101101100011001000010
10111100000101001111001111001111
00111100100101110101001010111010
10111101010100000011011010000000
10111100001010000010100011111011
00111100011001011000110000101111
10111100111010011011100011101011
10111101000000010111010011111101
00111100101000000010100010000010
00111100111010000100010100111101
10111101010001010011101101001010
10111100101111000010000101101001
10111101011000100001000110110000
10111101001101000011011111110111
10111101101111110000001010110111
10111101010100110011100000100100
10111101101010100000110000010100
10111100101101010101000111100101
00111100111101001110010010010000
10111101011100111110110001101000
10111101010011000100111100100010
10111101001010110111000011101100
10111101100011100110011110111001
10111100010000001011001011011100
10111100010110101011100111101110
10111101000000101010110110010101
00111100111110110001110101001010
10111101000101011011001110010000
00111100100100111001000011001001
00111101001101010101011111010001
10111100100010011011101010100100
00111101010001111011110000101000
00111101010100101001110011101011
10111100001100000011001101100100
10111100101010111110100001011100
10111100011101010101010111001011
10111011101001011010010010000011
00111101011100101011111001100001
10111010011000101010111010100110
00111011110100110010101011110010
00111010000010011111011111110101
10111100101110101011000111011110
00111101001010110000110010110101
10111100000011010101001100011111
00111101001010001011011101001000
00111100101111000111001010010110
10111011111001111011101100101101
10111101010010010111100010101001
00111101000111101000000001101001
10111101010111110101001111000100
10111101000100001100011000000000
00111100110011001101000101001010
10111101100011101011000011011111
00111101000101010010100001010101
00111100100001101010001001010101
00111100110001010011100110010100
10111100001100010101100010000000
10111100110000110000100010110111
00111010011101011000000110010101
10111011100001001001010111110100
10111100001100110011011001000001
10111101010100000110110010011011
10111101000000010010010100111011
10111001100000011001000010011000
10111101010011111100101110011100
00111011111100011010000001100000
10111100111111110111100101011010
10111100010010000001010111110011
10111101001011000111010010010011
00111100010010000010010000100010
10111101000011111000011100010000
10111100101010000010010111110000
10111100101100100000010101000000
10111101010100010110000011111110
00111100100011011001100011110100
00111101001000110011111101001000
00111100010000010001000011011100
10111100110010100011100110100000
10111100111101110011101101110000
00111100001010000001110010110111
00111100100100110101111001101000
00111101011000001001000010001000
00111101000110000111100100101000
00111011111000011101010010111000
00111101011111111101011000100101
10111100110111110101010110111011
10111100101001111110101010001010
10111101001001001101011010101100
00111100101110110011110101001101
10111010110000101000110011000111
10111100100100010000111100111101
10111100111101001101100111100000
00111100001100011110011111001010
10111100111100101111101001101010
10111100001010101101111100111001
10111100110110110100111110110110
10111011101110111000010101110001
00111010110101000000101100111100
00111011100011110000010001010111
00111011101010101011000000111101
00111011111110000111010100000011
10111100110100100000111110100110
10111101010111001100000101101000
00111011111010111101101101111001
10111100010111000110011111000100
00111100001111101001110110010011
00111011110100111110000011001010
10111100111111000100101111111101
00111011101101110000000010011101
10111100101111011110001100110001
10111011011110111100010111011110
00111100101110011010011010011011
10111011100101001101000010000000
00111011101111001111010110000010
10111011110101000101101100100000
10111100010100010101010000110001
10111100011100110011000101011010
00111100110000001001111011110110
00111100001111010101001000110100
00111101000000001001110000110110
10111100011110110011001010000000
00111100011010100110010010101111
10111011000011101110110101111101
10111101100010111111101101111000
10111100001000100111101110000011
00111011001010101010010100100110
10111101001011000011000001110111
00111101000011101110101001000101
00111101100110101110000001010000
00111011101000010001000000101010
10111011110010011011011101000011
10111101000111000110010111111010
00111100001110101100110011011000
00111101011011110110001011100100
00111101011110100111111110100101
10111100010110111101001110000000
00111101010100001011010011000011
00111100100000011111001111111000
10111010100000101110001101110011
00111100110011100101000011110111
10111101000111111110101001010000
00111101011100011001011101001000
10111100010001111011011110100001
10111010100000011111111010101001
10111100101110100001111111101011
00111101010111110000000110000000
00111101001010000001111001100011
10111101001001101011100100010100
10111101010101110110010001101101
10111101010010000101011011010101
10111101000101101010100101110010
10111101011010001100101011101010
00111100100101011101001100101100
00111011001010010110100100111001
10111100100111110011101001010100
10111100100101101010001011001101
10111100100000100100101111111111
00111100101110110011100110111110
00111100010100100101010011000000
00111101010110000101111010011111
10111101000111011111111001111001
10111100101010011001111110010011
00111100101111100111001001001111
00111100011010011000001011111110
10111101100000100101001000011011
10111101000001100100110010011110
00111011000010110010101111111110
10111011110001010001001000110000
00111101100001011101101110101110
10111100111010101000100111101001
00111100111010000010000001101111
00111101000001010110110111011001
10111011101000111010110110100100
10111011101111000001101111011000
00111110001010011100111111001011
00111101011001100010100100010100
10111010101000011101000001000111
00111101101010100101100000001011
00111101010011010000001011001111
00111101100011100000101011001010
00111101001101001100101100110101
00111101101100000001101100101011
00111101100101110110100010010011
10111100101001000110000001001101
00111011101101000110010011010101
00111100011111010000111000100011
10111100010100001101000001110101
00111100101101000110100000001111
10111101001100010001001111100000
00111100001010010010000000001001
00111100100110000100000111001111
00111100110111111001100001010100
10111011101101011111010111011101
00111011000110000101010001011011
10111101000010100000101000101111
00111100111000110010001101011100
10111101010001010001001101110000
00111100101001011110100011111011
00111101000110100001110011111111
10111100110001111010000011110001
00111100110011000001011101000000
10111101001101101001111010001001
10111101011110011010001011000001
10111011101011010010111001100000
10111101000010010111100001101101
10111100111100000001000101000111
00111100100001100011001011000100
10111101001000100100111101100001
10111101001111101101000000011010
00111101010111101110011100010010
10111100000001100011111001100011
10111101010011000100111110011111
10111101000010001010001100010111
10111101001011000001111010001110
00111011001010100001101011100000
00111011101111010111111000000010
10111100110100001011101000001000
00111011011110010001110000001101
00111101011000101001001100000101
00111101000000000100000001000101
10111101100010010101101100001011
10111100010101100010010000000100
00111100000100110101011100010000
00111100111000010101111010000000
00111100100110001001000100100001
00111100111101100001101000000010
10111011000001101111111011001101
00111101001001000000110011111011
00111101000100100011100000001110
10111100110001001101101010111000
00111101010100111011100010011010
10111100011100101101001101001010
00111100011110101110110001100011
00111101101001011001110111010000
00111011111111001111011011101101
10111011010101111110001100110110
10111100011111100100100001101111
10111101010101111000111110011000
10111100001111101101100110101101
00111101000111111000010010100100
00111101001001000011100110001001
00111100100111001010010001000011
10111100001010111010111000010101
10111010010101010100110000011111
00111101010100000101011100000101
10111101001011001111110001111010
00111101001010001001001001001000
00111100110011011000101000111001
00111101000001101010010110000000
00111101101100100000010111011111
00111101000010100100101010001100
10111101000110010111110001101011
10111101000000111111000100000101
10111100100001010011101110010001
10111101001000111100010011001000
10111101001101000011011100101111
10111100101111110001100110110011
10111100111110000110001000101101
10111011110110010010011110110000
10111100001110011111011010110010
00111100111100011010001111111010
10111100110001100000110111111100
00111010010101010010000010101111
00111011011000101000001000001011
10111100110101110110110100100010
10111100101101000111100010001011
00111011000011001001010001100100
00111100011011000100011010111000
00111101001101011001101101111100
10111100100110001010100100101011
10111101000101101101101111100000
10111101000101010011110111001111
00111100111010001000000100010101
10111101100000001111111010101011
00111011100011110110100000100110
10111010010111001011000111100101
00111100010100011000111100111000
00111101001101000000001010110000
10111101001010100000011111001000
10111101010010101011000000011111
00111101001101001100100011001000
00111100110000000000000010000000
10111100101111100010111101001110
00111100010111001101110100000011
00111011110101110111101001101010
10111011000011101011110000111000
10111101000100011101111101110000
10111101100010111011111011001100
10111011100110101100100111111011
10111011111101010110110100100111
10111100101000111111001000110010
10111010101011010001111101010011
10111100010110100000001011101011
10111101001000011110100011011000
10111100110101111000100010011101
10111101011001001011000110101001
10111010010010000010010011101110
10111101000000000011000110001100
10111101010111010000101111101111
10111101001001011001111110101101
10111101001000110101011010000000
10111101100001000111101000101111
10111011111011100101111100111111
10111100101011110000011101000100
00111100111001110110101110101111
00111100000010111001000100111001
10111101011001101010001010011000
10111100110011101110000111011010
00111100101110000000100110100000
00111100010011000000010000001100
00111101110001101100011111111101
00111100011101100011011100100010
00111101001011111011011001001111
00111101000100011111010011001010
00111100101101001100101011000010
10111101000001011001101001001100
00111101000010111010111110101100
00111011101100111000101000101110
00111101001000000100111100010000
00111100010101000011011101100000
10111100011100000011110100101100
10111011010101000000101000101000
10111100101101101111000010001111
10111100110100110101110111101100
10111100100101000010000010001101
10111011101110001000000101010100
10111101000011100010100100001101
10111101101111101111000101110000
10111100111011110111110010010001
00111011010011100100100000000001
10111101101000100110001101110100
10111101001111000001100101101011
00111100101000110101010011111001
10111101011111101000000011011110
10111101001001101101010100101101
00111001101110001001101011101111
00111101000001101101111011110000
10111011101110010001000000000101
10111100010010101001110011001101
10111101000110111101001101110101
10111011110011000010010011001100
10111101100110111011110110000011
00111101001001010001000111010111
10111100011100100000010100011110
10111101101011110001111011100010
10111101001001010001011110110010
10111100101011100110011010110111
10111101010011011001000001011101
00111100101101100001100001110010
10111100011100001000010110001100
10111101011011110100010101110110
10111011100011111000000000000000
10111100100111100101101011110001
00111100101010010011100010111001
00111101000110001111111010001111
10111011000111110101001011001011
10111101010011101010001010100100
00111101000001100010101110111111
10111011110011110110000110000000
00111100001101001100011011011000
00111101000101101101111100110010
00111101011101001110101010111110
10111100100110010001100111111000
00111101001100110001000000110110
10111100011111001100101000001000
00111011111111101100100100111000
10111100001011011001011110101110
10111101001000010010011110101010
10111100000011011110001100111110
00111101011001010011011100111100
10111010111111011011001011101101
10111101001000110101011110101011
00111101011110111111000000101100
10111101100010110111010000011001
10111101010110000001111000110111
00111101011110001100010011010010
10111100010111000001000011001111
10111101011100000111100110001100
10111010100000100111000111001111
10111100100111110011001111001101
00111011101001110000000110011111
10111101000001101111100110100100
00111100100110010110111010011001
10111010001101001011100100011110
00111100011111010011110100110010
00111011001100111111001101100010
10111101011101101100000100101011
10111100100011101111110110101010
10111100101010101110011100111011
10111011101010001101111010110111
10111100001100000000111101001010
10111101011000001011011100110001
10111100100010110110010101110000
00111100111110000011000001011001
10111011001000110001110010000010
10111011110101111110111010100110
00111101010001101000000011111110
00111100100011111110100000100001
10111100111111110010011001100100
10111100001001000011101111111111
10111100010111001011111110011001
10111101011111000011011100111100
10111011000000101011010101001001
00111011100111100101110111100010
10111101011011100100111101010000
00111011101111111011110110000111
10111100100000000100100001110110
10111101000010001001001010111000
00111101001110111110110111101001
10111100110110110111000001010111
10111100010001000010000010011110
10111100101010100100011101001001
10111101000000110101000001001101
00111100100000100000101011101001
10111100101100110001101000010111
00111010110011011010101000011010
00111101001000010111101100000010
00111100101011101111001100111101
10111100100101100111000111000000
00111100001001100001001101101000
00111011100110100111011110110010
10111101000010100010101011011100
00111100100010000110101110011010
00111101001010000101100010011100
00111100001111010110101110000100
00111100001111111001000111011000
10111100010000000111001001010101
00111100100111010001100000011100
10111101011000010010010011001000
00111101010111101111000100101010
10111101001100100001100111101010
00111100101000010101110000110000
00111100001101011110110011010100
10111101000011000111010010110010
10111101001010101110100001010011
10111100110110001110101010000000
00111100010100011100010000110110
10111101100001111011110100000100
10111100000010000100010110010111
00111100010001110111110001101001
10111101100001100111110011111011
10111100010010011010110011100001
10111011110111101101101100111001
00111100011010001110010011110111
00111100110010010011001010010011
10111100100110000100001101000110
10111100111010110110110001110011
00111100010100101001000110111001
10111101000110010010011001000011
00111101011110110001001111101010
00111100011011011010011000001010
10111100111010000010001111100010
00111100101101001000010011000100
10111101100001101111001010001101
10111100001110101000011011000011
10111100111101000101101111111000
00111101000001111000011011011100
10111011011011010111010001001000
10111100110011000110010100100010
10111011110001100011100000001110
00111011101000111001011111010001
10111011110010000001110110110011
00111101011000011111111100110010
00111101000100110110110101111101
00111101011110110110001110110111
10111011110010001101111011110001
00111101011011011010110001011111
00111101000001111101001110001001
00111101010010011111101001010111
10111011101001011111101000010110
00111101100011110010001110111101
00111101001100011101010100100000
00111101000010010010101101001101
10111100011001000010001111011000
00111101011010010111010101000011
00111101100000100000111100011100
00111101000110000010010101011100
00111101010010100000000011111101
00111100110101010010101110000010
00111101011011011000100111101100
10111100010000111101000010001011
00111100000101101000111001100111
00111011001110110110011001010011
00111101001100010001101000010100
10111100000111000111011100001000
00111011010000001011000101111011
10111101001111110100110001000110
10111100001110111111000001101110
00111101011001000000100100110100
10111101000101001110001000010100
00111100011101010000100001011101
00111101011111101011111100111100
00111100110001011000011010110101
10111101000011111100100000010110
00111100010001000111100110111110
00111101001000001010110000111110
00111011110101000011001110111110
10111101010110110011011110011001
00111001111011100110010001101110
10111100110111001010011101000011
00111100111101101100100110010100
10111101011100111111000000001110
00111100101000010011001010011101
10111100100100001101001010010101
10111100011100111101111010101111
00111100010010111001111101001000
00111101010011110000101010011110
10111100100011010111010010110000
00111011010111001100010011111111
00111100011110001110101100101001
10111100111000001110111000101001
10111101010000110001011111111110
00111100010010110001110101100101
00111100111010000110101000011100
00111100101001100011101010110101
00111011011011010000101001011011
10111100100010010100010010100101
10111100100010101011110101111000
00111100001110011111000111000111
10111010100011001010110111011000
00111100110011000111001110111110
00111101000111010010011111110111
10111100111100100001001010101110
00111011110100000100000001100101
00111100111100000111101100101100
10111101101110110011010100100010
10111100010010010010001110100110
00111100100101101100111011011110
10111100101010111110101011100100
10111100111010011010100110001111
10111100011000110111100110110111
10111100101100110100000011011011
00111100001000010001010011000101
10111011011000110000111000111010
10111011101101101100100010101100
00111010101101100100101100011101
10111100111011111111100011000001
10111100111000010110000101110101
10111100010101001010011100011000
00111100011110001001001010111000
00111100111001101010000111011001
10111100011111100101000110001000
00111101001000010101110001000001
10111101001010000010001011110011
10111100010000111001101110100000
00111100011110100101011011110001
10111101100101010110010101100010
00111101001000110111110101101101
00111100001100000011100000100101
10111101001101011001010010110101
00111101010111100001000100011111
00111100111000000010010010010010
00111100100110011111111110000111
10111101011101010111011110011011
00111011100000100110010101100100
10111101001100000010100011010100
00111101010100010110010110011111
00111101001010110100100011100100
10111100111011011000011010001111
00111101001110100101101101101001
10111011100001111100111101001110
10111101100111100000110111111111
10111101000001010100110010111110
10111011111001000110110001000001
10111100011100001101001000101111
10111100100100101111011111101110
10111011110010101001111000110001
10111100010100111110011101011101
00111100011100000011110010010010
10111100000110111100101101011111
00111100011100011011110100101100
10111100101111111101000100010111
10111011010011001101011011011000
00111101001011101111111011001100
10111010111101001100001001010101
10111100100101010100100100000110
10111100110100100110001000110100
10111100100001001011011100111101
10111100100101111100111110000101
10111011011010001011001111111111
10111101011111001110001000101010
10111100000011100001001100111111
00111100100101101010110010101100
00111010101001101111111110101011
00111100111001000011101101001010
10111100111110111001111101101011
00111100110111111100001111101010
00111101011001011000101101000110
10111100000111011011110010100111
10111100110011101100001000011101
10111100011111100101000101011100
10111101001001101110000011010111
00111100010000000101100111111011
00111011101100000011001001010101
00111101001111011100011100010010
10111100110101011000100110111100
00111100100011000101010111101110
00111100010111100101010000001000
10111101000011011000011101100101
10111101011101110101000101111001
00111100101110010110111100100100
10111100000101010011101011110001
10111100111101110100101011011011
10111100111010101101001001001011
00111100100001010010000101000011
10111101100011101111110101001100
10111100101011000000110010110001
10111100111100000000011100001011
10111101110001100101010100101001
00111101000000101111001111000100
10111101100010110010000011111011
10111101011011110010100010000100
10111100100010100001010010100101
00111100010100001000011000001101
10111011010110001010100111101011
10111100101011011111000000101001
00111100100010110100011010110001
00111101000110010100110000011000
10111100101111000000010110011011
00111100011010001101010000111000
10111011001010110000011111000001
10111100110101110101101010110111
00111100100100101001001010111110
00111100110001010011011001100000
00111101000100101010100010100111
00111101010100000010001011010010
10111101100101100010110010111000
00111101010011111011100000010110
10111100010111001110011010110111
00111100101110100010110001111100
10111011111100101101111010000110
10111011011011000000101000100111
00111100110000011001111010001010
10111101011101101001010001111101
10111100011000001000100110010010
10111011100011110001001110001101
10111011101011010100010010100010
00111101001110001111101110101110
00111100000101111010011110011101
00111100101111011101001111100111
00111010110110101000110000011010
00111011110111111111101001111011
10111101100100100101110000010100
00111011010100000101110000000100
10111101100100111101111010010010
10111100110111101010101000101011
10111101010100001110001100100010
00111011100111000010101000110011
10111010000101010011001001110101
10111101001110110111011011110101
10111101011010001010000100000100
10111101001111010101100010101001
00111101011010011011110100100101
10111100111101101111000110110111
00111100010010100010001001101110
00111101010000100000011000001001
00111100001100110101100101001000
00111101010001101000110011100010
10111100101001010111100010100110
10111101001100100010100010000101
10111101001011011100000000100000
00111100100111000001111101110111
00111100001111010010010110001010
00111100100001010011000011111010
00111100101101111110100011010100
10111011101101011010001001011100
10111100000010110111101111100101
00111100100100100110000101000000
00111101010110001101000000111001
00111010110111000101011111011111
10111011111001010000010011101111
10111101100110010000000010111000
10111101001111110001111110011101
00111100110010111110010110100111
00111101001101100101111010011101
00111101010100000111110111010101
00111011000011000100101101100111
10111101000011111010111101011110
00111101100111101000011100010110
00111011101011000101111000011101
00111100111100100111011011000010
00111101100000101011101010110010
10111101001100110101010011101101
00111100011101111111110111110110
10111100101001111001100110110110
00111100100100000000101010010000
00111011110010010111010010100000
10111101010101101010111010101001
10111011110010010111100001010111
10111011110001111101010010100111
10111100001111011111101100100100
10111101001100010001001110100101
00111100111101010111011101010001
10111100000011001101100111110001
00111101001110111101110011010100
00111101100011000001010010010011
00111110000011110101101000011101
00111110001000110110110101111100
10111100110100001001100100001000
10111101000011010111011010011010
00111100110111001001110111011110
00111101101111111101111011100101
10111100111001100111100011111100
00111100101000001001101101010110
00111101101101011000111000000000
00111101001100101100001110110100
00111101010000111000101010011010
10111011001101101011100100111001
00111010110000111000001101101000
10111100110101000111000010101001
00111101101011011100100001011001
00111100010101101011111111011000
00111011101100101000010110110010
00111101001000100100000001110111
00111100101100000110100110110100
10111100100001101000010100100000
10111101000111010111110001000110
00111100011101101110101101100101
10111100101111010101001011000111
10111100001100000100100001010010
10111101001010110000110101001010
10111101010110001001111010011110
10111100111111001010010101110101
00111011000010101111111000101011
10111101010001100111111011001111
10111011001100011110011101100000
10111100101111100101000111001010
10111011000011110101100110110010
10111011101001110111110000100011
10111100110010010111000100110010
10111100101111100100000001001010
00111100111111101001111001011100
00111100001111111010110011101110
10111101000111111010110110001001
00111101000101110110011011111000
00111100111001000111000101010101
10111011010111000110100100101110
00111100000000110001000010100011
00111100101101111001111111101111
00111101010001010100100111011000
10111101000010111011101011100011
10111011110000110101010101111111
10111100111010001110001111100010
00111100000000001001111000101110
10111011111001000110010111111011
00111100011100100111100100001101
00111011111010101000011101000010
00111011110010101100011011100001
10111100011000010000010100101111
10111011001101010001001010001000
00111101001000000110110101111010
00111011111101001000010011101110
00111100111001011101110000100011
00111101010111101011010101100001
00111100110100000101001010101100
00111101100000110010111101000110
10111101000101100110101011010010
00111011100101001101001011101111
10111011000111010001101010001110
10111100001100001010001101101111
00111100110100111010101101111100
00111100111101000101000011111000
10111101100111000000101011010001
10111101000010111101001010111000
00111100110011010010110110010011
10111100100111011001000010110101
10111101011101100110000101101101
00111100100010101111010011000001
00111101001101011110011110011100
00111100010111100100101111001100
00111011110011101101001011000100
00111101001101101111001001100101
00111100100000100111101100101111
00111101000100011001100011001101
00111100110001100010010101111011
10111100101001111101100001011001
10111101010100101100111100000110
00111101110001100111000110111110
00111101001000111000011010100000
10111100000101100111011001110111
00111100111010110111010010001111
00111101001000000010110000101111
00111011000100110110111011110101
00111100110111111000000011001001
00111101001101110110110100001010
00111101010111110000110011001111
00111101100010000100100001111001
00111100111101110100110011001101
10111101011010110101011000100010
00111101000100100000011001110110
00111100000101011000110001110110
00111100100000000100010111111010
10111100111001100001011011101101
00111100011000010011100110001010
10111100011110000110101101001101
00111100010100111000010011011010
10111100110000100101001000101010
10111101000010111000011110010001
00111011100011001011000010101010
10111101010100111100010111100000
00111100101111011001010111010101
00111100100001010101111110011010
10111100110011011111000111011000
10111101010001111101111010011110
10111100101101100101100010111001
10111100000110110110100111111111
10111100100011101100110111010110
10111100101110100001110000111000
10111100010011011000110001000010
00111100011010001011100110010001
00111101010011111111010101101001
10111101001111011001010001001110
00111011101000110110000100000000
00111100101000011010111000001010
10111100101111011001110011111101
10111101011001001111101010111011
10111100101101010000111010011101
10111100110001110100111001000011
00111101010010100001001110101010
00111100101111110000000011000010
00111101001011111101111011011010
10111100101001101100001000101000
00111101011000011100001000100111
00111100100110100101011010011000
00111100110010000111111001101010
00111101010010110001011010100111
00111101001000000011111110100011
00111100011010000000000010011000
00111101011111010000000011111010
10111101101000110001001111001000
10111011111111110111001001000001
10111100010000100010010110001010
00111101010100000000011111110000
00111101001000100101110111100111
00111101100001000110010000001101
00111010100000110101101101110000
00111101001101110111110000110011
00111101100011100001011001011111
00111101010000111010100100110101
00111001110000110011110100010010
00111101000100001010110100111001
00111101110010011011000111110001
10111100101010101011110101111100
00111100111001101000111011010011
00111101101101000110110100100100
00111101101001100100101001101011
10111100001101010100100000101101
00111101000000101000100111100001
00111101101001110011000000101101
00111101011100000100011111011101
00111100111111010010011010100001
10111100110010100000100001111001
10111011111101010000111011110101
10111011100001010010101011100111
10111100111001111000010000111110
00111101011000110100101101110101
10111100010101111010101110111101
00111011101101001100101100100111
00111011100100000001000000100101
00111101000100111010011100010010
00111100100100111000111101101000
00111011100001110010001100110000
00111100010100110110011000000010
00111100100011000101001011001011
10111101010000000011111010000011
10111101010101001010001101100001
10111100110010101010000111011100
10111100101000000010000100000111
10111101100010111011000000101010
00111101000010010010101001000101
10111101001011011101111111000001
10111101100011111011011010111111
00111100001011010111110011110101
10111011000000100010101000011111
00111101000011011001110000110101
10111101001011100011101100111100
00111011101111010011111111000011
00111101011110010001101010001011
00111100111000101001000000011001
00111101010110110011111100101001
10111101000101010000111111001100
10111100111010110100011010010000
10111100100010011011010100000110
10111011100001000010010100101110
00111100110110111001100011111111
10111100101010100010011110101011
10111100111100000100001000010110
00111101100110101000100010000101
10111101000101111101011010111011
10111011100001011110110111010011
00111011000111011100000111001110
10111100010110111001011100001011
10111101001111011001000111000101
00111100110001101101011001000001
00111101010110111001000100011001
00111101010101101010110011110111
10111101001011000000010000011101
00111100101010000110101111100100
00111101001001101110010111100111
10111100100101001100101101001011
00111101101100010000111000110000
00111100101000000011011001111101
00111100110011011011101110000000
00111101101100111111000111000010
00111100010101000010111010100101
10111100000110000010000100100101
00111011101111001100100000011011
00111101100111101001111011001110
00111100001100000100001111011010
00111101001110011101110110000000
00111011001000000001110110001111
00111101011110100101011101010111
10111101011101111010110110010010
00111100111000001111010000011110
00111011111011111011111000101101
00111101010011110001100010101001
00111100010011110101110001100101
00111101000110100100010000010000
00111101000001110100011010101101
00111100000001000101011010010100
00111101000000111101100010100111
10111101001001000100100110011110
00111101001111010110100011100100
10111100010001011110110010001100
00111101000111101110010001000010
10111100010000101011110000110001
10111100110111010011111101010001
10111011110110000000011001000011
10111101001111000101101110000111
00111100110110111100100010011111
10111100000110111001100111010011
00111101000001101001110101100000
00111101010101000000001111010001
10111101000111010000111000111110
00111100111110001001101000101011
10111100101011100111101110000110
00111100011100011001110010011111
10111100001000110111100001101110
00111100101111001111010100100011
10111101000011100011110011010111
10111011110010000101010010100100
00111100010110000001000001111011
10111101100001001011100010010010
10111101001111111101101111100110
00111100100110110010101101101100
10111101100000110000001110111000
00111100101110000110001010011100
00111011011000110011100101111001
10111101010000010101010101001001
10111101000110010111011011011011
00111010100100111000010000001010
10111100011110001000111100100100
10111101010000101001100001101011
00111101000110101011111001000010
00111100011010010110011110011110
10111101100000100011110010101110
00111010111011100011000011111100
10111101100111100001010100010100
10111011100111101010111000011101
10111100111010101111000001011011
00111011101100000000100110100100
10111101001010100111101010001000
00111101000101111100111001101000
10111100010101000100001011011001
10111101100000110000111101011001
10111100011011010111011010100110
00111100101110001011101100110110
10111100000100100000000101011111
10111100000110011011001100001011
10111100111100111100111000010100
10111101000011100111010001110000
10111101000100111110100010011110
10111100111100110011001100111101
00111100101010100111111101101110
00111100000101101111111110110100
00111101000011111010010100101011
00111101000001010100000111100110
00111100010100010110101011001100
00111101001000001101111011001000
00111100100101100111101111111010
10111011100110001010000111011100
00111100101011010100101000000010
10111011010010100101000100110011
00111100101011100000101100001000
10111100111011000101000001100101
10111100110101011000001001101011
00111011110100101010101000001011
10111100000000000011011100111100
00111100111001101011000000101110
10111101011001001100100110010111
10111100110010010110011110100100
10111101011110110111000111001100
10111011000111000011111000000000
00111011101011110101110011101010
00111011100101111010101111001000
00111100001111000100011010101101
00111100000010111010101101000001
10111011110100111111110100010001
10111101010100100010100111000000
00111101000111000101010111010101
00111100111100001100111111101110
00111101010010101000011110111010
10111011101100010100000111100001
00111100100000011111110011000001
00111101101101010100101110110010
10111100001000101100001000001110
00111101100010100101110101001001
00111101000101110100100100010100
10111100100001111101111011001110
00111101001101010011011101100111
00111101100000010011110001011000
10111011110000111010000110010111
10111100010111011110100001010111
10111101010001001010011111111101
10111011000100101100110110010011
00111100101010010100010111000101
10111100100101010011000000010000
00111011111001000010101011010011
10111010001110001100100010001100
00111101001000100101110010011001
00111101000001000010000001100011
00111101010100100111110010000101
00111100010101011001101001101011
10111101010001011010010101100010
10111101001110100011101011110011
00111100101101100011001001110011
00111011101100101000000000011100
00111101100110101100011011111101
10111100100001010000110111101010
10111101010111001010111001011001
00111100101000000001110000011011
10111101011001001000011001010101
10111011011111010110011011100111
00111011110000111011000100001110
10111101011100010011100010000011
10111100111001111001111010001001
10111100001000010010101000001000
00111011100101011100000110101101
00111100101101011010110101001000
10111100100110111110000100101000
00111101010010110001010111110110
00111101000000101010111111011101
10111011001011100110100101010001
10111100001101111001100000110010
10111100010000011011100011000001
10111100101111100000000111001001
10111101011000011001000111010110
00111101010111000101001011110010
00111101000100101010101010110000
00111101001100101001011100111001
00111100110110000101010110110101
00111011100010101010110100000000
10111011101010111111101011101111
00111011100011011111101011010100
00111100100011111100001010110010
00111100010000110001011111100000
10111100101111100111011101010100
10111101000100111101011110000110
10111100111110001101110100000011
10111101000000010011100100000000
10111100100110010100011101010100
10111100100100011101001000100110
00111101001011100100101100011011
00111100000100101011111001110110
10111101000111100001011110001010
10111101000010101111111010010010
10111100110010100111101010101000
00111011001111101010111101011110
00111001100011111100011011111100
00111100101101110101111110001001
10111100000111011110010010000011
10111101001100011110101001011100
10111011100011001110010010100100
00111100111011000011100000101001
00111101011000011110010000110111
00111100110100000011000000110000
00111100100011001011111100000100
00111100111100000111111010100001
10111100100010011001100000001110
10111101001010001001010010110010
00111101000011000000101111011101
00111101000011100001000000100111
10111101100101111111100100011101
10111101011110000000101010100101
00111100011011011100001000100110
10111101010010001000100000000100
10111100101010000110101110100101
10111100110001001110001101001001
10111100001101001100000110101000
10111101001100000001011011011000
00111100001011111101101010001100
10111100110001010110001111101010
10111100101101100000101011110001
00111011011011000111011111100001
10111011011000110110100010101110
00111100101111000101101110111110
10111011110010011100010000000000
10111100110111000100001001101011
00111100101000001100111100111000
00111101100111011110100110110111
00111100100101000100110101001110
00111100111001000110000101101111
00111100110100100110000001101011
00111101001111110100010000010000
00111101111100000111011110111000
00111101010101110000000100010000
00111101010011000110100011110100
00111101100101111100001010110011
00111101001011000000111110010011
00111100010111110101000100001011
10111100111101111110110111111001
00111101000111100110010111101000
00111101010010000001010110111110
10111011011000110111001100010011
10111101001111000010001010000101
00111011011001110111001110101101
10111100110010110010001100101011
10111101000010111010000110000011
10111101000000111101111111101101
10111100101001111101111001101011
10111011111001001111110100010100
10111101010010101001001110101010
00111100110111111001110011101100
10111100101000100001100001111010
10111100100111011110001001010011
10111101001010111111010100101101
10111011000101000010011110100010
10111100101000010101111001011001
10111100000110101110011111010001
10111101011111110011010111010000
00111100110101100010010111001100
00111101000101001101111111110101
00111101001011010101100000010100
00111100101111101111000110110010
10111101011101100000101010000010
10111101001000110001100000001100
00111011100010101110000011001100
00111011010101001011100100000111
00111100101100111100010110011111
00111101101010110001001110000110
00111100111100100100010011111111
00111101100011111011011100111011
00111101101100111110110100011001
10111011111011010001011111011111
00111101000010111010100000101111
00111101101011000110100011001010
10111101110100010001100110111110
10111101110101100111101111010000
10111110000111000001101010001110
10111101100111011000010101100011
10111101010001101001100001110110
10111110001010000010010010100010
10111011111011011100110101100101
10111101001100010101100000001111
00111101010111110101101100110010
10111011100001100001110010000000
00111101011111110000111101010111
10111100101110111011111001100101
00111101010110100100110011000001
10111101001010111101001000101001
00111010100001100011001000101110
00111101001001100001101111010101
00111011010000000010001111010100
10111101000111111010001101110111
00111101000111110011101101101110
10111101010100110101000111000011
10111100110000011001101110100000
10111100011011111101001101000010
00111100101010001011110010111010
00111100100011001011110110011110
10111001111010010000100001010001
10111101010100101001011011010110
10111101000011010001100010001001
00111101000001100111101001000100
00111100111101111110000110010000
00111100111011011000110100010010
00111011100000001111110011100010
10111100010011100000110010101011
10111100101110100101011101011100
10111101000010100110001111101001
00111100010100011011010010110000
00111101001100110000001010000010
00111101010111110100110100000010
00111100111001000110110010011000
00111010101010111011011000001110
00111100110111101110011101000001
10111101000110010010110111100110
00111011111110011011011110010011
00111101001100010110100101100100
10111011111000010100010100000100
00111011100110001100101111011000
10111100001000000101010001010000
00111101011011010010101110001101
00111100011011110100111110000111
10111101100001000011111101001111
00111100100110101100000011100010
00111100001000101010111110000010
10111100101100110010011100110001
10111101001111001011100011101101
10111101001000001011101111101110
10111100110011111110010110100110
00111101011101010011100111101001
10111101010101000100001100010011
10111011111110101011111011001001
10111101010111100000100100010001
00111101000000010100110100111111
10111100000101110101011100000111
00111100110011010000111100011010
00111011101111101010111001101110
00111100111101010111100100110110
00111101000000110011111011101110
10111101001100011011101001101001
10111101100100100011100101100101
00111100100001011101010011011001
10111100110000001000011110101110
10111100100100111011000000001110
00111101000001101110000100000101
00111101010111011111010111100010
00111101001001000000001100010011
00111100011010010110000111101110
10111100001111101001110100010000
00111101000100011001111001100010
10111100110010110111010101001101
10111100100101010110011110101000
00111100100101001111011101110100
10111101010100100011010011100000
10111100100100001010011011100010
00111011111010101101100101010010
10111100110110000010111100001111
00111100010001010001110111100010
10111100110101100000101010011110
10111101000000101000001010001100
00111100000010110011000010000000
00111100000011000011000101001100
10111101010101010011010111110110
00111100101011110011000111000010
10111101000011011010011011100110
00111011011111001010111100001001
00111100100110100111111000101100
10111100101100110101100000100010
10111101010001010001000110011001
10111101001111101110101111000010
10111101000110001010011010100101
00111100100101001110000001100110
00111100110111010010101111001111
00111101000010011111011101101001
10111011110011101011111001010001
00111101000011000110101110010101
10111101001101011000000000001000
10111010111101010110101111100111
10111011111010000101110101100110
10111101001001101010110111001100
10111011101110100101101010100001
10111100100011100010010001100110
10111101011101110010101101101100
00111011111001100011100100110000
00111101000011001010100010001010
10111011110010010110000001111011
10111011100010010100010110111111
00111100110010101111010001001100
10111100100010001110010110010001
10111101010000110111111001011100
10111100100001101010101011101110
00111100011011000100011100101110
10111011011111101110011010011001
10111101000011111001001001011101
00111101101100101101110000101000
10111101001000111101111111011110
10111100101111100101101110011001
00111101110011100110100111010100
10111101110100110111110111011110
10111101101000110011111101001110
10111100000000100000001111101000
00111100001001101010010111110110
00111100101010100101101011001111
00111101001100001100101100101111
10111100100001100101000000010001
00111010001011101000100001010000
00111011001011111100011111110010
10111100111110000001001010001101
00111100011011111001000111110000
00111011110110001010101100010111
10111010000010010101011111110000
10111101101101111101010110011001
00111100011010001111101010001101
10111100111110111111011000111101
10111100011000101011110111101111
10111100111111110000101100111111
10111100000010001010111100001100
00111011001100111011110111111111
00111100101000111010000101111110
00111100111010100111101000100100
00111101100001101001010101100000
00111101000101001010001111100100
00111100100111010100100001100101
00111100101110010010011011001000
00111101000110111101001010000000
10111011100110110101001100101101
10111011010100111101001001011101
00111100110011100010110010000110
00111100111101001010001010101011
10111100101010010100000011010010
00111011110110011101100101110010
00111011011011101111100110101111
00111100100101111110010001100001
10111010100010100001110100111101
00111101000101010100010110100110
10111011011110000110110011101100
00111011010000011101010110111111
10111100001001000111011011011110
00111101101101101000010000110100
10111100110110010101010011111011
10111011111101011011001011100001
00111100101000001111010110100100
00111011001000001110001111010000
10111100011001100110101011111100
00111100101101011111010000111010
10111100110000001101101001110010
10111101010111001110111100000111
10111011011111011001101011111001
00111101000000101001010101111111
10111011001110100000000000110010
10111100100010010001100001101000
10111101100011000010100111000101
00111100011011110101111010011101
00111100010111110011010110101110
10111101100001010011111110001011
10111100111001111001011101100001
10111101010010100101000000011000
10111100010101001110000011011000
00111011010000011110100000011010
10111101000000000011001111010111
00111101000101101011100001111011
00111101000100111111011101000011
10111100000110001110010000011101
10111100100110110000110101001110
00111101011001001000111100001010
10111100100111000000001100111001
10111101100000011110110010100111
00111101001000100011010010110010
10111100100100010000111100101000
10111100011000101101010010011101
10111101001010110001110000101101
00111101000101101101100011000101
00111100110100110011011110010110
00111100001000100100001100010100
00111100110000101000100010011110
10111100101100101001100100110101
00111011011011000000001100100010
10111101011110100011001111011111
10111100101001000101110001110111
00111011011000100001100001001010
00111101011000011111001100000100
10111101111011010100000010011011
00111101100001010001000100000010
00111101101001010010010001100111
00111100110000101011010000010101
00111100110000111110000101111110
00111101010101010010010000011010
00111101010100111111001101000011
00111101100010000101011101110000
00111101101001010001001000101111
10111100011110111100011010001111
00111011111000110111011001110010
10111101001110110011011110101111
10111100100111010101100000011111
00111100011001111111010001101001
00111100011111110010100000100010
00111101000000111101111111000011
00111100111101000101101001011111
10111101100011001000000010010010
00111100100011011001011000101000
10111100100011111000011111011000
00111101100011010010010001111000
00111101001001000101100001011101
00111101011100101011101011010111
00111101001100101011100011101110
00111100101000111010011000110111
10111011001100001011110111101110
10111011110110000010110001111110
10111100000010101010101111000111
00111100100100000111011111000101
10111011011100111010111001011001
00111100000111110000101000001011
10111100111001000111001111000101
00111011111101110100000100100010
10111101010011010010111110001101
00111100100001101110010010010101
00111101000001110100010111110111
00111100010000000111000100001100
00111100101010001111101110010010
10111101010000110001100101000001
00111100110100010100000001011010
00111100101010011001000110001101
10111010101011110000111100001111
10111101000011101000101111011011
00111101011011001110110101110011
00111100110100100111011000101111
10111101000110110000000100001100
00111011100110100100100011111100
10111100100111110000011001011001
10111100001111111011000011111001
10111100111101110110011010111001
10111100111111011101111101110101
10111100000001000110011111011101
00111001111001111100101001111100
00111100111100110000001101000001
00111100001000010000110111111011
10111101000000100111100110100101
10111011001101010101100100111001
10111100001001101100111101010011
00111100010110110000101011111000
10111100101111100100101010011001
10111101011010010001110000101111
10111100001010110010101011111111
00111010111111001110101100000000
10111101100100100110111110100001
00111101001101010111101001111011
10111100011000100011011100110110
00111010001001100010100100011000
10111101000000010011100000001100
10111101000111011101100100100100
00111101000000001111010101100001
10111100101110011001101010101110
10111101001001000111101000111110
00111100110010110010010101000111
00111100010110011011111100010110
00111100110000010100111110011000
10111101010010011000110010001100
00111100100001111111110010000011
10111000101000100000011101110010
10111011110111000011101000101010
00111011001110101101010100110111
00111100110110011110000010000011
00111100101110111000001111100101
10111100100010001101001010110000
00111100100001000100111011010110
00111100010011110111101111001101
00111101011110110011001001001001
00111101110101011011011101000011
00111101011010111000101111000101
00111101100100011101011001100111
00111101110101101111010101011001
10111010011010000101000100000000
10111100101111001111100101101001
00111101011100010011110001110111
10111011000001100101100011111100
00111101000010010001000110001001
00111100001110011011101001110110
00111101010101001001101011101110
10111011111010011100100010111110
00111101001010001000101100100001
00111101000100100111101011101110
10111100001110101110100011101011
00111100101101001110001001010010
00111011111100110101001000001011
00111101001100101111011011111110
00111101001001011111111001111101
10111011100011101000100000100101
10111100110111111100111101010110
10111100011010111101011010011000
10111101100000111101110101101001
10111101111010101101010100111111
00111101111010110011111110010110
00111010101001010101011100000001
00111010011100111100011110001111
00111100000110111100101110110101
10111101110001101011100111000010
00111101010001100110101001001110
00111011111110100001111011011110
10111101001011000111101001011000
00111100000010011011011010100000
10111011101011101111011001011110
00111100111010101011111111111011
00111100001100001000010010111000
10111101011100100111000101101101
00111010111010010101111100011100
00111100101100100011000110010010
10111100101101010001001010000001
10111100111000101000010010110101
00111101010000010001000011000101
00111100110100010010000111110110
00111101010000010101111111000111
00111101000100101101001010100110
00111101100010001111101110000110
00111101101010101001010100110000
00111101101001101011100110011000
00111100110101101110011010110100
10111101000101101001111000111100
10111101101101000110110001101100
10110111001001000111110111110011
10111101001101011011110000000101
10111100110011001000111011101001
00111101001100011001000100010001
10111100010100110010000101100011
10111010001001001100101001001000
10111010100110110111010010110000
00111100100101110011011010110111
10111101100000110001011111001111
10111100111100001100111011100000
10111101000101111011101100011111
00111100100101110100010100101101
10111101010110111001110100111000
00111100101111100011010110111010
10111101100011011101111100101000
10111101011101011011000000010001
10111100111010101001111110001001
10111100000111110110100010100101
10111101001100011010111010111010
10111101000111110011010001111110
10111101010111101100111001100010
10111101011010011110010000010111
10111100101111010111011011100001
10111101010010101110110000010111
10111010000010010111011110110011
10111100111110111001100100010011
10111101100000011000111011001111
00111100010010111110111001111000
10111101100001000001010110000011
10111100100111011001110010100110
10111101010001101001001000101001
10111100100011110100100101101011
00111101001110000110110111011010
00111100100111011110101100111010
10111100100010010111101100101010
10111100101100001111101000010000
10111100111000011001011011011011
00111101000011100011100001110111
10111100100010110100101010100101
10111100110101011111101110101001
00111101101100000101100010000011
10111101010000001000111011100000
10111100001111010100101101010010
00111100011100101100000111011011
00111100111010100010010111000111
00111101100010111111100001111101
10111100100101000111000010000011
00111100111111000110011001111001
00111100111001010000101001010111
10111100011110100011000010001110
00111100100111100011101000110010
00111101101000010000001010110000
00111011001110000011100011001010
10111011101001010000000111101010
10111101000001000001000001011000
10111100100110011111111100000001
10111101000001100100111000101010
10111100101000100101010001111001
10111100001000110001100001100111
00111100110001100110110011100010
00111101011011100100011110100010
10111100110100000111001010100011
00111101100100001110001000101110
00111101001101111101011000110000
00111101001110001101000110101110
00111101011010100110011100000000
00111101000001001101000001100110
00111101101000111000111011000100
00111100010111111100000111111110
00111101010111100111100110010001
00111100101001000010010010010111
00111100011000001001011100001011
00111100111101011001101111001101
00111101100001110001101011000011
00111101011000001000110010111100
10111101010111001100100000100011
00111100010110010001011001100011
00111100111111001111111101101010
10111100001000100001101000011001
10111100101010111000100000000110
00111100111000100010100100010101
00111101001100010110100100110011
00111101010010111110010011000010
10111101001001100110101110110111
10111100010000000110111111111111
10111100110110110110001000011101
00111100010111101110001100010011
10111101000100011111101000110110
10111101000111111000001001100110
00111100000011110000000011111001
10111100100010100100101010000000
00111101000101001010111101101001
00111100111100011011111110110110
10111100100011000100111111010111
10111100101010010011001011111111
00111010100111101101110110111001
00111011001111010100111101101001
10111100100111101001010000000011
00111010110100010000001110001100
10111101100101101101110010101100
10111100001001100111011100010011
00111101010010010011100011100010
00111011111011010101110001011000
00111101001100010011100111100001
00111101001111011111100101010101
00111100001011101100110000010100
10111101010111000100010110110010
10111101001101001111111010000101
10111101001001011001011011111010
10111101011100010101001011001010
10111101001101111010111011010010
10111101010001111000000011001000
00111100010010010100011110001110
00111100010111010111001110010011
10111101000110001110101010100101
10111011101110101001100010100111
00111100100110100100010111100001
10111100000001110111000101101101
10111101010000101010101011001000
00111101001010011011011111011011
10111101001010010100011010001111
00111010101001000111010011011101
00111100001011011101011001100000
10111100111000111101111001100111
00111101001100101010011001101110
00111101000101011011110010000101
00111100110110001001100100001011
00111101001010110101101000101001
00111100101001111011001000000000
00111100110001111111110010111100
00111101010011011000011011100010
00111100011100001010100001010011
00111100010111011010001101001110
00111011011110001011111100100000
10111101000011011100110011100110
00111100111001001001111001010101
10111100010100000010100000000101
00111101000101001111111011101110
00111100111001011101011101010011
10111100101111010010111111101111
00111101010111011110011000101010
10111100100001101110010100001001
00111100101010000110101100001101
10111011001110101111111011110110
10111011110110111000010001100110
00111011111001111100111011111000
10111101000101111001011000100001
10111100110011001110011011001101
00111101001000000011001001011000
10111101100000000110101011110010
00111100001101010010110001010110
10111100111000001100010100001001
10111101000110100001001000100000
10111101001110010110110100110110
10111101100110111110100111010101
10111010001011011010101001101101
10111101011110010100110100000100
10111101001111000101011110010010
10111101000110001000101011111111
00111100101111011001111110101011
00111001100101101100011100011110
10111100111101000111100000100001
00111001111010101110011101111101
10111100001011000100001001110000
10111100001111001101011000101100
00111011110001001010111010010101
00111101001100110011100100011010
00111100000111101101000111000110
00111100100000111111011001011011
10111101100001010011101111110000
10111100100000101010110011101010
10111101001010000001001000101110
10111010001100101110010111111111
00111011101011111111000010000010
00111101001100111111110100000110
00111101011011101000100000100111
00111100110001100000110001001010
00111101001111001010001100001110
10111100001101011001110110110011
10111100010101001000011001101011
10111101100000110011111000011001
10111101001110011111111110010101
10111101010010111000101110011101
10111101110000011111001111001101
00111100110110001001010001100101
10111100100100000101010011000000
10111101000101000111101010111110
10111101010011000100111111000011
10111100101101110011100001011110
00111100110010010100010100110011
10111101001010010010100110011100
10111101000001001101110011001000
10111100111101011111010101100110
10111100001000010101111100010001
00111011110011101111011001101000
10111011111111101110100110001010
00111100101110111001100001010100
10111101001110001100000000101010
00111100110010101100010000001001
10111011111001011100110001000010
10111101010100111110010000101010
00111101011011111000011000011010
00111100001000110011001011100110
00111100011111001100001000110010
10111100100100000000000000111000
00111100101011101100100100011000
00111100001110111100000001010001
10111101001001010101011101111111
10111100011100001100001100000000
10111100101100111110010001100000
00111011100000100101100010010010
10111100100110001010100100001011
00111100011100111010110100000111
10111011001001001001001011110101
10111101100010111100100110000010
00111011001010001011100001101101
00111100111010100100111100011100
10111101101000110100101111101010
10111101001101100000011011110110
10111100010111100100110110101000
10111100100100011010100000000111
10111101000001110001001100100000
10111100110011011101001111101001
00111001110001000101111101010110
10111100101001000101001000010101
10111011001100001110001110000100
00111001110001110100011110001000
00111101001101001001000110010111
10111101010100000001000010101011
00111011111001011101001100111100
00111101001000010110110100011110
00111101000001000010001101011100
00111011111011010101011000111111
10111100011001100110111000110110
00111101000110010110111100100100
00111100101110001001101101100010
00111100110001000000110110110011
00111100001101111111000000110100
00111101001111110100110100111000
00111011101011000111010111011101
10111101000111010010011001001101
00111101011000101010010111000000
10111100110110111010001101000001
00111100000100001010100010011011
00111100011100000010001100000000
10111101001101001001001001111101
00111100010000000001111001110111
00111100101110101110101000010000
10111100000111010001101001100100
00111011110110100011000100101011
10111100100010000001111111100100
00111101100010110110110010000001
10111100100000001010001000011110
00111101010010010000101101111010
00111100110101010011011100101101
00111101010011101001001101011011
00111101100111001110001100010001
00111100011010111010000110110101
10111100111101000000111011000011
00111101010010110000000010010110
00111100110010100011101001001110
00111100100010001110000000010010
10111100001011111000110001000010
10111101000000000101011111011010
00111100100001111010011010011100
00111101010100010111000100101100
00111101000110010110101010011000
00111101010010001101001001101011
00111101011100101011001100101110
00111100110011101101001010111010
10111101100110001010100011001010
00111011111111001100000111010101
00111101000001101110000111010100
10111100110000101011101000010011
10111011100100101110110011010010
00111100111001101001011001110010
10111100010110110010100111100110
00111101000011101101000110001100
10111100111010101100110100011011
10111101010000100010100110110101
10111100110001101010000100110111
10111101000111110000001110001111
00111100010010011101001100100001
10111101000010011110001011000110
00111100100011011010010111100000
00111011100110001111011111111001
00111101001000110110110101011011
00111101010000111010111011100001
10111101001001111110001110011111
10111100110011011100000100100111
10111101001011001000101100011011
00111001110110100101001000001110
10111001000001010100101011010000
00111100010010000101010010101110
10111101000010111101111110101100
10111100100010110001000001101001
10111100101111011100010111110010
10111100011011000011110000001110
10111100100010011010110001110100
00111100011110000011111001001111
00111100000111101100011100001000
10111010000001010000010101100100
00111100101011110100101100011000
10111100101101111001010001011001
00111100101100101001111110110110
00111011000100100000001011011011
10111101000100100101011100011110
10111100111000101000011100001000
00111011100100111011001111011100
10111100101011101010111100111010
00111100110110011000001011110101
10111011101001011111001000011110
10111011111111011001011100100100
00111011000000010101101011110101
00111101000101100111001110100011
00111100010100101101011000110111
00111011111111001100111110111011
00111101000110001011110000101011
00111011101111101111010000011101
00111100110010100100000000001011
10111101001100000010000100101011
00111100100001110000110110101101
00111100111111000001100000011100
10111100000111111111111110110111
10111100111111100110000011010001
00111011011001101010100001010000
00111100000000110100110101111000
00111100010001000101011110010001
00111101001101101001011001010111
00111101011010100110010011110010
00111101010010010000000110101001
10111101100010111010100011011011
00111101010010000001110001010101
00111100100001011100100011010001
10111100001101010111111101011110
00111101011001110100001001100100
10111101000101010111011101101111
10111101000010001110001100011111
00111100100010011010111100010110
00111100000010001011110101000011
10111100111001001001101101001100
00111100111101101010011101111010
00111100101100100010011110010110
00111010110010101111111011101010
10111100101110001100000101001100
10111100100110010010100110111000
00111100100100000100100101101010
00111100101101100111100000011101
00111100111110110001010101001001
00111100010010100110010100010011
00111100000101010011110111011110
10111101001000011111001101110011
00111101000010111101010011100011
00111100011101011011100100000110
00111100010000111011011000001001
10111100111100011101111010011010
00111100100111100101001110111000
10111100001000111000101101100111
10111100101001000010011000001011
00111101100100010110100011100001
00111101001001100000100110001100
10111100100110101110101101011010
10111100110001101110000100100111
10111100010111010011001101001000
00111101010010110110011111011011
10111100010100010101110111101100
10111101100011111000011011010011
10111101000101100101011000101010
00111100110000001000001011101110
10111011110011101101010100110001
00111011011110011001100110110010
10111011110001111011010101010011
00111100100011000111111001111110
10111011100010101100111100111101
10111100001011110110010100011111
10111011000101001001010000101100
00111100111010010000011001111001
00111101100000111000100011000000
00111101100011110101010110111100
00111101010010111111110101000001
00111100101010001111010011011110
00111101011010011010101000110100
10111100110110010111101100000001
00111100100010100000011100100110
00111101000010100010100101000001
00111101010100000110000000100000
00111101010000010111011011010011
00111100001101010000011001110000
00111101000101100101100110101111
00111010011100100101100010000101
00111100111001001001100000101010
00111100110001100100100001000111
00111101010000101010100100001010
10111101001000011001001100010111
10111101000101000100101000110110
10111100100011010000110000000110
00111100101001100110101101011010
10111101100101001100101010010111
10111011001101110001011111100100
10111101001100001111001110011111
10111101011011110001101001001000
10111011010000010111101011110111
00111010111001101011011011101000
10111101000100011010001001110110
10111100111111110011111100011101
00111100001010011001001010000000
00111101100001111111111011000001
10111100010011001001010000110011
10111100101001001110110010100110
10111101010010011101101101100111
10111100011101100010100110110001
00111101010000101100101001000011
10111011110100011000000000000101
10111100000010101010001100000000
00111101010010010001011011110111
00111101011000000110100100011111
00111101010100110110100100111000
00111100110101101001100111110100
00111101011010001111110010101111
00111101010100100011011100000110
00111101011101010100001110111010
10111011111000001100001111010010
10111000100111111011110001111011
10111011011110110010100110010010
10111100000101100111100010000001
00111101000010110101001110000101
10111100101011111000000111001000
10111011101010000011110000010010
10111100011110010000000111001010
10111010101111111010110101000001
00111100100001001111110100110010
00111101001110010001000011111101
00111100101111111110000000010111
10111101000010000110101110010011
00111011100110100011000001000011
10111100000110000010011001110111
00111101010110110100100111101001
00111101001111101001101111001001
00111101100100001010010100011110
00111101011001001110111010110010
00111101101110011011000000110010
00111011001011010101111101001110
00111101011111101011110101111100
00111100100110111110110000000001
00111101111110111100110001000111
10111100110111011101100111110001
00111101101001010000111101100100
00111101110000001010000100001101
00111011101010110100111110111000
10111101100101110011000010101110
00111011010111011110101110111001
10111101011011001111000001001100
10111101000001101000111001011011
10111101000001000110000011000010
10111101010100001011001111101010
10111101000011100000100100001100
10111101010110111001011111111000
10111011011101101000010000011010
00111101001100100100010101101110
10111100000110100010010000000100
10111100100011101000100100100000
10111100100000011110100101110010
00111101010010011001101100110100
10111101011111011010100100000111
00111101001110011100100111101001
10111101001010101011110001111111
00111010110001000001011000001011
00111001100100000001100011011010
10111101100010011010101111001011
10111100101110100000000000001110
00111000001110000000111001100000
10111100001110101111010001101011
10111100101100100110000011100110
00111100010000011101110011000100
10111101010011011110011010100011
10111101101111100010110100110011
00111010100000011100001100101110
10111101001011111100010011000111
00110111101010110001111010001000
10111100111111011111111111011101
10111011011100001111001010010110
00111100010011000011010111101111
00111101110101110010011111111011
00111101010000111110000011101101
10111101010010100010010111101110
10111100001100000011010000100010
00111100100010010111101001101110
10111011100111000111000110000011
00111100101101100010010101000110
00111011001111101001100100100000
10111100011110100001000001011011
00111100111011011111110001000010
10111100011101110000011000011011
10111101011100010010010101110110
10111101001010000001100011011010
10111100011000111000100001100001
10111011101110110000101000001111
10111101000111001100110010011000
00111011001110101010010010100000
00111101000111010101101001010101
00111100010101111110101001000011
10111100111010000111000011100000
10111100101111110101100101111110
10111100011000001011110100011111
10111100110110010110111000110000
10111100001011001110000000111110
10111101001110011101101000101011
10111010100000101111110010110110
00111101101000101011011101111101
00111101010110100110000010110101
00111100101001010111001001001010
10111100100110101111100000000001
00111100100000101101001010111011
10111100111001001100001110010011
00111101100001000110000111100010
00111101000101111010000010101110
00111100000011000000001111101111
10111011100111001110110000111001
00111100001100000111000001000001
00111100101100101110101110011011
10111101100011111111001110011010
10111101001100000011001001110100
10111101010000100110101011100111
10111011110010010100001101111000
10111011101011011101101010001110
10111100011101001010110011110110
00111101001101010110001011001011
00111101010010101011010010011010
00111100101111100000101000011111
00111100111111100010101110101011
10111101000101000011100100000000
10111101011001011000001011110101
10111011111110101010111100001011
10111100010111100011101101101110
10111011001110000110110100001110
00111101001001011101110100100011
00111100000110110111101010011111
10111011011100100110110010010100
00111100011101101011101001100000
00111101000110011110111000101010
00111101100010001110110010110111
00111001100101001101101110100011
00111101100001000001100000100100
00111101000001100001101101000101
00111100100101011011110110001010
00111101111101000010110110111110
00111101110010000001110101111010
00111100111000011001101011011101
00111101101011000111101111001110
00111101001111000110101001101001
00111100110101001011101111111010
10111011101001011111001101001111
00111101000100000100101111110110
10111100101011110100000100110101
00111100010001100011001110111110
10111100101011100110110001100000
00111101001111000101001001100011
00111101100000010111001110110011
10111101010111011110110111000110
00111101010101111110111010010100
00111100101111111100110011111000
10111100001011011000011100011100
00111100000111101111111011110010
00111101100011110001100110101011
00111100000001010001110000010100
00111101010101000111000110100100
00111100110001001100001111010111
00111000111111010100101100111100
10111100110001011001000100000011
00111001110010010101111100000010
10111101011111101001110100010000
10111101010011100001001100101100
00111011001011010010010000001011
00111011001010000000111001100011
10111101011100000001000111101000
10111100111101100011110111010010
10111100011110010111011001101110
00111100010000111011101101110111
10111101000110011110000001100101
10111100101000100011010011000001
00111100011000111001101100110110
10111100110001001010010111000000
10111100000001110100100001010100
00111010111011001111111101000111
10111100101000100111011101011110
00111011011100101101100111011101
10111011101101011101001111001010
10111100111001011101000100100101
00111100010111101101000101001100
10111101101001111110000111001111
10111101000110000010110111010011
10111100011010011001010010100111
10111100111111010000101011010011
10111101010110100000000111111010
00111100110000101001111100101110
10111100110110111001000111001001
10111101000011100101010011000111
10111101011011110100101001001001
00111101001111100011110001000010
00111011101110100011110110110101
00111001101101001110101111111010
10111101000101110011101011100101
00111011110000000100100001000000
00111100100111111101101110001010
10111101101001001010010110010001
00111100100101110001101111001101
00111100001011110110010101010011
00111100000011011101011010100011
10111011110110010001101001000000
00111100000100110111001101011000
00111100001010101001101011011111
10111101001101101100110011001110
00111010111001001001100010101110
10111101010011011001001010000111
00111100000000111110101111111101
00111100001101111101001001000110
10111101100010000001011101100111
10111101000011001100110110111110
10111100110110011000110001101010
00111101101101111001101010010100
00111101000111110001101011100110
10111101001110000110100010100110
00111101100010000101110000010011
00111100111110001000101011111101
10111100000010100100011100111010
00111101101010011010101010011110
00111101001011110101000010011001
00111100110111101001111011111100
00111001111110111111101111111011
00111101001100100100110110111011
00111101000010011011000110001110
00111010110001111010010010000011
00111101010111011001001010001111
00111100110111010000110011011100
00111101101011010000101110100000
00111101101000100101100101101010
00111011010000101110110110101010
10111101010100010100011010110011
00111011110011101010101111111010
10111101000101000011001011111010
10111101000101011000000010100010
10111100010011001000000011100010
10111100100001111011010100101100
00111101110111100101100101011101
00111100011101001000101000110000
10111101100100101111010010100101
00111101000000111110101000111011
00111100111001001110011110011101
10111100100110000110011010010010
00111101001011000000110000111100
00111010010001011001110001001001
00111011011100000010110101001001
10111100010010001101000011110111
00111100111011100100111000100100
10111011110101111111111000011001
00111101000011110001110110010100
10111011011101100111000010101101
00111101010011101001000101100100
10111100011100000011110001101010
10111100100101011101001110011011
00111101000010011101011110111000
00111100000001100000001001110101
00111010110011111111101001000001
00111101000011110111100001011011
00111100000100000011100010110101
10111101010100000110110010000011
10111101011000101100101111101111
10111101100010100110111000001110
10111100101000101000000111000100
10111101001011110100011001000010
10111101001010110011110000000111
10111100110000111101101100001011
10111100101011101101010011111101
10111101100001010010101100110110
10111100111000010110111001011001
10111101100111111001111100000010
10111101100111000110000111011010
10111100110001101010011111110110
10111101100100010110001101111111
10111101101100100000100010000000
10111100110100011101001111000000
00111011100001010110111001111101
10111101001001110001100101001001
00111101100010100000010110010011
00111101010010100111101001000000
10111101100011010010010001011001
00111100111111100011111100000010
00111100001010111010110010110110
10111101010000001001100100000010
00111011101011010011100111110100
00111101011110111011100100011011
