10111101010110110001010100011110
10111101001101111010001010001010
00111011010101100010000101001100
00111101001000001001100010111001
10111100111001101100010111010101
10111011001110001110110000111011
00111010100111110001101011011111
10111100110100011110001111011100
10111100111111010111010101101010
10111100000010011100100011110110
10111100101000000000011010100000
10111101011011101010110000101100
00111011111101100110110101111111
10111011101000101101010000111011
10111101001100011101101110000101
10111101001010010011111111011011
10111100110011001110011010001100
10111101001001101101110011000101
00111100111100101000110000000001
10111100110010111101111101101000
00111100001110101100010000111100
10111011100111100110000000101110
10111101011110011000010111011000
10111100100010011100000100010000
10111100110011111110001000101001
10111100100000110111001111100101
10111100100110001011101100000001
00111101000000100111111101110011
00111100111100011100000000011100
00111101010101100101010000000000
10111100100110111001111100101010
10111011101111011100011010100111
00111101000010111111010100001001
10111100111100001110000110111100
00111101000011100100101000001110
00111100110111110101111000100111
00111100101101110000111111001011
10111101011110100110101111010011
00111100001011111110010011011000
00111011100100011010101000000100
10111101001010011010111111011101
10111101001100011001011001011001
10111101000011111011001010000011
00111011011100101011101100101000
00111011110010010001110100110110
00111100000010001011101110111001
10111101000100101011001000100110
10111100001100111110001101011000
00111100101101001110111111010111
00111100101111111011110100100000
10111100011011010101111101111101
00111100011001111000010000110010
00111100100100110000000010101111
00111001110100010011111110111111
10111100101000111100110110000000
10111100010100010101101000101011
00111010110110111100011011000011
10111100101000001001011011011011
10111011111001011110000000110100
00111100011111001000111001010110
10111101001000011001101101101010
10111101000000000001011001011010
00111101000001101100110001100011
10111101000101100101101110001010
00111100110111010110000111100011
00111100111101001001001010101011
10111100011100000010001111101000
10111101001000100001011000101100
10111101010011001111100111101100
10111100000101001100011100101110
00111101000100010000110101001110
00111100101011011011000111001000
10111101100101000001000010101100
10111100101101000011110001000100
00111100100101010101011100110101
00111101000100100011110111001101
10111101011000010000011011101010
00111101000000100110100100101100
10111100111000110110100000111111
10111101000110100101011011000011
10111100110111000011101000110010
10111100101011011101110010000110
00111100111110100110011011110111
10111101001100010100001110001100
10111101001101111010000010100010
10111100001011101000011110000001
00111101000101001001100111110011
10111101001000100101011001000001
10111101010100111010000100010100
10111101000111011101010010010010
00111100111111010100111100000000
00111101000011010010111001000000
00111101001001100111110101101000
10111101100001101111110010111110
10111100101110010011111100111000
10111011001101100101101110100101
00111101100011110100000111100011
00111100110100101010011100100011
00111101000000010000001000001110
10111100000001101111101011011100
10111101001100011010111100000111
00111011001010111001011011001000
10111100010000010110110010110100
00111101011101110011110110000100
00111101001011100101011100000101
10111100100101011011010101001101
10111101011100110001000010100111
10111011110110000111011001101001
00111100100111101111000100100000
10111100000011010101001101011111
10111101001000010100010100001101
00111100111011101010100101100001
00111100000100001110010110001100
10111100110010010110010010001010
10111011000010101110111111110010
10111101001111110010010100110110
10111101010010010111000101100100
10111100111011011001001010001001
10111100010011011100011111010111
10111011110011000010101110111000
10111100100001110010101111110010
10111101000101001001111100100110
10111101010100010111111101110101
10111100111010111100100000000111
10111011000111110100000011001000
00111010110011011011010101011111
10111101000100011010101101010101
00111100000000000101111001011010
10111100100100010010110001111111
00111100110101001011101101110000
00111011111111101101111000100001
00111101000010001010101011110100
10111010001010101010100110100111
10111100101011100000100000011101
00111100100000100110101100100010
10111101011010011000100011110000
00111101011001001111010111111010
10111011101110001000101100011111
10111100111011110011100001111110
10111100100011001010100000101000
10111101010010100001011111011010
00111100010111010001011011110111
00111011110111111110011011101111
00111100010101000110011110100010
10111101011010100100011000011000
00111011110101000010001110000110
10111100100000101110011101000110
10111100000010110000000000000000
00111101010001011010001001101001
00111011100000010110010000111100
10111100011101001011110111111011
00111101001000111000011011000010
10111100110100111001111110000100
10111011010111011001011001110001
00111100001011010000000011011110
10111010101000010000101100100101
00111011100010001111111100101011
00111100100001110011110101110100
00111101001011111100011000010000
00111100100001001100100111110110
00111001011101011111010110000100
00111101001011111010011011011000
00111100111110101000000011101101
10111101010110011011101001000101
10111100101001010101000010010011
10111011111101111010100001010011
00111100100000000111011001010001
10111100110000001111101011101000
00111101000101010101110001110110
10111101001111000101111000111110
10111101000011011011001011100001
10111100100101101010001011000011
10111011110101100001111110111101
00111010111110100001100000001101
00111011101001001000010000001110
10111101000010100010101111001111
10111101011100100110000011111101
00111011110010100001011010101110
00111100111100101011110100101010
10111101001001011110100101000111
00111101000000100001110100101100
00111100101111010111111010000111
00111101000000010101000010010111
00111100100101100011011110010010
10111101100010100010010011001110
10111100000010101010001111001101
00111100001100101100000100110110
10111101100110010010110110110100
10111101000101101011111100011000
10111011010101100101011110000100
10111100001001011001110010101111
10111011011011111101001110010000
10111101000100010101000110010110
00111011110000100100010101000110
10111011001100001111010101010000
10111100100101010011000110110100
10111101100010110111101110011010
10111000101111101010111110111001
10111001000000011010100001101011
00111100001110000011100110001111
10111101001010000101100110110100
10111100111111111000111110001100
00111100111101010100011110000010
10111100110111000110100111110000
00111101010010100000100101101000
10111100101000000001110011001010
10111101001101111001111001000110
00111100000001000110111010110001
10111101001011011011101011110100
10111101001010011101000101100110
00111100011001110010011111000111
00111010110001111001101010001010
10111100111001010100101000001100
00111100101111011111000101010010
00111100011011101001101101100100
00111010011100101110001111011010
00111100110101111000001010110001
10111011101000110100100001100001
10111100010010111001111001001101
10111101010111000101101111000110
00111101000101010101110110110010
00111100100110010000100011000100
10111100000100010110100111110110
10111100001000110111101100110010
10111100100101100011101111111011
00111100100011010101000110100000
10111100000101011100111101011100
00111100100000111100010111001110
10111100110101111000100100100000
10111101011010010110101111000100
00111100101100000001111100011111
00111101010001010101110001101001
10111101011001111001110010001011
00111101000011110110000000010001
10111100111110111110011101001111
00111100001001011100111110110000
10111101011011000101100001010000
00111100011110011000110100101011
10111100100111011010110011000101
10111100001110101010111000001010
10111011111001110111101001110111
10111100100011001101110011001110
10111100010101000000011100011110
10111100010010101011011001100000
10111100001111000010101001010011
10111100101000100010101100100100
10111100100110101111010100101011
10111011100010101111101001101111
00111011101100011010111111111011
10111101011001101011010000100110
00111100111010010000001101111101
00111100100101000101000001101110
00111101001111010110111000001011
10111101001100011101100001001100
00111100001011011100001010100000
10111101101011010111100111101101
10111100011010000101010001001110
10111100110011110001010000111100
10110111111110101011010101000001
00111001100100100101000000011111
10111100100100011011110001101010
00111101000100000111001110111000
00111100001010011111000100110110
10111101010110100011010111110100
10111100111001111011001110110011
10111101000000000111011011001010
00111101000011011101101110110101
10111101001110011000101010011100
10111101000101101010100001111011
10111101000111100111001011000110
10111101100000100010010011001010
10111101001001100100100011001010
00111100101110011011001100100000
10111011100101011111110100011000
10111101001110100011000100010100
00111101010010100100100011010110
10111011001000011011000011110101
10111101100000110101110010011111
10111101011111011111110100111011
00111011111000111101010011011001
00111100010110000001010110110111
10111101011011010101001001000011
10111101101010000101101001011101
10111101100100110100001101010010
10111100011000011101011010101100
10111101001101011110100101001011
10111010110101110110011001000111
00111100001101100101110010100011
00111101000011111011100100101011
10111101000110100001110011011010
10111100100111110111101001001000
00111100111010000110011001100110
10111101100010010111000110010110
10111101000010101011011100000001
00111101101010000101110111011111
10111011100011011011100011001001
10111100100011011101101111001010
10111100111000100100111101001001
00111101010100100011011100000111
10111100101010001000110001110001
10111101100100110011101011011110
00111101001001011001100101001101
10111101010010000001010110011010
10111101010110001110001011010011
00111100111011010110010101110010
10111100100101110000111000010100
10111100110100100010010110110010
10111101100011100101101010011010
00111100000110010010010110011011
10111100110000100001010101010011
10111011111011100011010111001110
10111100111100100101001000110100
10111101010001111001000110111010
00111011100000001000000000011101
10111100110010101100111110111010
10111101011000110110001010100011
10111101001111101100101110110011
00111100111101110111001001001000
10111011110010101000011100010001
00111101001011111110101000100101
10111101000001001011011011001001
10111011100101000000010001111001
10111011101111000001000111110000
10111101011001101000010010011000
10111101000100111010011101001100
10111101001001110000100000010111
00111101001001101001110101111100
10111010101110011000000001110000
00111100100111100010111011000000
10111011111000101011000011100001
10111101001111111000011110101110
10111100110010111011110110011001
10111011010011110011100110100011
00111100011000001110100011001110
10111011000111100101000101110100
10111100110001011010100011100101
00111011001000100011101100111010
10111101000001111011111000001111
00111101000010000000100011101000
00111100000110101011010101110000
00111001110010011101001001110110
10111101011001100111000111100110
10111100110000011001011101010011
00111100101010000011111101100001
10111101001000111110110110100000
00111100100100010010101100111001
10111101000100010110001010101101
00111011101100000100000110010110
00111101010110001000101011001110
10111011000011010011000011000011
10111101010100011110000100001001
10111100100100100101010011000000
10111100111110111010111111000110
10111011001100111101111101000100
10111101010101011011111011000100
00111100100001000010001100011010
10111101000100011010100111001001
10111101011001010110101100000001
10111100111110111111010110111101
10111100101111011111101111110101
00111011010000001001110111101010
10111101011110101100110111101000
10111100101010001101101000001001
10111101100000000110001001010000
00111011110110001101101101001010
00111100100001001011011110101010
10111011100010111011001001001011
10111100101010101011111100100110
10111101100001111011100010110101
00111011011000110110001010000011
00111101001010101111010010001100
10111100001000010000001000110001
10111100101011000011011100011001
00111100100011011000100000001110
10111011000101011011011110111001
10111101001001110110100111000011
10111100010000111001100001010000
00111100101110010101100101000100
00111101010110011100110001100000
00111100100011111000111100111101
00111100000001000010111111010101
10111100110110010011011110101100
10111011101011001010100101010100
10111100110001011011010011111011
00111101001000011101001000000000
00111100110001011110100000101101
10111100110110101001101111111000
10111011110101001100010110010111
10111100100110111100011111001010
00111101000000000011001100001001
00111011110100001001010000001011
10111100101001101010000011101010
00111010001000000000010110000000
10111100100011101000010000001011
00111100001111111110101000010011
10111101001110111000101110111001
10111011110011010111111111101000
10111101001100101011110101000100
10111101011101110111101011111010
10111101100101010111111001000101
10111100100100001101011111101001
00111100001110000111100110100000
00111101101001110100011100100110
00111101011001001100000000111101
10111101100001011000101110010110
00111100001111101001010011001000
00111010000011010101010101010110
10111100010010101001011010011011
00111100100111110011000100110011
00111100110000000000000111010100
00111011101001000000000100101010
10111011101011111111101010011010
10111100111011100111100001101000
10111100101101110011100001110100
00111100110010100110011100000100
00111101100000000000111001110011
00111100110110010101101111101101
10111101000000100111100000101101
10111101010100010110000111001011
10111101001100100110111011100001
00111101000100111000110101100101
00111101010100100011100100110000
00111100100101111110011001011110
00111100110000100001111110100100
10111100101001001000111100111110
10111100010001011011110100011011
00111010100001100000111101010010
10111100010111010010010101111011
00111100001100011110011101111110
10111101000110010100100111101000
10111100100001111110001100000010
00111101000101101001010011110000
00111101011010010011000110011011
10111100001010010010111101100010
10111101001110001100010010001111
10111011000011100001010010111101
00111011100001100110111000010111
00111100011101010001000111100000
10111011000110010101011100111110
00111101011110110000000111000000
00111100100010001111010011111010
10111100000001011010011001111011
00111101011010100001011010010011
00111011001111110100011000001110
10111100110001100111101110110110
10111100100010011111100010111001
00111101000000100100000000010110
00111101010111000100001101111100
00111100111010000111111111000101
00111100101100000000000010010000
10111100100111011000000000110000
00111011011101001001010001010111
10111100111001011101001101100000
10111101000010001001001111011111
10111100001000100001111101001010
10111100110101000001010110011111
10111101011000001101111101111100
00111011100110111101010010100000
10111101000111110001000101101000
10111101100001111011111000011110
10111101001001101011101100100110
10111010111001110100000101101001
00111101001101011100110111100100
10111101100010100000001000011000
10111100111000111110001001001101
00111010000110010101101110110000
00111010101101011011100010101110
00111101000011110001001111100111
10111101000110001000111010101100
00111100011110000011001100011001
10111100101001010110100110001011
10111100110110011000001001001111
10111010010101010101100111101100
10111100100011001100100111101001
00111100001110001001011101100110
10111101001010000100000110110111
00111100100110011110110000111000
10111100110000100010101110001101
10111101011011111110110010111000
10111100111100000011111011110001
00111001001110001011110011111001
00111011111011111011011101100111
10111011010101001111010010111010
10111101010111111001111001011011
00111101011011100000000010000100
10111101001010011010111111111111
10111100010011001111100001100011
10111101010011101110011000001011
00111011101001110000010111010000
00111011101010111111011111100101
00111011111011101100001101111101
00111100000010111001000010000011
10111100010000100110111110011011
00111100011100001111110001010001
10111101000001110111011010011001
10111100000100111001111101010100
00111100111101001111000110111010
00111100010001011011010010000010
10111101000101001100100010001111
10111100100000000000001111100011
10111101101010111110100001110111
10111101001001101000010001110011
10111100100101100011100111001001
00111101000110111110001000010111
10111100100000001000010100001110
00111100110000011110100100111010
10111100101111111011100111100111
10111100101011110000001010100000
10111010000101000110000001100010
00111100111100000110111010100110
00111101010001010110001110011100
10111101100000100101001111010111
00111010010100111110000111001111
00111100110100111010010100101100
00111011101100111000100001000010
10111101001010000010100001110001
00111100111110101000110000101011
10111011101101001101111101111000
10111101001000011011010110010011
10111101010000110110000110101010
00111101001001010010111000001101
10111101010000100110100011111010
10111101010010100001110111011000
10111100111011000011010111011100
00111100101110100110000100101000
00111101000010000011101010101101
00111101001000000011110011001100
10111101000101000011000110000101
00111100101100111011101010110001
10111101100111001001000000100111
10111100100101101110110101011111
10111100011010011110011110110100
10111010110010000001101100000101
00111011111100000111101101010101
10111100100000111110010100001100
10111100011101101100100110000101
00111100100001111100111100110110
10111100011001011111110011100111
10111100101101001000011010101100
10111010100011100010110010111111
10111101010001001001000001010001
00111100000101010011101101110110
00111100100010100101111101101101
10111100010010000001111111111001
10111100110101011101000001111011
10111101011001010110010001011010
10111100101011111000001001001001
10111100101110100010110001100100
10111100100101110101001100011101
10111100111011001000110110001110
00111100111001000110001010111011
00111101010100001100000010111010
10111011100110110111000011101100
10111100011111011110001100001100
10111100011110010101111101110011
10111100001001110111111010000111
00111101000000000001110111011000
00111100011001000010001101111110
00111101010001110110100101111001
00111100001010100000000000100111
10111101010111000110110101011011
10111101010001000100011000010101
10111100100010011111000110011010
10111101000010111110101100000011
00111101000000010001011010011000
00111101010101010010110110010010
00111101000010001110000100010000
00111101001101101011100101110100
10111010110011011101011011111100
00111100100001111001000001011001
00111100000101001011010000010100
10111100001110110011000101101000
10111010111001110101110110100000
00111100000111111011101110111110
10111100101100111101001100001001
10111101001110000110111110001000
00111100100010010100110001110001
10111100100001100110100100110110
00111100101010001100110011001111
00111100101001000101000110010001
00111100101110010100000010101111
10111101001010111100100111011010
10111011011101001111011000100010
00111001010100100001001001101110
10111101100001000100000000101111
00111011011000101111110111000001
00111100001011100110100000101111
10111011011111000001111110100111
00111100011110110001110011000110
00111100110001101010010111111011
10111100001010001010010111110100
10111100111001100000001001011011
10111100111111000110100100110001
10111101100010011100010011110010
10111100111100111110100000100101
10111101000100000101101101111000
10111101010000111000110001000100
00111101011000000101000111110011
10111010010000010001111101000111
10111100101110001000001001100111
10111011111000110101101101011101
00111100110110010001101010100011
00111101001000101000001110111111
00111100001011000011100110011111
10111100001010001011101110101100
00111101001110001001111001010100
10111100111010000100000101101001
10111101011001101110011111001011
10111011100111011010011111100110
00111100101111011101100101010000
10111011110111000101011011110101
10111101011111101000001011111111
10111100011110011100111101011001
10111101001001100101101001000110
00111100011001111111011100100110
10111100100001100101111101011010
10111011111001100111010010010010
10111100011101011001110000100100
10111101001000110001000000101101
10111100111010101110110001011110
10111100100001001110110000101000
10111100000111110010110111001010
10111100011001010000110000001110
00111101011101101111000011001101
10111100111010000001111111000111
10111101011011111000011011000010
10111101000000110000101000001001
00111100000011111011000100000000
10111101000110010111111111101001
10111101010100011000100111011111
00111100100010001001111110000000
00111011000000111110011101000111
00111100110001010101000110011110
00111101010110111000110000110110
10111100110101110110001111110100
00111100100010111001010100001100
00111100101100100010100010001000
00111100111101011111011001001000
00111011101011000101000000110111
00111100100100000001110000100100
00111101001011100001111011100100
00111100000101100101001010101100
10111101011110100111111000110000
10111100001110010001010101111110
00111100001111000011111101001010
10111101000010110001010011010101
10111101010101010000010101010100
10111101011010111111110111001111
10111101100001011111000000010111
00111100010111100111010010010101
10111100101111110010000101001110
10111100100011111010011010100001
10111101010010101010010010111000
10111101000101001110000010000100
00111100100110101000110100100001
00111100100101100001111000110100
10111100100111011110101011110011
00111100111000100001111011000000
10111100111010011000000000110100
00111100111001010000011001101110
00111011011100111101001001111100
10111101100011000000000100001001
10111101000100111010111011110110
10111011101001001011100101001110
10111011101011100001110001101111
00111100110011010101001101100100
00111100101100011010011010001100
00111100011001000000111001011100
00111100010010100010101011000101
00111011010100111110111110001001
10111100001100001011000111101101
10111101001100010111101111011101
00111100001100010010011110011111
10111100111000010000100110101110
00111101000011011011010111011111
00111100010011000110010101100111
10111010111111011011010101000101
10111101000100101001100110111010
10111011100101011010111011100101
10111101000011101011001011001100
10111100101011111001011100011101
00111100010100100100010110010011
10111101001111100100110011010100
00111011000100111111101111010110
00111011110010010100011100001101
10111100001110101001110100100011
10111100110000000101010111000110
00111011110010100010111000110010
00111101000101000011110100000110
10111101001010000100110011101011
10111001110101011001000011110101
10111100100011001001011000010101
10111011011100011011010110001011
10111011010111100010110101000101
00111011101000000101111011011101
10111101001111010011101110110101
00111100101110001110110000111101
10111101000101001000010000100010
00111100100000001101001101011111
10111101000111000010110011010010
00111101010010001010011101001101
00111101001010011100011001110011
00111100000011000101001000100100
10111101001011011010010100010101
10111100111011100000010010100011
00111101000011011100111011111100
00111101000000010001010011010110
00111101000000000011000111001001
00111101001011011010001110000101
10111101010101100001011111100000
10111101101001110110001010011000
00111100111000001010110010101000
10111101000100001100100000111011
00111100110110000111000100111011
10111100101000111100001001010111
10111100110101100111111101001010
10111100001101111001000100010100
10111101100110100000101011010110
00111100101100001001001100010001
00111010100000110001101100001000
10111101000001111001111111011000
10111101010011011110011110001100
10111101000101100010001111011110
10111101000000110001111000010011
10111101011100111101100100111100
10111101000010001000010111111011
10111100010011001101101010111111
10111100111110011100101100001110
00111011101010001111001111001000
00111100001000001101000110100110
10111101011000010100111001111100
10111101011000101111010100000011
10111101011101000001001101000100
10111101001111111010011001100101
00111100111010111010101001011111
10111011101010010000110001001111
00111100001100001010100100110000
00111100010010101000111100101000
00111101001011011111111100010000
10111100110010010101001101001010
00111011010011000101111101110001
10111100101100100111000101101101
10111100111011001111110110111000
10111100011001000011001010011111
00111100001101100111001111111001
00111100001100110101011010000010
00111100110100101011011110011001
00111101001010011010001110101100
10111101001100101010001010001111
00111100101110010010000101000101
10111101010100100100001010111101
10111011101110111100000000100110
00111100001110010110010010100011
00111100100110100111100100010000
00111100110011011000111101111100
10111100111001100010001010101011
10111101011010100100101000111000
00111101001111010100101010011111
00111100110100111010010110011100
10111100100111101110011110110010
00111011111111000001101110000111
00111100001110011111010101101110
00111100101100110011110001100100
00111011100011011000110111010100
00111010100111101000101000101100
00111101001100001001110011000110
00111011110010011001001000100100
10111101010100001111101111000010
10111101010100000110100111110100
00111100011111001000010101000001
00111100010000111111000001100011
00111100111011001010110001010111
10111101011011100101000001101001
10111101011111100011100111001111
10111011111011100011000010111011
00111011100011011101111101110010
10111100001010101101001011111010
10111100101011101011001101110110
10111011011011011101100000101000
00111101001111011100110111100011
10111101001110001101100110110101
10111100000110000011001111101001
10111100100110011000111001011000
00111100001100001000101111011110
10111100111000111010010100101101
10111101001110010010010111100101
10111101001001001010000011111110
00111100011101011000011010111101
10111101011101101010111010100011
10111101010111001110110010001001
00111100100111000010000011111011
10111101001001110001011110101111
10111100110110100001110000000000
10111101010011110100011101011000
10111100110110110000010100000000
00111011110010000000000110110110
10111011001100111101000010001111
00111100011101011110000101100101
00111101000100000010011110111000
10111101010000101001010011101101
10111011011110110110110001110101
10111101010100110000011011001100
00111100100001110000100110010010
10111011101110101111101010011101
10111100111111011010101100101011
00111101000010011101100110110111
10111011110110101010101111010011
00111100110000010111001000111001
10111100100010000001110000000010
10111100100001011010000001110110
10111100101000001000110000000011
00111100100000110011010000010110
10111100010001111111011110001000
10111100100111101000001011000101
00111100100110100001001101110000
10111101100001101011100010010000
10111101000010000001101011111111
00111100011000010111000000000001
10111011111101101110011100100100
10111100110101110100000111100010
00111100101000011010011100011110
00111101010000111100100100101001
00111100101111001000111010000101
10111011010101011011110000110010
00111100011101101010001000100101
00111101000111011110011100000100
10111100101010111111100110000111
00111101001111001000001111001100
10111101011100110000000101101001
10111101100101000100001110111011
10111010101111101001100111111100
00111101000011001000110000001001
00111100010010010011011100110110
10111101001000010000000111001100
10111000110111111100100000010110
10111101001100000101100110110100
00111101011000110001001111110101
10111101011000000011101011000110
10111100100000000011100010110010
10111100011011001101101000000001
10111101100011110001101001011100
00111100011001111001000001100111
00111011100110000000000110110101
10111100001011110111001001101001
10111100101111001110001111010011
10111010101101011101101001101011
10111100111101010100100010101000
10111011100111100111000110000001
00111101001100001010001101000100
00111011100000011101000011111111
10111101001000101110100111101111
10111101010001011010101100001110
00111100111111110101000110100000
00111100000010010000110011101110
10111011010110101000010000011110
00111101101100111101100110101001
10111100100100010001010110110111
10111100110101111001101001001100
10111100001000011000111001010101
00111100001000000001001011101101
10111100111011011111000100010000
00111100111010010110000110101101
10111101100110101011110110101110
00111100101001001110011010011001
10111010100101110011111001100101
00111100111110010110111011011001
10111101000000110101000100010000
10111011111100000111010011110001
00111100101110101111101011111111
00111101010100110000100010011111
10111101010011111010011001000011
00111100001101101100000000111100
10111101011101010000011111011000
00111101001011110111010101010101
00111011111110110111100011010001
10111101011100010000100100010001
00111100000010101101111001101000
10111101000100000001010011100011
00111100101110010101100010011011
10111100100101101010101110001100
00111100100100010101001001111110
10111101000110110010100011001111
10111100101010111100000010011111
10111100111010011101110011000010
10111100011101000000010100011011
10111100101011010011011001010010
10111101011100001110000000101010
10111100110100111111000011110010
00111011110101011000011011111001
10111011101101001100000010010111
10111101010110011011111000101101
10111101000000010101010010010110
00111011011011100010110000101010
00111101001111101000110000001011
10111011011111110100011001011110
00111100100001101100110101100100
10111100110110010110010111110001
10111100110001000001110001000111
10111101100011100100101000001001
10111100000000011001110110000000
10111101000011110000000001110101
00111100000111010111010110101010
10111101011100111101111110000000
00111100110110000000110011100110
10111100000101011001001110111010
00111100111001011101011000110111
00111100111110111010111001010101
00111100001001101010001111111111
00111100110001010110010001100010
00111100100100100001101100000101
10111100010010000011110011100011
00111101000100001000111000111100
10111101011100001101000011101011
10111100110011100100101010011110
10111101000100111000101010111111
10111101000001001111010000000110
10111101001010001010100010000001
10111101001011010001001111001001
10111011110001111010101001011011
00111101001001101000110110010101
10111101100100100001110111010010
00111100100010001010001010000100
10111100100101011110100011110001
00111100100001111100000101000101
10111101000111011101100101011000
10111010000000001000010001110010
00111100001010101101000111101001
00111011111101000111111111101111
00111101000010000111010010010101
10111100011001111011110101011001
00111101010101011111010111011101
00111100110101111000111000111001
00111100000101100100110011001001
10111100000001111010010110100010
00111011100100011010101100000111
00111100000100111001110111000101
10111101001010111011101111101010
00111100110001001111010010111000
10111101010000111110011000010011
00111011100011010010010001100001
10111011110011101011111010010101
10111101010011010011111100110101
10111101011001100010010011010011
10111100100000101101101011111100
10111101100001110010000101110000
00111101000000011000000010010111
10111100000011110010001100001101
10111100010101110011100000101100
00111100101100110111001100010110
10111011000110001101001000011111
10111100100001111101110110110110
00111100110101010100100110000011
10111101000011001010110011110000
10111101001111111110001111011011
10111101100010100100000010001110
10111010100100011000000010110001
10111101011011101001011000111011
10111101000011011001010111110101
10111100011111001101110110000110
10111101100000011000011000000101
10111101000010100001010101000011
10111100010111101110011111011101
10111100010100101100100001100101
10111101001000001000000101101111
10111100011000010101100011100110
10111100110101010000010100010100
00111101011000000111000000100010
00111100101110100100101111001110
10111101001010110001000111111010
10111100010011010111000001101010
10111101001001010011111000011011
10111001011101101111000111111100
10111100101011100000010001010011
10111101010011010100111100100100
10111100001101111100010011001001
10111100110001111001011110110110
10111011101111111110001100111110
00111011111010000001010011000101
10111100111001011110101011110010
00111010011110111011101100111111
10111101010010110001110101110100
10111100101011000010010001101101
10111100100111010110010101101111
10111100101101101111111001101101
00111010110110011110111110010110
00111100101110110000000000000111
00111100110000001110010110110101
00111011100000000001000001010111
10111011000011110011000100110011
00111101000100110001011100011111
00111100101011010110110001011110
00110111111010111011101110011110
10111100001101101111101010010010
00111100100101001000010001110011
10111100011000111011110100100110
10111100101101110010110001111100
10111100000100111111000111011111
10111100011100110001011101110010
10111011101001001100101110101110
10111100101110101001111111101000
10111011100011001010000001111010
00111100111010010100000111110010
00111011000101101101101001001011
10111100001010000000000110010000
10111100101011100101110001001110
00111101000100011110010110101000
00111101000110011001100110000100
00111011100100010011010011101011
10111100110101000011110110011111
10111100100011100101101010110011
00111101000001000001000011010010
10111100100010110110101011101001
10111010110011110010110001111010
00111010000011110111000000011000
00111101100010100100000000100010
10111101100101000010001110111101
10111101010111010010110101100001
10111011110100011110111000000000
10111101001000001101010110101110
00111100100011011001101011001101
00111100011110001000011111110011
00111011010001111111001110100010
00111100110011100111100100001010
10111100000010101011111101011111
10111011100011001111111010100010
00111100110111001101011000110101
10111100110111011100101101001010
00111011111011011101010001001100
10111101001011111100110101010011
10111100010111100011111000111110
10111101010000011111110111000110
00111100000001101111101010110001
10111100000011010010111010000101
00111100000001101101000110011001
10111101011010000101101101000010
10111100000110010110010101011111
10111100001000001110011001001110
00111101010000101001010110011100
00111101001001001110001111011001
10111100101100001011100100001111
10111010101100001010001011010001
10111101011110001010111100000010
10111101010000100011010100010000
00111101001110000110111010110101
00111100110111001010111001001001
10111100111011100111111010110011
00111101000000001110110001101110
10111100000110101001111100110111
10111101000000110101100000011100
00111101010110110101001110111101
00111011110100110011000001000000
00111011110100011000001101101010
10111101011000010010000000110101
10111101011111101101011111111000
00111100100110101101101100111100
10111101001001011110001000101101
10111100111101010110101101000101
00111101001100011111100011110011
00111101000100010110011100010110
10111100110101101011100011001010
00111101011100000010010010011101
10111100111000101111011001100000
10111011100010011110101010100101
10111101001011101011011010001011
00111101001011100100100101010010
00111011110010000100110111000001
10111100110101000011001001110110
00111101001000100000010100100101
00111011110111011100110000001001
00111100000010101000011010100110
10111100111011010000011111010111
00111100101000110100000011101001
10111101000000100010000110001101
10111100000110110010110011000000
00111100000100101110100101011100
10111100101000101100110101100101
10111101001110000100000011100010
00111101000100110100110011011001
00111100101001101011010011101111
10111100000100001101100011110101
00111101000110000110010000010010
10111101000110000011101000000000
10111101001001000101100110111000
00111101000000101101011110000000
10111100011110100001111100000010
10111100001000010110001011001111
10111101001100110000101110100110
10111101011100001110000110011000
10111101000001010000101000001010
10111011110111000001110100011100
10111101000110110100101001000000
00111100111110000100010100011001
10111101001000110010100111000111
00111100101100111111000100100011
00111100011110010101010110000100
10111101001111100101111011110001
10111101011010010000101110001000
10111100011000010101011110101101
10111100101001111001011100101100
10111100111110010101110110110100
00111101011010011010000111110000
00111100111100101000100001011110
10111101010010000101111000100111
00111101001111000000000100010011
00111011111000001110110000101101
00111101010011001101111110101111
00111101001100010110010000111101
00111101000011010100110100111100
00111011110110000110111010110010
00111011111100010001101000011100
10111100110001111101111100110100
10111100001110111111011100011110
00111101010111010000110111111011
10111101000011001101110100101001
00111100001100111100001101100111
00111100111000100100101110111111
00111101000111011101000010011110
00111100001110110001100111110100
10111101001100111111101010001111
10111011001011101101100101110110
10111101000100010001011111001100
00111100100010011000111010101011
10111101010011111010000100010010
00111101000011110001000011111100
00111101000011111110000110000101
00111110000000011100100110011101
10111011010111110101101010111011
00111101001010110001100101110110
10111010011110101000001101000000
10111100110010100011000110101101
10111001111000010011010011110011
10111101100001000100010111010010
10111100111100100100111011101100
00111011101110100110100100001001
00111101000001111111001111110100
00111100100010100010000111110100
00111011110100010010000111000111
00111101011000000000110100110001
10111101000000100111000010001111
10111100011110100000111111101110
00111101001111011010100110111111
00111100100100110001110100110100
00111100001100101110000100110111
10110111101111001101011101111000
00111011100110101110000011001001
10111101011011000001011011010100
10111011110010011101110010001001
00111100010101001101001000001010
10111101001111111011101011111011
10111101010011100001001110110101
00111100101010111001110110101111
10111011111111011101101001010100
10111100101000110111100010111011
10111100001011011001110111110111
10111011101101101011011100011110
10111100011110110110001101010100
00111101010110000110101101111011
10111101010010111011000100001010
00111100100010000001110101111100
10111100101110110101001110111001
00111100111111110101100101100010
00111101000011011010100101000011
10111100010111001111111011010001
10111100001001011010011010101110
00111101010000011111011101001001
00111100101110111010010011001101
00111011111000110110011010011010
00111011111110001000101001101000
10111100110001110011101011110111
10111100101110001111101100001110
10111101000110001000100110001110
00111100110000100110001010110000
10111100111111110100101011100010
10111101100111000100111001101111
00111100100011100010001101011110
10111100110000111100110100101101
10111101001000100010101000010101
00111100011110100010111010111100
00111010101000101000110011101000
00111100101010011000111101010011
10111100110111001000011100010001
00111010110100011111001110100001
00111100101001110001001100000010
00111101000001000000010010001111
10111010110101010110011110110110
10111100001000101001111101111001
10111101001011111001010111000000
00111100100110011110111110011100
10111100110001100000001100011110
10111100100000001011010111000111
00111101010010110011011111000001
10111011111111001111001110110101
10111100110010101100011100101101
00111100101010101001101010111101
00111100110110100100011101001011
10111100101110111000101010110010
00111011001010010110010100001011
00111101011100010100010110001011
00111101000110000010001111001101
10111100111010011110110010110000
10111100110101000001110101000101
00111101000101111000000001100010
00111101011000010001001001111000
10111100011001011011110001100110
00111101000111010101011100100111
00111101000011011110100010100110
00111100011010010101000100010001
10111100000011000011110010000110
00111100000010100111110111000001
00111011110101000000111100100011
10111001111010010100011110010111
00111011001110100100011111110101
10111100001010000111101110100100
10111101010111011110101101000000
00111011111111001001111111111110
00111011000001010111001010100011
10111101000101100010111111101100
10111101101000000101100101011011
10111100101111010011011001011101
10111101110000000001111101011011
00111010111011001000110110100000
00111100110000001011001010000101
00111100010111001010011111011000
00111100011110010100101111010111
00111101000000110000011100011000
00111000010111011111101010010000
10111100110100100001110001001110
10111100111011101010100101100001
10111101100100110111001111111101
10111101001001000000000000110100
00111100110100000001101010101101
10111100101010000001100110101000
10111101011011100001011100010111
10111100010100111111100111111010
00111011100000100111001011110111
00111100101010101100111110000011
10111011011000100110101011111001
00111100111100100101111110101001
00111100010001100111101100001011
00111100011000111011101000110101
00111101000111101000000100000100
00111101000101100000110111101110
10111100100110010011100000101100
10111101000011001111100100101100
10111101000011000100001001000001
00111101001100111100101000110011
10111100010110011100001100010101
00111101010011000101010110110100
00111100100011101101011000010110
10111101100011110011000101011100
10111100001010100000100000100000
10111101000010010011000110001111
10111100110101110010110011101000
00111100001110111110000111011101
00111100001110110111101100000111
10111100100101000101101111101001
00111101100001001101011001110010
00111010101001001010111011001010
00111101000000001100001000011001
10111101001110110010111000101000
10111101010101010000111001101011
00111010010101110010110010101011
00111100010101111100110100000011
10111101000100001101000111101110
10111101010001010010100110100010
10111100100001001000010000000000
00111100111101100111011000011110
10111101010110000011100101001001
00111100001101000111100100011100
10111100101011100010001000001001
10111101010010110101000010110101
10111101001010110010000100010111
10111100111010010111111111100110
00111001110010001011110000000000
00111100101101000100110111000111
00111101010010001100101001000100
00111101010010010101001010110111
00111101001100101011101000100110
10111101000000100011111110100111
10111100110000111001101110010001
10111101001001010000010110011011
10111100101011011011110000000100
00111100011010100110101010010110
10111100101000011101000100110010
10111101001100101100000000111010
00111100010011000101101110100011
00111101000101100101111011000001
10111100100111110001100011001011
10111011101101000011000111010110
10111100100110010111001101001111
10111101100011001110100110001010
10111100101001000111110010100010
00111100111001101100010111000111
00111100110001101001111110111100
10111100110110100100001100110100
10111101001110000111110010100101
10111010010111000111100001010001
00111100110100000010011011101011
00111011110110110001110010001111
00111100110100010011101010000001
10111100110100110000001101100100
10111101000011000111000111000100
00111101001010100010101001011111
00111100110101000101011110101000
10111101000100010001011100100011
00111100011000001110010100110010
10111011001011110011000110011000
10111101010110011101111111011011
00111101000101100001110111111111
00111100110000011100100010011101
10111100111101001101111000000011
00111100110111010010111101010001
00111101000000111010101110001011
10111011111010111111011011010000
00111011011100011100100000011001
10111100000001110000010001110111
10111101100000001010110001001001
00111100011110101010001111011010
10111011011111110110101100110111
10111101100001001000110001111010
00111100101110011100000011000100
10111101001000000111001110110101
10111100011110101110001001110011
10111100101000100101101010001010
00111100111010000111000110011000
10111100111001000100111011100010
00111100011110011000001010010010
10111100100011001100011010101110
10111010100101000011011011010000
00111101010100010101011010101100
10111101100000011001010010001111
00111101001000011001000010111100
00111101010000111101001100000110
00111100101011100011101110111000
10111100011110101000001111100000
10111100010011011001000110100100
00111100001111001100010001110110
10111100001011001100110011110111
10111010110011000101110111000010
10111101000010010110101011100111
00111101000011001100110100110110
00111100010001010110000110000101
10111101001011010101011011011110
10111101001011001000100110000111
00111100100111010001101011111110
10111100011111001011101101001010
10111100001101000110010010100011
00111101001111000110011000000101
10111101100100110011001011101101
10111101101000001010000111100100
10111100001100001000001111110010
10111100110001001100110111001100
10111101100001010000010110100111
10111101011000010001100010010010
10111100001111110011010110001111
10111100100001000100010110101010
10111101010000110100010111110001
10111100111010011000001000110011
10111101011001001000110010110111
00111100100110101101111010101001
10111011001100011011110101011011
10111100110110100011110000001010
10111100110110010100100110100011
10111100010110111110110110110000
00111100111011100110001110111101
10111100110110000001100101110010
10111101100100001011110101010110
10111101000000000100001010101000
10111101000010100010111110011010
10111100110010111000011011100000
10111100100001110111000110001011
10111101001111000011111110000100
10111100001100001000011010111000
10111101100100100111000010101111
00111100100010010101011110111001
10111100111110111100010010011111
10111101100100101111011011101100
10111100110101101010000000110100
10111100011010111011011000010000
00111011100100001111100111000110
10111100001001101001110100000000
00111101001100000101011011011111
10111101000000111000001101001100
10111101001000011011111110101001
10111101000010110011100001101111
00111100000100100110000001100000
10111011111010000111000110000100
10111100100010101111001001010001
10111010100100100101010101100000
10111101000100010111100011100100
00111100110011110001111011000110
10111101000001101011111010100010
00111101001100001100010001111000
00111101000110101111100011101101
00111100000101011011011111110001
10111100101110010010111011001000
10111101000101110010100001011101
10111010011010110011011100001011
10111101001101001110010100100110
10111100110111101010100111001111
00111010000001101000110110011101
10111101000011100000101011111001
10111101000000001100101000110111
00111011001000010101100000111111
00111101000000100001010111010000
10111101001101000110101000001011
00111100110001001010100100110110
00111101010000110111101000111100
10111101000000011010100011111110
10111001110010001100101101100000
10111101010111010110110000010011
10111101010010001000111011011010
10111100101011000001111011110110
00111100111110000001111000010001
10111101000101001101101100100110
10111010000011100101001101001100
10111101010001110000000000001000
10111101010101100110000011110010
00111100000100010111000111111010
10111101010000000111010111010001
10111101001010111100101110000101
00111011111010110100010101011100
10111100100110010010111011000100
00111100100001101010100000000000
00111101001110011000000001011101
00111101001011011001011001111101
00111100110100000000001011011101
00111100000011110101111010001011
10111100001110100101111011111011
10111010111011001011100111110101
00111100001101100001000110010101
10111101010000010101000000111001
00111101100010101111010110111000
10111101001011101001101001110010
00111101011100110011110101010011
00111100101000101110110100101111
10111100001100111011001100011010
00111010101000111111011000001001
10111010111100110000010101101010
00111101001010111111111011011111
10111011111010101010111011111110
10111011111000001010111000010001
10111100111000100111010110011101
10111100001101001100000110000100
10111100001101100011011100101110
00111011110110000101000100100001
10111100100111101001001010001111
10111100101101100110100010101111
00111100111010110100111001010001
10111100101111101010111111011100
00111010110000000110011100000110
10111100111000000000000110000000
00111100101010111010111011000011
10111101010110011101001101100011
00111100000011110101111101111110
10111101001100101000101110011000
10111101001101001110110111001011
10111100011010100011001010101001
10111101000100110001101100111010
10111101001010010111110000000110
00111101010011111110111111000000
10111100001101110011000100001010
00111100010110101001101101110011
10111100001011001001011000011101
10111101001100010001011001101110
10111101000010000000110100000111
00111100110001101101011010101111
10111101010010010101011000010100
00111011110110011100000100101011
10111010101100111111110010100001
00111100110111101010110100001011
00111101000000010011101101110101
00111100101010111000010110111111
10111100111010110001110111000000
10111100010001011100000100100100
00111101000110011111000010000111
10111100100011010000010111010011
00111100100011010110001111001110
00111011111001101101011100110111
00111100111000110011110111110101
10111101000111001110111011011010
10111101000010001000100000000101
00111101011000011001101110000101
00111100000000001111110101100100
00111001111111110010110101100011
00111100000000111100010001011000
10111101000101111011000010100100
10111100110001111011101101011011
00111100100110011011101110001100
10111100101011011100111110011010
00111100100101000011011011001010
00111010110100011001011101010101
00111101001111010011000100111111
00111010100100001111001100000110
00111011100011111111111001000011
10111011000001010110110000110000
10111101000100010011000001111111
00111101000111111000111000010011
10111011101000111010010001100000
10111100111100110111011111111010
10111100111000001110100011001110
10111100110011110101001101011011
10111100011000100011101001101011
10111010101000011011100110110111
10111100000011111010100011001011
00111100011011000011111111100100
10111100111011010100101110000100
00111100000111000010011110101110
10111100100010111001011101111010
10111100110000000101001010000011
00111100011100000001010010010010
10111011100000110011100110000100
10111101010011000000001100001000
00111101101010100010001101101101
10111100101100110100001111010001
10111101011101000111110101001011
00111100101011010000111011011010
00111100011110110111010001001001
10111100100001100011110111001101
10111100100001011101001000010011
00111001000001010101110010100010
10111100110001001001011000000001
10111100111111111000010010000010
00111100100110000001110000000000
00111101010011010110010111101110
00111101000011011111011110101100
00111100100111101001010100011001
10111101101100010000110000011101
10111011111011100101110101000001
00111100011011110101101111010001
10111100101000000000100010001001
10111101001010001011101110011010
10111011100001000001101100111111
10111100000110000000101111011110
10111101000000011010000101110010
10111101011100010110000101100011
10111101000010011101001110000011
00111101000100011011011110111101
10111100000001001011010111111111
10111100010101000011000010110100
00111101011011011000100101110100
10111101001110101000101110011100
00111100111101100000011111010100
10111011011100100001100111010001
10111101001001010111010010010110
10111100010000001011011110100011
00111101000010111001000101001100
10111101101011000011100001010110
00111011001010011000101001100001
00111101001000101001100011000110
10111101001001100011011101000110
00111100001001110011000010010110
10111101100010011110010100001001
10111011000101111011000111101011
10111100011110100011101010101101
00111100000100010101011010111111
00111100011000001110011001001010
10111101000010001001111100100101
10111100010001101010111001001110
10111100100100011101000000001000
10111100011100001010000111001100
00111100000110011111001100100000
00111100111010101000000110000111
10111100100001110010111001010011
10111101100011000100010000100000
10111100101000101100110110001111
10111100110011011111001001101001
10111100000011011111111100001101
00111011111110100110111001001000
00111101011000111110110101100101
00111101011001111101100001010110
10111100101011010011110111001111
10111100011001100110000100011110
10111011001010110011100100100111
10111100100010000111000010111101
10111101001001010110111111111100
10111101011010100000011000111001
10111101011011110111011110100011
10111100011100000000011101011010
10111100011000001000110000111010
10111100111100011001101100010110
10111100010111100011010110111000
10111011110100011110110101001011
10111011111010100110111000000010
00111101001111001000111010010101
10111101001001001110010100011001
00111100110011001111011000000000
00111100001011100101110000001001
10111011001100100101001110111101
10111100000110010001101010100010
10111101101111000001001100011011
10111011110001011101010110110100
10111011111011110110100000111101
00111100000110101000001010111000
00111101000100111111000101001000
00111101010111001101000011011001
10111101011001110111101100011011
00111011111000010110101101001110
10111101000101100110111110111000
10111101010010011001100110110101
00111001110011110001000101111110
00111101000010010011000000000110
10111101000011101100010000100101
00111100101110001000001101000010
10111100101001111001101101100000
00111101001011101001100011000110
00111101100100001110011110111110
00111100010001011001110010011011
10111100011010011101100000000001
10111100000111110100001111000110
00111100001011111000011100010101
00111001101000010101111011101110
00111011111001010100110100001000
10111101100111001110110111101001
00111101000000000000101000111100
10111100001110110110111101001101
10111100111010101010000110000101
00111100010101100101111010100101
10111010011001011001001100111011
10111100100011111110101101110011
10111001111101111100100000001100
10111100001001101001011000001111
10111101010010110101111000000111
00111100110000011010011101101001
10111101100111011110101001001101
10111010100110011100101111010110
10111101100001001010011010101101
10111100011000100001010110111110
10111100111110001100100001100000
00111101010011001100111100010011
00111100101010000001000110100100
00111011001001111101011111000111
00111001010010111010110010011110
00111011101010110000110001100110
10111100001100001011010011110101
10111100000100001111011011110101
10111101000000111011000101100000
00111100101101101111001111001001
10111100111011110000101010111001
00111100101001110100010110010110
10111101010000110000110001011011
10111010111000100001000100101000
00111100010101111001111101110100
00111100101110100101001000001101
00111011111100011011111001010001
00111011010101110101110110011100
10111101000110011101100001001100
00111100010101010101100110111000
00111011101101001100010110110011
10111100101101011001010101000101
00111101000001111100011000101110
10111101100101000011011100000111
10111011111011100010100110100001
00111100011100111100111110001111
10111101010100010101101001010001
00111100111000101110010111111101
00111100101101000000010010110101
10111010111100000010100000000110
10111010101111011101101110100011
10111100111110011101101010110001
10111101000100111101101100111000
00111100101001010011110000101001
00111100111111111000011010100010
10111100100101011100001100110111
10111101011011011010101100011101
00111100100010101000110101010111
10111011001110001001100000011101
10111101011001010111101000000110
10111101000001000110000000011111
10111101010101000000000110011000
10111101000111010010101100111110
10111100011110101011100111010010
10111101000000010001111001000001
00111100111000111101110100111000
10111100101010110110010010011000
00111101000000001011100001010101
10111011100001001011110010101111
10111101001001101101100100110011
10111100110101100100001101101101
00111100001110010101111010110111
00111101000101001011010000001010
10111100110100010110001111101110
10111100110001100101111101000010
00111101000110001111001011101101
00111100100011011000100110101100
10111100001011011111100101011101
10111101000010110011011010111110
00111010010001000001100110001100
10111011001000101100001010011111
00111101000110100010010000011000
10111101010000010111101111101100
10111101011011111111101101110100
10111011101100001101011100011001
00111100011001011101100111000001
10111100000111101000010010010100
10111100111000110100100110100101
10111100110101010001010101111011
00111011010010101100110101000001
00111010100110100111100001100010
00111100010111000001100011010011
10111100000000100101001010010011
00111101001101101110100100101101
10111100111010101000101111101000
10111100010111000100100011011101
10111011100100001001001010001100
10111100111011110000011111000111
10111101010110100001001010001111
10111100101110001011110011111010
10111101000100001011000101110001
10111101100110111011111111101110
00111101000011101101110001111010
00111100011100110000111010011010
10111100110001100010001001111110
00111100010101111110111110011001
10111101011110011110000001101110
00111100111111000100110110010111
10111101100001000010100001101001
10111101011000000110110111101100
00111100110111000011010100000101
10111100100000101100101111100001
00111100111000100110010110100100
00111101010110000010101111001000
00111101000110010110011010011010
10111101010000011100111011011110
00111101000101101111111000001010
00111101000000110000001000000100
00111100100100111010110001100111
00111011010100101100010001111100
00111101000100001000001111111010
10111010010110000111111101101100
00111100111101000010111011001010
00111011111101111000000111010001
10111100001101011001110001000110
10111101011000100001111011110101
00111101000100110100111000111110
10111100010101100010001101111110
10111100101111100101110000110100
00111101000010100111000101010100
10111101000000111010010100000010
10111100100100101010100001010011
00111000000001110011001011100111
10111001011000100110111111011111
00111101001110000010110100000000
00111100001110101101101010101010
00111100001111000111000111101110
10111100110110101001001101001011
10111101000101011111000000011010
00111011000001101000111101010011
00111100100101101111110001101101
10111100110011110110000001011010
00111010111101010110100010111111
10111101001011111010001000111100
10111010011110000000000111000110
10111100110011001010000011000001
00111011110010110010000110010111
00111001101001000011100011001110
10111101001000111101010111000001
10111100010110100101010111100000
00111100111110111111010001010010
10111101000000001001000110101101
00111101000111010010111010011011
10111100100100111001000010011000
00111100010111010010001011010001
10111100000001011111010101100011
00111100100001011001010000101111
10111101000001010000110110010011
10111011100000101111011011101111
10111100000111010011110110110000
10111010100110001010100101010100
00111100100101000111110100110001
10111100100101101011010111011100
00111100101011001100110101001101
10111100110100110001001111001100
00111011010000111010110110011001
10111100111011101000001010111011
10111101000100010100010111100000
10111010111111110101011110111100
10111101000111010001100011101101
10111101000000011001100100000011
10111011111111100100011110011110
10111101011011101010011110000001
00111011010011100010011101101010
00111100010000110000000101101011
00111100001011000011101100000110
10111101001110000100010100010110
10111101000100010110011111111111
10111100000110001111111110010011
00111100100000000111000001001100
00111101010011110011101110011010
10111101100110010001100111010001
10111101011000100000110111101111
10111101010101011111111010110010
00111101000111001010011010111110
00111100101010010000001011010110
10111101101110001000100110110101
10111100101110011111011010000010
10111100110101110101011010000011
10111101000101101000011001000000
10111100111100011101010100111010
00111100001010011010010100101001
10111100100000011000100001101011
10111101100011101000000111001110
00111100100110011010101000011100
00111101001000001101001110010100
00111100101100110100110111111110
10111011100111010010100011001010
00111100001011010001100010010101
00111100110110100011010001000010
00111011111100010000100000110001
10111100000000100011010000110111
10111011010110110101011100000111
10111100101001011111000010100101
00111000010001001000100001001010
10111100000100000110001001001111
10111011000000100100100010100100
00111100100000001101101011010001
00111101000001010010110101110010
00111101011011001101011110001101
00111100100010101000000001010000
10111100100011000110110111001000
00111100011101011001101011100010
00111100101000011000010010111111
00111101001010001010011001011011
00111100011111010001001100101010
00111011111011100101110101110011
00111101000001110111000101111001
00111101010001101111110011100011
00111011111101001011100110010000
10111100000110111111101100111110
10111101100011001010100100011001
00111010100001010110100111000010
00111100111110110111001110111000
00111100101101101010001100110011
10111100111011001101001110000111
00111000010000001011101110011011
00111100101000001101110000011100
10111100101101011100001011100110
00111010110110111100010010000111
00111100100000010001011110011101
10111100100010011100100111110011
00111100010011001001111110100010
00111011010011100001100110100011
10111100110100001001101111101101
10111010110001101001111010110011
00111101001000110101011100110101
00111100110101100011001101111011
10111101100111111100000110010001
10111100101011110111100110100001
00111100001110111010100010110110
00111100110000101110110101001111
00111100001011011010100100010110
10111101100100111000100001011011
10111100010011001110011100101000
10111101100001110000011110001111
10111100101100110100011010111010
00111101000111000100101111001010
00111100011000011110110000100110
10111100110100100101000010110101
00111101010000100011110000100101
10111011101010001001100011111011
00111100110110011000100010011111
00111101000110001001111001110011
10111101011111101001010110100100
10111100100001011011111011110101
10111011111111111001101000001111
10111101010010101010011110100010
10111100000101100011001100111110
10111101001011111101100011111110
00111101001101111100001100000110
10111010110101111111001011001001
10111101100001001110001100111111
10111101010011101011101111000100
10111011101111100100000000010010
00111101010111010001111011111011
10111100011110001001010001101011
00111100101011110111001101100100
00111100011010101111101100010111
10111101010011100100011011110001
10111011101111010101000000101110
00111001011110111100111011110100
00111101001011010110011110100110
10111011011010010011001011011110
10111101001011110001111100011001
10111100111001111110110100010001
10111101001001011100110101100100
10111011111110111011110100010000
10111101100000100101110010100001
00111011011100010100011001100100
00111100110010100011111011010000
10111100000100000110000000100101
00111100110000110001000010011011
00111100101000111001000010100000
10111010001010001000100000011011
00111100100011101110000010111010
00111100110011000111101010111010
00111010101111100111010001001110
10111100100010000011001101001100
10111101010110101000011010011000
10111101001010010000001110100100
00111100011111010110111010011110
10111010110100000001011100100110
00111100001011101111100110110111
00111101010000000001101001011000
00111100101100101101111110110010
10111100100011001001011111011111
00111100101011110101100011001110
10111101001010110101010000100101
10111100000111101101000001110000
00111010101110000101010101110100
10111100110101011000010011010111
00111011110010111000001111000100
10111100111010011001000011000001
00111101000011111100101000101000
00111101000010100001100100111001
00111101001010110110011100001010
10111011001001111101000010011110
10111101000010000110111101101101
10111100100100011110110001100010
00111100110110001000111111101100
00111100010001001000111100100110
10111100010100011010000010011101
00111101001101110001011010000101
10111101001110000000110010111110
00111100100110010101010010010010
00111011101110010100110100001110
10111100111111101111100010001011
10111011111111111110011101010011
00111101001110100100111101111010
10111100001001000101001111101010
10111101000101100100100111001000
10111101100001010011110110000001
10111101010010110000010110001010
10111100000110100101010000111000
00111100000111001111011111111010
10111011110111111000101000111111
00111011111010001010010110011001
10111101000110011011100111011010
00111011011111011110100010110100
10111101010001110010011010111111
10111011011000001010011101010100
00111011001101110010111110111000
10111101000000110100111111110001
10111100010001100111010011000110
10111101100110111010010010000111
10111100101010110110101010100000
10111101001100111110010000101000
00111101011010011011110001011111
10111101100100101101110011110001
10111101100110000111000111011010
10111101000001100111001010000110
10111100110000101011101110011011
10111011110101011101001011001111
10111100100011010110010101011110
10111011100001110011111001000001
10111100110100010001100111110111
10111100100101011011100111101101
00111101011010110100110001010101
10111011010100011100101000101000
00111101000101001110001111001100
10111100111100010000010100101111
00111101010100001010010110010001
00111100100001100101011111100110
00111001111011101101010001001101
10111100110001001100001100001001
00111011100110100101001010001000
10111011100110100100010001110111
00111001011010110101011000101101
10111100111000101001111001000101
10111101010110001000100110110101
10111101100001100000111111101101
10111101010111111001011010010010
10111100111011111110011100110000
10111100111100001001001100101100
00111101011100100100110001101010
10111100111000000000001111010011
00111101001110000100101010001010
00111101010100010000001110010001
10111101001100011001001001011011
10111101000110001100011000100111
10111100101001111011100000111011
10111100110000101110111110100000
10111100000101111011100100110110
10111100000100011011101001110101
10111011001001101101111001100111
10111011110010111100100100110110
10111100001011001001000100010110
10111011111010111010001110110111
10111101010000011100000010101011
10111101001001111101011101111100
00111011010010101110111011011011
10111100001100011010110010011100
00111101001101110000001111011101
00111100001110010010111101011101
10111100000100011001010100110111
10111100000100010001110111001101
00111100011111010101110010111000
00111100101001110001010110010110
00111100000110001011011110110001
00111101010000011111000011100001
00111101011000000110001001011000
10111101011001111010010110110000
10111101001010011111110111111101
10111011000001110000000110000100
00111100110011101000001101001011
10111100101100010110011010101010
10111101000011000000110000011010
10111100110100010101100001101100
10111101000110100001000000101000
00111100000100000001110100010010
10111011100101111010100100000100
00111100101010000111101101111010
10111101000101010100011110100110
10111100111111010100110011000110
10111101000101011111000111101110
00111101001011011010110000100110
00111101000010001111000110001101
00111100110110100001011100001100
10111100110000001010111110011110
10111101010101101101010001111100
10111100110101111110011011000011
10111101010000010000111000011100
10111100110110110101110111001110
10111100000101010011110100001000
10111010000011011101100011001001
00111100100111101011011001101011
10111100101101001001000010011011
00111101000100111001011001010110
10111011010111001110111100010100
00111100010010001000100100011100
10111100001110111101100100110011
10111101001110011110101011111011
10111010110010001010100100010110
10111101001101010111111010000010
00111101001001111011101111000101
10111100100000100111010100001101
10111101001001111011100011010101
00111100100110100010110110000101
10111011110111111001010001101111
10111100000011111100100111101111
00111100001111101111100001110011
10111101001011110111010011100001
10111100000000010000100011001001
10111100100001000011101010000101
10111101000010111011111000100000
00111100011000111001110101011101
00111011100000111100010010111100
00111011100101010001101010110010
10111101000001110110100100010111
00111100010010100100111100011000
10111100101101100111110010011110
10111010110000001010010101000011
10111100110000001010110001011001
10111100111111100110101010011011
10111101001011110001011100110110
00111100101011000011001010111111
10111101011010111010011000000111
10111100110001011100001001001000
10111100100110011110110101000101
00111110000000111110110001110111
00111101000111100101101001101110
10111101100000101001001001001110
10111100101101011010011000011000
10111101001100000000001011100011
10111101001100000011011111011001
10111010100011001001110011010100
00111100111011101110111100001000
10111100011000000000110001000010
00111100110011101101111110111100
00111101000101011111111111111000
10111101011111110010110110110101
10111101101001000000101001100111
10111101001100100000101000000111
10111100101001010000101100110010
00111100110101110010011011101101
00111101000010010101000111001011
00111001011111111001011011100111
00111011001011111000110111000001
10111011110000111111101111000010
10111101000111111000000000000000
00111100011010011001000010000100
00111011111101100011001100100110
10111100010101100010001100000011
00111100010001101000001001010100
10111011111101110011100010000111
10111100010001100011110010010110
00111100101100111100001001111101
00111100100000100000100100000011
10111100110101011101010010000100
00111101010101011011111000001001
10111011110110001111010101011010
10111101000111101011010101000101
00111101010011111010001001011101
10111101000000110001010111100100
10111101100001110000000000101010
00111101100001100001011110011110
10111101101000100011111001010101
00111101001011000100011111101101
10111101000010001101010010011101
10111011110010010110110110110000
10111101010100001000000111100010
10111101010000110111110010101101
00111100101010000101011010001101
10111001010010101101110110100111
10111010110010101000100101111001
10111100001111110001011110110001
10111101000011001100001111001111
10111100001000100000111011110110
10111101100001101000000110011111
00111100111011011111000001011101
10111100011000001000000101011100
00111100100000001111010001011001
10111100010111011111000111101011
10111101001000101011111000111110
10111101100011011101101110010010
10111011101000010111011111010011
00111100010001111101010100011010
00111011111111001101010011000110
10111011011001100111111010010001
10111011100100011101010000110110
10111101000110111001010000111000
10111101000111000111000110101100
10111011100110100110101111100111
10111100111101110011001001011110
10111100010100001111111111001110
00111100001101111110011000110001
00111101000111110000011101001101
10111011111011100110010000010010
10111100010111111010010111010010
10111101010101101000110101110100
10111100110110101100100111100100
00111100100001001110000111000001
00111100011001111011101100101110
10111100110011100110110101111111
10111101001011101011100000110001
00111101101111000011101111000000
10111101011000010001111010001011
10111101000010001011001001010000
10111101101011011111110101011111
10111100100111010110011010110001
10111101011010011011000100110001
10111100110011001001000100000100
10111100100111100110000001001011
10111101010111011001011010111000
10111010100110000100001011111001
00111101001111101010101111001000
10111101011000001010101110110101
00111101000010001100101011000110
10111010111101010100101111001000
00111101101110111100100010010100
00111100110110000000010100101101
00111100101000001011100010001001
10111101001000010010000110111011
10111100111001001011101010100100
10111101010001010000101111100000
00111011111111101000001100100010
10111101101000100001100111001010
10111101001001001110011010010100
00111100110100110101100111010010
10111101011001111100001000010110
10111101000101010011011000001000
10111011110101001001101011001111
10111100010100101100100000111000
00111101011000011101000101111100
10111101000101110001010101001101
10111101001100110010011001000010
10111100000101011011000101101100
00111101100010001001001101000011
00111011100000001111100100000001
10111100011100000011110001101010
00111011101101101011001000110101
00111101001011101000000111001101
00111101000011111101010000011011
10111100110000001111110100001000
10111100010001110101010111000111
00111011101100001101110000100011
00111100100110111100101011111111
10111100111010011001011100110000
10111101100000001100001111101001
10111100100101000111000011001010
00111101010100001110101111010111
00111101010111111110011100101101
10111100011010111111000110010111
00111101000111101100001001010111
00111100101100111100001011001001
00111101100010010110100111111110
10111101011101100110100111010110
10111001001111110001010110101101
10111100101000010100000110101001
00111101000101001101110111110110
00111100010001011111110011010001
10111101000001110011101101011010
10111100000001011101000100101001
10111101000001101001011000010011
00111101001001110011010101111111
00111100100011001011111100110100
10111101010101010100000011100011
10111101001101011101110101101100
10111101010000111111000110100101
10111101001101101000000010010000
00111101100010011001111011110111
10111100110110100010001100010111
10111101010001010001011101111011
10111100111100101000001100110111
10111011111010110001010110001111
10111101001001010010000110111111
00111011000101001111100110010011
00111101011110111011011001000101
00111010000001111010101101010111
00111100110011001110001111100000
10111100111100100111010000111110
10111101010110000001011000010001
10111100011100000110101001001111
00111010110100001010110111001011
10111001100111111100101110111000
10111101000001100111010010010101
00111100101101000000111001010111
10111101100000111000101110010100
10111101101001100011101101010011
10111010011100011110010010111010
10111101100011010011010011001001
00111101000101000101110100111100
00110111011010110100111101011110
10111100110001000001110001011000
10111101001110111001100010100000
00111101001001101011110001011000
10111101011011101001010011001010
00111101000110111111011010000001
10111100110110001101100100100000
10111101100001010101100000111100
10111101001011011010100001010101
10111101000010101100010001100000
10111100111010000000111011001111
10111100100011110100000011011110
10111100001001111100000110010111
00111100101000101110010101100000
10111100101011110100001011011000
00111101010100000011011101111001
10111100101001011101101111000100
00111100100100101110000101011000
10111101011101011111111000001010
10111101001011100011100111111111
10111011010110001100111101001010
00111100100000000110111110000010
10111011000100010001101101001010
10111100000110011100010100101010
00111100110001101001000110010001
00111100000000010000111001000010
10111101100000001100011001110001
10111100110001011001110101000100
10111100011111100010001101101010
10111001110011010011100001100001
00111100011010111011001111001011
10111101001000100101001001110101
10111101010011110110001010001010
00111100111011110111100010111111
10111100111011010100001010101011
10111100100100100001001001010000
10111011100000110001010101110010
00111101000110001001111011001000
10111101001110111010001110101010
00111101000001110000010001001000
10111101100000001001000010010010
00111101001100111010110001110101
10111101000010011101010101010101
10111100001000011100010100000001
10111100110111001001001110000011
10111101101011111101100101100010
10111100011001001001111001111100
10111101000000010100000101111011
00111011100010101010001110010111
10111100111111001010011000010010
10111100111011111000101101001101
10111100010011001110110111101111
00111101000011111111110101110110
00111011000000000010110011011000
00111100111001111001011110001111
10111101000110111101110100001110
10111011011000011011111000100100
10111101100011001001001111100001
00111100011100011101011011001110
00111100000101100101111001010010
00111011010100111101000110101100
10111101001000011111100110000111
10111100101011000010000000001000
10111101010000110000111111101111
00111011101100010101111000110100
10111101100000100100111011100010
10111010101011110010001101101001
00111101001000100010111001110111
10111101010101111010010111010010
10111101001000010101011001010001
10111100101011101110111110101101
10111100000000100100110010001001
10111101010010001010011101110111
10111011010010010000010100100011
10111101011010000101110111010000
10111100000011111110100101000111
00111011000010100001111111101010
10111100110000100011001101001101
10111101100100101110011011010111
00111100110110011111011111001010
10111101010101011111000100101011
00111100001011111110100111010101
10111101001101110101110100001110
