10111011010011011010001001100100
10111100100010100010101111011011
10111010110101011101101111100001
10111101001010011011000010110101
10111100110011001010011100010100
10111101001100110011110000001110
10111011001110011011110110101000
00111100101110011100110011101111
00111100000101100100100100011100
00111100111011110010110100100100
10111101010111011110111110111001
00111100111011000000101110000111
00111100101100111011000100011000
10111100100111101111100010001010
00111100100001100101001000100010
10111011011011001011010111111101
10111011101111110001101000001000
10111101010111111001100111111111
00111101011001000000010000001101
10111101100000010110011001010011
10111100110110101001100011000110
10111100110111010101011011110101
00111010110000011110101011100001
10111101010001001100110100010100
10111100010010101001101011101111
10111100010000011011100011010011
00111011110001110010110101001010
10111011100000010110101000011111
00111100001011001011110010111000
00111011011000110001000101001111
00111011000110111010000111111100
10111100100011011000101001110101
00111101010011000010010001111000
00111100111101001100001101001100
00111100110100101110001110011000
00111101000110010100110101111101
00111011011011010100011101001001
10111101010001110001110111010011
00111100111000110110101000101010
10111100011010101100100001101001
00111100011011100100110110010110
00111101001101000011000011101111
00111100101010011111000100001010
00111100100000011101111110111110
10111100111000000011000010111111
00111101001101001010000010111111
10111100101001011111111110111100
00111011110001001100110011011001
10111101001101011110101011010111
00111001110001001100001010100001
00111100110110101011010111000011
10111100100101000000000100000001
00111100001110011111101111010101
10111011111000100111111101010001
10111101011010100010011101001110
10111101010000000111010101101011
10111011111100000101100110111011
10111101011111100000000001011000
10111101011001010100011011000001
00111011001000110010011001000100
00111100000010011000001111001111
10111100100111110110001100110010
10111101001010010101011010010010
10111101100010101111101100100001
00111100000011101000011110111010
00111010010001101101100011100011
00111011111011001100011010110010
00111011100101100010010001101011
10111100111101100100111111000011
10111100101001100001101001100000
00111100100001010111000110100010
10111100101001011111010010011010
10111101001100111001001110010111
00111100011010001101010100101000
00111011101010110111001000101110
10111100111110011110000100011010
00111101000011001010011001110011
10111100100111001011110010001101
00111100100111010101110000001111
10111100010001000100111101000110
10111100100100110000010111011101
10111100010110010101001010011110
00111101000001100001010111100101
10111100000100011100100010000001
10111100111010111101101111010001
10111100111010001010001110110010
00111100011101010011111011010001
00111101000100000001010010011111
10111100100010111000001000111010
10111011110000100000110010011001
10111100000000011001100011110010
10111011010111010101001110100110
00111101010000100111000001101111
10111101010001000110001100010000
10111100011101111010110111010101
10111101000100110010101101001111
00111101011001100100101101100011
00111100110001110011011010110001
10111100110011111010111001001100
10111100100001011101011111111110
10111101001110010101010000001100
00111101000010100100011011100010
10111101010001001110011001100101
10111100011011010111011101010110
10111101001111001010101011110010
00111100100111111010111001011101
10111101100010101010011111001101
00111011110000110111101100010000
00111011101000001011100001011011
00111011110111010011111001101111
10111011111100100100110100010011
10111101010010111101110100001111
00111011111010010011001010101011
10111100011101011010110010010100
00111101000011100100101001000000
10111101001110111101010001110011
00111101001110001000011001010011
00111010111100111101110010101101
10111101001001011010010001101101
10111101001100110011100000101000
10111100011000110101110101000110
00111100101010001011110011111011
00111101000010100001111111100000
10111101011110110111000101100100
10111100001000110100001110011001
00111100100111100001001111101001
00111100100001110110110010110100
10111100111010101000111000011001
10111010111000001110110011111010
00111100010111110001111001110010
00111101001000011011001000101101
10111011101100010011010100001000
10111011101010011000111100010111
00111101010000100111100111011110
10111100111110110011111111011110
10111101001011000111001111001111
00111011110011111001110011001000
00111011110001100001101000111000
00111101001100000000101100111111
10111100111111101111000110101101
10111101001011010001001101011001
10111100011011101101111101001101
10111100101100110100101010010001
10111100111001010010110010100111
10111100001001100010000011110101
00111101001011000110010010001001
00111101011100011111010010111010
00111101011000011110001110001011
10111011111100011011000110101011
00111011110110010000111010000010
10111100100110010000101011100110
10111001100010111110101000001110
00111100100100011100100001011111
10111101010100000011100100001110
10111101000110010101001101111011
10111101000110000110100101101001
10111101100111001111010111000010
10111101000010111000010101010101
00111010110100000011111110110001
10111101001111110100010010001011
10111100101001011100101010001110
00111101000001010100011100110000
10111101100111111110100111011011
10111100000001110110100100101000
10111101010101011111111001111101
10111100001101000100010001000101
10111010111100010110000101101001
10111101001010100111110101001010
00111100001001100011001001001110
10111100100001111001000001110011
10111100100110101001111110101110
10111100000010111000100010101111
00111011110001000000000100000001
00111001100100110100011110100010
00111101010000100101101010010010
10111011001101101010011001010001
00111010110010011110010011110111
00111100011000000111011101001111
10111010101101001111001111110100
00111101011001001010010110111011
10111011011011100111101111011110
00111100110000011010100010110111
10111101001001111000010100101000
00111101000011010011010010110000
10111100011111011110010000111101
10111100010011111011000100011100
10111100000111010000110100100110
10111100100101011101010101110000
00111100110000001000111100111001
10111100011000101010001101010111
10111101000010110001000010100101
10111100011111010101100000101000
10111100000001110011110010011100
10111101000000111011000110011001
00111011100111111011000001111110
10111101000001010000101000001101
00111101010001000101011000000010
10111100100001010010100011100100
00111101000010111101011001111011
10111100010110110100000000101101
00111101000111110011011100100011
10111100101110010010111101100111
10111101001011100000000001010100
10111101011110111011001101010100
10111011111100111111111001111011
10111100111111010111100101000001
10111101100010010000100010101101
10111100111010011110000001010001
10111101000101100101010111101011
00111101100001111001001010001010
00111010101110011010001100101010
00111101001111001000100101100111
00111101001010001001100001110111
10111100110100000000001100101101
10111101100010110011011000101110
10111101001111000100100111111100
10111100011101111001101110111001
10111100010110110111001010111011
10111100110001110101010001101010
00111100111011011001001010101000
10111100111100001000101011110001
10111100100001110010110101001110
00111101000111011111110100010101
00111100110100101111010110000011
10111100111111010101010100111100
00111011111011100010010111000010
00111100101010110111101010001100
00111100000101110110111110101110
10111100111011011111110000111111
00111101000100010100101111000010
10111101001111001010100111010000
10111011101010001100110100000100
00111011101001000111100110010100
10111100100101011001101100110101
10111100100101111001011000010011
00111100111001100110001011110000
10111100010101110010100011111000
00111011110100011101101111011100
10111100101011011110000100100000
10111101001111111111011011111000
10111101001111010111110010000000
00111100100001011100110101000010
10111011111010101101001011010110
00111101000000101001110000110000
10111101011100011110010100110001
00111100000011010000010100000100
10111101100001100010101101111011
00111101001110101111000011000101
10111100100001001111000010001110
10111101001110111101010111000001
10111101000001101011110001011100
00111011100101100101101000110100
10111101010000000100111100001000
10111100010010010111000100010100
10111101000100011111001110110100
00111100100111101110101001010110
10111100011111100101110010110110
00111100101101100100000010011100
10111100101010110001100011101110
00111100000100100110010011100001
00111100000001101010101011100110
10111100001111010101000001101001
10111011010101010111000101110001
00111100100000110010010000010000
10111100110011100000101100111000
00111101001110000101011010101001
10111100011011101101110101011010
00111100101000001000001000111011
10111100110000101111010101111110
00111100001100010000110110110010
10111100011100111111011111011001
10111100000101100010000111100110
00111011100101100110101110111001
10111100100111110000101111000110
00111011110101010101111101111011
10111010100111001101100101100010
10111011111101111110011001001111
10111101000011000010100001010010
00111100000101001111010000000111
10111101011010101010101010011101
00111100011100010000001011110001
00111101010110011101101101010001
10111101001010000110101000110001
00111101000000000110001000010100
00111100110110001011111110100010
00111100010011010100001000111111
10111100101110010010010001111110
00111100110110010110010011000010
10111100011100100110111010000011
10111100111110111100100000001101
10111100001000100010101010111101
10111101100100100010111010011000
10111101001110010010111100101101
10111011011011011110110100011100
10111101000010110000001001111000
00111100010110010010111000100100
00111100101111100111011100010111
10111100110100000011001011110000
10111101000001001001000011011011
10111100010101010110001011011001
00111100100100000011111010111011
00111100010011001110010111000001
10111100101001111100100111111000
10111100110100111010011110010000
10111100111000011001001011101010
10111100100101101111000101011010
00111100111111001101110011001100
10111100011001001000110000001001
10111101001010000000110111110011
10111100111011000000011000100011
10111100111101010100101001101001
10111100100101011001101110100000
10111100101101010011111001110100
10111011110101000010101110010100
10111100101100001001011011011000
00111100001001001010010011111101
10111101100010011001010001111010
00111011000000110101101010111100
00111100111111000101101101101001
10111101011000000001001000110000
00111101010101111011100110111100
00111011000100111111011010011101
10111100111100110001000000101100
10111101011101111101010010101001
10111100101101010011111010110001
10111101001011001100000000001100
00111101010010000000101010010100
00111100111011101101100111010001
00111100001110000001011100011011
10111011101000010101011010110100
00111100110011011000010011000100
00111011100110011101100011001110
10111101000101110010010101001111
10111101001100100001001001101101
00111100111100110001110000100010
00111100101111111111111100101111
10111100010011010011011111100111
10111011101011111000101001100110
00111011100001010001001000010100
10111101000010101011111101101101
00111100110000100110100110011010
00111100100101100101101001000111
10111100111011111100000100000011
10111100110110001000101000100001
00111101011011111100101001101111
00111100011001101011000000000010
00111100011101011101100111100000
00111100101010011111101101111010
00111100010011110100001100001001
10111101001100000011110111000010
00111011110011011101010110110010
00111100001011010111101100111101
10111010001111110001001101011011
10111101010001100111001010111001
10111100001101000101011001010110
10111101010011000110011010011011
00111101000010111011010110010101
00111100000010101110011101011000
00111100100110101110000000000110
10111010101001011001000001110010
10111100010110101001111110111110
00111101011001100010000110100110
10111101000010101011001011111100
10111100101111011111010110101000
00111100000101001101011010111110
10111101000010011100010110101100
10111100001101101101110001010001
10111100101111000100110011001100
00111100000110111001000010011000
10111011010001110100010011101111
10111100001111000000111111010001
00111101000001011111100110111011
10111100010111101001001001100011
10111100111010101001001010101100
00111101010000011001011101000111
10111100000111011001000001010010
10111100001101110000100001000001
10111100100101001100011011011000
10111101001111101000001010000101
10111001110011101111111110000011
00111100100011110100001000000000
10111011100001110011111011101010
00111011100110011001110001110100
00111101011110111011100110110001
00111101010010010001010010101010
10111011011100100000001000011010
10111100101011000101110110000011
00111100000010000010111011000010
10111100100100010111011010000010
00111100111000010101110100010011
10111101001111101010111100011100
00111011001001001011000000000111
00111101011001111001101001010011
10111101010110110110001011000111
10111101100001110000110100010010
00111100011000001001111101001001
00111101000000111101001000101110
10111101010110011111111110011010
00111101000011010101000011001100
10111100011000010001100011100001
10111100101000110010100100101010
10111100001110101011101000001100
00111100001010001010000100010110
10111011101011111010101001111101
00111100101100110110101100110000
10111011011001100000001000110001
00111100000010000000000011110100
10111101010000100011100010100111
10111100101010111100010000001001
00111100010011000011000100000001
10111101000101001010000110100111
10111101000010010110101101110110
10111101100101011101111110100000
10111101011000111101000001111000
00111100110111001100000100100101
10111011010010101000001110011000
00111100011001111011011010011000
10111010111000011111000110000001
10111100100110001010000001011100
10111100000101101110010011100100
10111100101111110000100011010001
10111100111011001110111001101010
00111101001100011000101100000010
10111101011110000010100110011011
10111010111100010011010001011011
10111100100110110000000100011110
10111101000010010011101010111010
00111101001110110011110101000011
00111100011001101101011011001000
00111011100111100010111010001110
10111011110111111111000010110000
10111100101000010001111101011010
00111101000010000110110101000010
00111001001110001000110000100110
00111100011111001111101001011011
00111101000000111101111011000100
00111011001100011111110000010001
00111100100110000011111000110110
10111100111111101000000110001011
00111100100011110011000001100100
10111010011111000010111110101001
00111011101000011010011101010100
10111101100010111101001010001110
10111101000100010010111001001100
00111010101100111110100100010111
10111100100111110001001111000101
00111100100000000111110000000101
10111101001111110101000000110000
10111011101001001011110001101011
00111011101001110011000000010101
00111011101001001000110010110111
00111100100101001101110000100010
10111101001001100101010011100111
00111010010001001010011011111101
10111100001110000000010110010110
10111011110110100000011101000001
10111101000000111000000110101000
00111010111110000000001100111001
10111101100101100110000111010010
00111100101010110001100001010100
10111100101110110000010111001111
00111100110001111010001011110010
10111100111100110010011110111000
10111101010010100011011001110100
10111010000100010010110011001100
00111011111101011111000000011011
10111100100000011001010100011101
10111100011000000001011011111110
00111100100000010100101010100111
10111011101101101011110001001010
10111100100111000100000110011011
10111100101000110011111010111000
10111101001001101101111111100111
00111100111001001100101101010111
10111101001001010010110010010001
00111100110111101011010000011111
10111100010101000100110001010101
10111100000000100010110101110111
10111101010000001001110000101010
10111100000110110111000101011000
10111011101100010010011011101001
00111101000000010100101000110110
10111100001001100000000100110010
00111100011010100010110111011100
10111101010111000001101110101100
00111100101100111010100000001110
10111100101101101110111011001010
00111011100101010011110010000111
00111100110010111011011010101111
10111011001100001100111100011100
10111101010010010100000110000010
00111101000110110110101101010100
10111101000110010111001111001111
10111101000110011101000100000110
10111100110011001100100011001101
10111100111001000100011010101100
00111100101001111010101011110100
00111100000100011001011100110000
00111100101111110000110011011001
10111100111010010010110100101011
00111101000010000100101110110101
10111011110010101010111010110110
10111101010111000101100101111101
10111101000101111101011001110010
10111100011100110110111000111110
00111100000011110110101010011000
00111101010100111100100100100101
00111100010101100111010100011010
10111101000010011001010100000101
10111101001101001010111011000111
10111101010001011010010011011111
00111010000001011110111110011111
00111101000001111111001101011110
00111100111011111110000101010101
00111100111110010101100100000101
10111101100010011010010101010101
00111011100001011101111000110101
00111011100010101011100000100001
00111100001110110111101101011111
00111011100001011100101000010010
10111011111100100011110101111110
00111100110100011001111110110101
00111100010111000000010110010010
10111101100001100000100111100011
00111100000010100100001001001111
10111101011111101000100111000011
10111101000110011101001111000101
10111101010001001010111101010111
10111100110111001100001011110101
10111101010111000001001011001111
00111101000101111000110100110001
00111100010000111111001000111101
10111101001110011001110100100001
00111100010010100010000001111011
00111011011001010010111111110111
00111011000111110101100001100011
00111100001100010100010001001011
00111100101111101101010001001010
00111101001001110001101011101111
10111001100000000010101001100001
00111101001101101001110101000100
00111011100000001111101110100010
10111100110110000100100100101001
00111101001001011111111100011010
10111100000000011100110010110010
10111101100001010000111000111111
10111100101101101001010111101010
00111011101010001110101001001001
00111100110000100101001100111010
00111011111010011101010010000001
10111101100011110110010101110010
10111100110101000000011101000011
10111101001000000100111000000111
10111100011010100011011011000011
10111100111001110100111000100001
10111100111010111001101010110001
00111100110010111011010110101011
00111101010010101011001110101110
10111100010100110010101011010010
00111100110010011100000001101110
00111100100011100101100100000100
00111101000011111101000101111111
00111100010110101001100111000001
10111100100111001100010000111001
00111100001101100011100010110111
10111100000111000011111101000001
10111010001111101001011010000010
10111100011010011001100001100100
10111011110101001111100100010000
10111100010001001000110010011001
10111100100100001000101100000000
00111010000000101110000001111101
10111101000101100110100100101110
00111100011010110100011001011111
00111100101000111110101110011111
10111100101001000110010110101111
00111101100000100010101001001100
00111101000101011110000100110101
00111011111101110001010001001000
00111010101011110011110111101011
00111010101001011100100110011110
00111100100110010111001001000110
00111100011001110001001000001011
10111011100001010000111101101000
00111011100001000001110010001001
00111101010000000101111010110011
00111011101101101000001010001100
00111010000110101100010100001001
10111100101010000001000001111111
00111011111100010001111100010110
10111100100011011110001011101110
00111100110000100000011110011000
00111100101110100011001101001010
10111100110011111010101010101111
10111100010001010001000010110011
00111100100100000000010000101101
00111011100010110110110101111111
10111100110100011101010011110011
00111101000010100101111011001111
00111100010000110001100010010011
00111101001011010111110111010010
10111100101100000000010000100111
10111100001100010110001110100101
10111100101011111111101011010100
00111101011001111010000101111111
10111101000110001010001101010110
10111101000011000100010011001010
00111100000001001010011111100011
10111100111111001111110110011101
10111101000100001000101111100001
00111101010001111010011001000001
00111100101110111101101100001110
10111100010011101100001111010010
00111100100000000101010101010011
00111100001001010100000001001110
00111100100001010001010111000011
10111100110100001001101001100010
00111100010100011111100101011011
00111010000001011000011011010110
10111011000111000001111110010011
00111101010100010001101000000001
10111101001100111100100101001110
00111101000101010001010000100101
10111010110001110011010111111110
00111100111000100111101010101001
10111100011011001011100001001100
10111101100011110011010111101011
00111100110010100010000010001100
00111011110110110110111010000100
00111011111110000110110101001010
10111101001111101001001010101101
10111100111111010001011110010010
10111100111010101001000010001011
10111011111110101011000100110011
00111011000100101000111010101100
00111011100101100111101101111101
10111100011000111110100101110010
10111101010101011110101111111111
10111101010001001100001011100010
10111101001101101100111110001000
10111100111100110101000111000011
10111101000101001011011010110001
10111101011011100000010001110010
10111010001100110000111010101001
10111101000111010000111110110001
10111010110011000100100110011110
00111101000001011111010011011000
00111100011000111111010110101110
10111100011111000010100010001100
10111010001010001101001111110110
00111011101011011110111111100011
10111101001010111111000101110111
10111101000000111010100011000111
00111011101010101000100010111000
10111100100101110101111001110010
10111100000110100100111011001011
10111101001010010001010101111010
10111101001011110001000100010101
00111011101010111111111101010010
00111100111001110000110011100101
00111011110110110000110010001101
10111011101011001001111110111110
00111011010110101110100001000110
00111100001101101101100100110110
00111100010101011101101101100100
10111101011111110010110010100100
00111101010111010001100010110111
00111100111100101010000111001111
10111100101001000110001010011111
00111100011111111001000111001010
10111010110010101011010110110000
10111100001000000011011000101111
10111100011110000101100011011110
10111011000001000000000101100100
00111100010110001011001010111101
00111010010001101110010000111110
00111101011110010110111011101111
00111011110001010001110000001101
00111100000111010000101100110110
10111100010111001011010001001111
00111011001111100010101010000011
10111011001111010010000000100010
00111100011010110110111100100110
00111101011101001010111011011101
10111011111101000110111100111111
10111100010111000110010101011001
00111101010111001111111111110010
00111011010001010011001011101110
00111011101011011011010001001110
00111100011111011000000111110000
10111100110001101011000111111100
00111101001010100101111101000111
10111101000111100101101000001000
00111010110001111000100010001100
00111100011011111110100001001001
00111101010001111000011100001011
00111100101011111000100001000100
00111011000001101110111001111001
00111100100010100110100101000111
00111101001111101010101001101100
10111101011100001011000111000100
10111011000111001001000101000010
10111100001001110010111111011001
10111100110010011101011001011101
10111100010110110110010100000111
00111010110110101000011111101011
00111100010001100100000101101101
10111011011000011000111101000111
00111100101011011010001000110001
00111100110001011101101011011011
10111101100101000100010010001010
00111100001101010100011010001111
00111100111101110010100100110111
10111100110110010100011011111111
00111101001010001000100100100011
10111011010111010001100100101001
10111101001110001101101111011000
10111011100011100011100110010000
10111100000101111110101001110110
10111100100010000011001100001111
10111101011001011111010000101010
00111101000110010110010010000010
10111101000011011101111010111100
10111011010101001100000101101000
10111101001001101000010101011000
10111100111000100110110000110111
10111101010100101111000001001101
10111101011000001101111100111011
10111101000101111100110001101111
10111101000000100110011101010101
00111101000001000110100000110101
10111100110111011111100001011001
00111100011100000110010111001010
00111100101111001100011001001111
00111100011000000111011111101010
10111100000000111010101111010000
00111011011100000110101001010011
10111101000110101101110111001101
00111100101100011011011000001101
10111101001110111011110001100011
10111101001011010010001000101110
10111100100101101100001001101111
10111010100010111100000000111100
10111101000011111101001010101110
00111101000011111001110000011000
00111100100000011001100100010000
10111100101111011110100010100001
00111100111011111101001110001001
10111100111110000111000011010000
00111101100000101100110010001011
10111100010110100101100000110010
00111100110111010010100111001000
10111101001000011010000111000001
10111100011001010001100100111110
10111100110001010100011111000110
10111100110001110101100001011001
00111100111011000100011001011111
00111010100000110110110001001011
10111101001001001100110100011001
10111100001000110110101101011100
10111100101001100001111001101110
10111100111100110011111011101000
00111100101101011100001111010010
00111100010101011011110011011010
10111101010011010111110101000001
00111100001101110001001111011101
10111101011110010010000010010001
10111011011101101111000011100011
10111100110011001000010011110111
10111101001101110000000100000111
10111100110000111111100111000110
00111100000100100100110101101101
10111101001010101111100000000101
00111100100011110101111011111010
00111100101101110101101011110111
10111100111100000101110010001000
00111000001110101100000010110100
10111011110111000100010001100111
00111101000001100110011111000100
00111101010100110011100000101011
10111100010110000101100011001111
10111101000011101001001001010000
10111100111100011010101111100100
00111011101000000101000101000001
00111100101011110011101011010011
10111100100101100010011010000010
10111100000110100110010110000111
10111011111001011101011010001110
00111100110001001011110010000111
10111101010011000000010010101000
00111101000011010001001001101100
00111100000001011000010000000111
10111100110000000011101010010000
10111101011010010001100101111101
10111010000101100101000100000010
10111101100000010110100101000011
00111100001010001110001100111111
10111100101111001100000100110011
10111010011110111011110011100101
00111100100010110001011110001101
10111101001001101100011010010001
00111011101001001100110110001111
00111101000000111110010011010010
10111011000001110011001000101110
10111011111101000100100110011011
00111101001011100101011010111101
10111100000011000000100111111110
10111100001111110110100111110111
10111101011111001111100010111011
00111100111001011110000010010011
10111100010100111010110001101101
10111101001101101111100001000111
00111100111010111000010101011010
00111100000011110010110110110011
10111011001110000110110110010100
10111100011111010110000000111110
00111100011011101101001001000010
10111101000110011010001111001101
00111100100001000011011100100101
00111100000100001001111001100011
00111011101111011000110110111100
10111100101011101001000000110011
00111100001000011000110110110100
10111101100001101001101110111111
00111101000110000110110011111011
10111100011110100010010010100111
10111100010110110010011110000010
00111011101100110010101001001001
10111011100100101100000000101001
10111100110010011010110101000110
10111100100010100110001010110110
00111101001000110000000010110110
00111100010100001101010000110000
00111100110001110000100100110010
10111011111011100010011100101101
10111101000011000000010111001100
00111101000111100010111111101010
10111100101111000001001110011100
10111101100100001101001110100011
00111100101001110101001011110110
10111011100011100111101110110010
00111101001000000001101111000111
00111011100000000111101000100100
10111101001010111001101101110001
00111100101101110101010111100110
00111100001001000001001010100001
00111101000111101000010010110111
00111100010100101011101100111000
10111100110001101000101111110010
10111011101101011111111100110100
10111100110011110111100001011010
10111101011001110110001010101100
00111011110000111001000100110010
00111010000011100111001101010101
00111101001010111011010011001000
10111100101111110010011011111101
00111100100110000010010001010101
10111100110101100010110010000111
10111101000011110010110111000001
10111101001111101001101010110010
10111101100100111001000111110001
10111100001001101001011101100100
10111101100101101001100100101101
10111100100011000111101001111001
10111100001000011100111010111010
00111101001111111001001100001001
00111101010111010000100001011001
10111100111101000001110101010011
10111101001100110010110000100111
00111101001101001100001110011110
10111100011101110001111101100001
10111101000010000001110010111001
10111100100011111011110010001001
10111101001000001110010001011111
10111011111111110000101110000100
10111101010010010011100110110111
00111100001111111110011110011101
00111101000000001100000011010010
10111011101001001001101011001001
10111101001011000011001101000001
00111101000110110101010101110110
10111100101100000011010000110111
10111010101011111010101111101011
10111101011100001100100111010010
10111101001010011100011100000110
10111100101111010001011000110110
00111100001101111001011010010001
10111100110111001111110011011000
10111100010101001101000111111110
10111100001100011011100110010001
00111100000110101101010010100101
10111011100011110111010010111100
00111010000100001111101110101011
10111101010100111101111100111101
10111101000110111001001010101001
00111100101011111001000110111100
00111100011110100111100100010000
00111100010000010111001011010010
00111100100100010110111111110011
10111101010011110110010101011100
10111010010110001111100000000011
10111100011110100100100001001000
00111011110000010111100001000101
00111100101001100000011000010000
10111011010100000101011011100000
00111100111001001110111101111110
10111010011100010000011101100001
00111101000100011110001100010110
10111100011101100010011010110000
00111100100010111111101101101000
10111100100101111111000111110011
00111100100011001100000011111001
00111010010000111001010100100001
10111010100100101001001101101111
10111101011100110001101111110100
00111100110101110111000010110011
10111101000101000010111101111011
10111101000010000101011000010100
10111100010001110010010011110011
10111100000100001100101110111100
10111010011100000101000100011000
10111101011000001110100101010010
10111100000011110011001000011111
10111101001101001001101001000001
00111101000010010011001111111010
10111010011101110100110110010000
00111100001101101011100010010010
00111100111001110111101010110101
10111011111000000000011010001110
00111100001111010010110101111101
10111100100111001011000111111000
00111100101101011010011110000010
10111101010001000000110111001110
10111101001111000111111101101000
10111100110010101010110101101000
10111011101000000001001111111111
10111010000111011100011100001001
10111100110001100010110111111010
00111100011100000010011001111010
00111011010001100001110111010110
10111100100101001100111001110110
00111100011001010100100110000010
00111100110101011000110010101100
10111100010110100010110100110111
10111100001100111010100111001010
00111100011011101101000110011000
00111100011010000101110110000110
00111100001110100011111001100000
00111101001000010000111001101110
00111101000101000010000100111100
10111001111111111100010011011100
10111010001000011111011111001101
00111100110100101011001001110110
00111100101000011011000100010100
10111101010111110100000011011101
10111101100000111110100010010100
00111100000100000100010110011110
10111011110000110111111011101010
00111101001001100100110111010110
00111100011100110101111110100101
10111100101010000111111101011001
10111101001110100110111110111111
00111011111010011011110011010001
00111100100011110111110000101000
10111100110110110111001101100100
10111101001111111101011110110010
10111100111010011110001111000011
10111101011100110110100010010100
00111101001011100110101010101101
00111100011011101101011011000110
10111011001010110111110110101011
00111101000111011101001011111001
00111100101101100011101100010110
00111100001101001010011110111101
10111101010110111011100001101011
10111101000001001001110000101011
10111011110100110101010011101011
10111100101000101001110011010111
10111101100001110011011011001110
10111101001011101001011111000001
10111100010101110110111101110000
10111100100001010010111001101010
10111100110011011010110111010110
10111100101110000011100000011101
00111100001011101101000110010110
10111011000011101001000010111100
10111101010111011110111010001101
10111100101111001011101101000101
00111101001010011100011011110000
10111011001001110000001100111100
00111101000001100011011110011000
10111011000001010101000111010000
00111101001110111011101100001100
10111011101101010100001111011101
00111100000110101111011101100100
00111100101011101011001000010110
10111100100011000010101010110110
10111101001010110111110100100011
10111100101001100111010001101001
10111101000101111101110110001000
00111100100011001110110001101010
10111100100001000100001100000101
10111101001100000000010000000100
00111101000111000011110000011010
10111100110011011111010111011000
00111101011110000101110000110000
00111100011100001010000101001000
00111011100101110100100111001011
10111101010000110110101000100100
00111101000111000100000100100001
10111100101001101001011011011101
00111011001010110110111010011001
10111101100000110111111001000101
10111100001111001100011010111011
00111010110010000101010101111011
00111100010111000110101110001010
00111100010000111001110000101100
10111101000101101110110110110001
10111100000111000001101111011111
10111101001100011011001010011011
10111101100001111000010101001110
10111011110100111010100000100001
00111010001000011100101000101001
00111101010000101100101000101011
10111101001010000110101100110110
10111101010011001100100111101111
00111011110100011101111000101110
00111100101101111001001010010010
10111100011100100001111011111110
10111101011011100100111001111010
10111100101001100010011110010000
10111101100001101100101101001011
10111101010011001000111010010010
00111101001100011100101101001001
00111011100000110101101010000100
00111100101000010110100010101110
10111100101111100011101011000010
00111100111101011110110010011101
10111100110000000110011011000100
10111101010000101111101100011101
10111011001101010010010101101111
00111101000011011000011011111101
10111101010100011001010111000000
10111101001011110000100100001011
00111101100000100011100000011010
10111100001011010111110110100101
00111100110000110011101101010010
10111101011110100100010111011000
00111100101101111000110100100000
10111101000100010000111101110111
10111101000110000010011111100101
10111011010010101000000111110001
00111100101010111011101010000101
10111100010111111110011001101000
10111100000010011100010101011000
10111100000111111111110100010110
10111011111000000011111100100111
10111101100100101110001010010000
00111101000001111001101000000010
10111011010011001000011001011111
10111101011011011001010000011010
10111100110001010000101111010010
10111100010010010000011001111010
10111101001110100001000100001001
00111100010111111001000101011110
10111100110000100000110011000110
10111100010101100000111100110011
10111100111011100111000100110101
10111101010000001001011100111110
00111101010010011000100001100010
10111101011101110010001011011000
10111011110000100100101110111111
10111011111101111110100110111010
10111100000010000001100011110111
10111100000100110111110110010000
10111101001001111011001011010011
10111101000100001001100111001010
00111101001111101100101111010011
10111100101100001001111010110101
00111011001100000010001010101001
00111011100100001001100011000010
00111011110100100101010001000010
10111011001100101010011001111000
00111101000110101000101110010010
10111101000111111011101000111011
10111100101111010100000110110010
10111100011001101010111110010101
10111101100010000101110100111101
00111011000001110110010100011110
00111100000110111101011100011100
10111100001101011110110111010010
10111100001010011001111000101111
00111101000110000100011110011010
00111101001000110000010011101110
00111001101101100110100110110111
00111100000000111001110000011000
10111101000010011101100111000010
00111011101000011111011100011111
10111011011011100000000101110110
10111100100101010010000001101110
00111010110111100101111001011011
10111100010000110000011111010110
00111011011101001001101100000010
10111101011101001000101101010101
10111100110100111000101011110000
10111011110011001101000000010010
10111100101111111000011111111111
10111100100001001010100111001111
10111011111100110111111000101101
00111101010001110011110110011011
00111101001110000011000100010000
10111011011010011111011110110010
00111100101100000110001001100011
00111100100110000111101010110010
10111101100011011110111010010000
10111101000101100110001110000001
00111100111010111111110010100001
10111100101010010101011101111110
10111100101010001111000000010110
10111101100011000100101011001011
10111101001100000110010001100001
10111101000110010101010011101111
10111101011100011100100011010001
10111011010110110010010010010101
10111101000011100110101101110001
00111011110101110001100010101111
10111011010110101000110001000101
10111101100011011110010111001001
10111101000111001011000111010111
00111011111111111011010101000011
10111100100101010101010001110111
10111101001101000010000110110111
00111100010111100010100001110101
10111101011001001011000111001001
00111101010011001001001011111111
00111101100101001011011100101011
00111100011100010000110000100101
10111100111111101110011000100010
10111010100101001101001000100011
00111101001101100111110001110000
00111100100100111011010000110111
10111011010101110110111100011010
10111010101011100001110011000001
10111101000100111010110101011000
10111100100101010011011101101100
10111100101001100111101111100110
10111101010011010110101001001011
00111100110000111000100010001110
10111100100110110111110111011100
10111101011001000101011111000000
10111101010101111010101100111000
00111101000011111000100011010111
00111101011011110001110111000011
00111100001011001010010011000111
10111100011001101110110101100011
00111100111000111110110101001011
10111100111011010011101111111111
10111100110000010011010100010001
10111101011100101011111100101010
00111100011110111011010110000000
10111100100000011100000110111000
10111100010101101100101000011000
00111100001111111111110100000111
00111011101110100010011110100111
00111100000001000101100000100110
10111100100000010001111100010110
10111100011111011000111110110000
10111101001110001100011101010110
10111101001100111100110010001110
10111101000010101111100101010010
10111011111101110001010010011001
10111101001001010101100110100110
10111100001001001010000000001100
10111100101111100100001000110011
10111100111101101000011111110110
10111100010011000111110001001000
00111100010100100110110101011101
10111100001100011110101011011110
00111100111001101100100110110101
00111100100001100111000101111010
00111100000110110010110000110111
00111100010110001010110111000001
00111100110011000001101111111111
10111101010101011000100110101011
00111100101000000010000100011110
00111100111101010101110001111110
10111100011011101101101101001010
10111010100010010000010111001001
10111101001011000000011101100100
10111100110001011111011100110000
10111100110011110110101001000100
10111100111001110101011011010011
00111101001010000001011111101111
10111100000110001101011011011100
10111100111111001010110001001111
10111101000111111111111010001111
10111101010110010101110010100100
10111100110000101000011011100011
00111101011011110100011000101011
10111011111001011001000100001000
00111010110101011100101110010011
10111100001110001110011001101110
10111101100011101101011110001110
00111100101010001011101010011001
10111100101001010001001101001100
10111100000101000100100111100010
10111101010010111010000001011001
00111100001000010001010111101101
10111101000000000100010001111101
10111100100111101000000001000011
00111100001011100101010101100010
00111100011101000000001111001011
10111011110101110100111101101011
10111100101110001110011011001010
00111101001110101111101100010001
00111011110011000001110101001011
00111011111010110011101111011011
10111100000011001101101101101011
10111100110110110110010101111110
00111011010000010011110000010111
10111101001110111101101101100011
10111101001000111001110011110001
00111100010110110110011000011011
00111100100010000010111100111100
00111101000010100100011011001010
10111100100001100101001111101000
00111101000001001110100100011011
10111101010010001100010111011111
10111100101001000111010010001000
00111011001110111011110101000100
00111101000110010011100111011111
00111101000011110001101101110101
10111101011110110111100110011010
10111100100010001100101111011101
10111100111101110111011011011010
10111100100110110000011001001101
10111101100000010101101000101000
10111100000100001100100010001100
00111101010100111000110100000111
00111011111011000010010000000111
00111100011101001111010110100000
10111101001001101000010111001000
10111101000100111101100001010001
10111100101100010111110000110011
10111100101011011110100001110101
00111100000010001111111101100100
00111101001000111001000000110010
00111100001010100001011011110101
10111100000000011001010010000011
10111100110001010101101101100010
00111100111000010101111101000011
10111011011010011011001100111111
00111100110111011010000010010000
00111101000011111001111000110000
00111100110100011100111101000010
00111101000001100011011011100101
00111101100010000000010000101101
10111101011111101001100110010101
00111101011000101000001100110100
00111101000110010001101110000110
10111011111111010101000110001100
00111100010111000111001010101100
00111101000110001001000100101100
00111101001000000110111110101110
00111101000001010011011100111111
00111100010100110001100010011111
00111011110010011111100010100010
10111101000010001011000010110000
00111101011100101001100100111000
10111100100010101110110111110000
10111101001010101011000010000001
00111100001010110100011111111000
00111100010101100000001001110010
10111101011010100011110010111110
00111100110001111110100100010101
10111100011001000011110101100011
10111100111010000001101101110010
10111101010010001110011001000001
10111100100010110110001111110000
10111100010111000101011100100110
00111101011100011100111010001000
00111100001110011110011110110000
10111100110110111101101010010111
00111101011001010111101111110001
00111100101000010100100010000010
10111100100011111000111110110010
00111101001100000001001110100000
10111011011110101110010001101100
10111101001001101101011011110110
00111100101100010100111111010110
10111100000011101110110101010111
10111100111001111000101101001101
10111100110010101011111101101011
00111101011011010001011101101011
00111100010110001000111011111010
00111100101011001101101001000111
00111100011101001100111010110100
10111011110101001001110000111011
10111100000000111111000001010001
10111100100000110110011111001111
00111010000100001101010000101100
00111101010010111010010010111011
10111011110001000001101011111100
10111100101010010011001011110110
00111101000001001110001011110000
00111101000101011011110100001000
00111100101110110000000011101100
00111101000110001111100010110011
10111101001100011110001100000101
00111100101001101011100010101110
00111100110011010111000000111001
10111101000100111010111110001110
10111100011001100010111101000110
00111101000000000011110000011101
10111100110100001001011000101100
00111100111010010111000100011100
10111011011010101101111101111111
10111100001011100010101000011001
10111101000000000011000110100011
10111011101100010010100110100111
00111101000110010101100101011001
10111100011100100000100010100011
00111100000001010010110001110110
00111101011010010001001011011011
00111101000111001101110100011100
10111011101010011000110111101010
10111101001110110011011010101001
00111101000110111111100010111011
10111100101010011010010100111110
10111011011010110100010000000001
10111100110000010001100101000010
10111010000011111001010100010000
00111011110101101000000010111010
00111011011100101111110101001111
10111101010111100101010001110010
10111101001110101100001001010110
10111101010011011110001111110100
10111100010100110010111001001101
00111100100010010011010111011100
10111011111000111100000011101110
00111100100011001010100001110000
10111100011000101001011010101110
10111100010001011111101000100000
00111101011010010111111000010000
00111100010000111001100101010110
10111101000001110101111110000011
00111001001010111011110100011011
00111101010101010101111011100100
10111101001010011000101010001110
10111101000100100011000010011011
10111101010101011010100010011010
00111100101100110000110001000110
10111100100010000110100100001100
10111101001110110000101101111010
00111100101010010000001110000101
00111100110101111110110001111011
10111101010111111100010100100100
10111101100001101010001100010011
10111101011010000010101100111010
00111100100001000000011101101001
10111100100100100100101101100010
00111100010001110000001000111010
10111100011001010111100111010100
10111100000100001000001011000110
10111011111111010111011100001111
00111011110000100100001000101011
00111101010000011100110101000010
00111101010011100011010010010111
10111100000000011001000100100101
00111101010001010111011010100010
10111011000111110010000010011100
00111100110010110100011110100111
00111100100010001011000001101111
10111100100101100111100111101001
10111101001001001000101101000001
10111100101110111011100010111101
10111100000011110011000001101001
00111100100010010000000100001000
10111101010000010111111000010101
10111100011111100101001100010111
10111101100100100000001010010101
10111101001001011111001111010110
10111101000000101011000111111000
10111100110011011000110001110011
00111100111010010001010101001111
00111011111000000011000000101000
10111100110010101100100110111000
10111100110011010000101000110110
10111011100011100110010000111000
00111100111101000000010001000101
10111101010111101010111110000010
00111101011000111111001101110101
10111100100011000110111100010101
00111100011011000101000000101110
10111100000101110101010000001111
00111101001011110011100110000011
10111100110001010001010100000110
00111100001001100010111101100000
00111100100000010110110000000111
00111010111110100001110100010001
10111101000001000011100000111001
10111100111001111001011110101101
10111100101010111011010011101011
00111100010001011101001111101111
10111100011110111011000100110001
00111100001000100010010001010101
00111100101101100100001001001011
00111101000100000110101001010110
00111100101100110010011010000111
10111100010100111011010000010001
10111100101010010011111000011011
10111101000010001111110000111110
10111100010011010100101100111110
10111100101101100110011010110100
00111100000011000000011101000101
00111011101010010100100111101111
00111100001010001101001011100011
10111101000000011001100101111011
00111101010011000010100011010001
00111101000100001111110110001001
00111100110010001101111001010000
10111101001101000110101110010100
10111011100010110001111101001010
00111011101010011001110101100011
10111101000011011010000100111011
00111011010101110100010111100111
10111011001100011110001110000111
10111101000011111111011111011000
10111100111100110100101001101000
00111100010010110011011001001001
00111011100100101011001001010011
10111101011100010100110010010111
10111011100000100000001000111000
00111100110010000110101011011111
10111100011000010101010111111001
10111101000000001000100011111001
10111011100100101010010011001001
10111101000010000011001000111111
10111101001101110000001011101011
00111100111000011100100101101010
10111100110001010011001111010011
00111101001111111011100001001011
00111011101011010001111101001110
10111100011011110011010111000000
10111011101000000101100001111011
00111011101010110110100110100011
10111011001111010010000111101110
10111101010000110111111000100000
10111100100001011101010000110100
10111100100001010000100110110010
10111100010111010010111011111011
10111011101011111111001001100100
00111101001111100011000000100001
10111100100001110001110010001100
10111011101011110100010010110101
10111011100011001000011101111110
10111101000011011000110111110011
10111100111111110100001101101100
00111101000001101001110011100101
10111100100010111011111110111111
10111001001100001110110011110010
00111100100011100111010011001001
00111011010001100001110111111110
00111101000000100001011100110111
00111100100010011101001101001000
10111001010100011011011000110001
10111101011000101010100111110010
00111100010110011101110101001000
10111011111001000001111100100100
00111011101001010001000001111000
10111100100101100100000100100110
00111011110110000100100001001110
00111100110100010111010000011110
10111100101001101101010001110010
00111100010011101000100010100100
00111101000001110101111111000011
00111101010011100110101110110010
00111101000000011011111111001010
10111100000000011010001010101000
10111100000100110111111100111010
00111100111000110011001000001101
00111101000001010111110100110101
10111100001011100110010111001010
00111101011001010000011011010001
00111100110110010111000010110100
00111100011110011011110011010010
00111100100000000100001000101001
10111101010101010110001010111111
10111011010110011010110101111001
00111011101010010001011001011111
10111101100011100110111100010100
00111101011000110011010101001010
00111101001011001100010111000000
10111100000110011001111100110110
00111100000011011011010010010101
10111100011111110111110110010001
10111100101101011101001111111110
10111100110111100001100110100010
00111010000011011100110011100101
10111100011010000110000000101000
00111101010011010100110000011100
00111011101011101100000011010000
10111100101011100101011011101011
10111011000101001010000001110100
10111100111000110100001000100011
00111010101111101110011100001010
00111011001100100011110111100010
00111011110101100000011110101000
10111100110110101010010110010000
00111100001100110111011011101110
00111100011011100110000101110011
00111011011110110010101001011110
00111100001101001101101011110101
10111101001101000010000111111000
10111101010100010011101101011011
10111101010010000111010000011011
10111100001100000101101000100100
00111100101000110011010101101100
10111100110111110110110011111011
00111011101011110111110000001101
00111101000101000000000111011110
00111010100101000111101110100110
10111100101001111010010001010000
10111101010111000011000010010101
00111101010010111001101010110101
10111101011101111111011001011111
00111100110010101010001000101100
00111010111011101010000101010010
10111100111101011000001010110011
00111100011010101100110011000110
10111101010000111011100000010100
10111011011100000010000011111011
00111101011110100110111000110100
00111000100111000100000101001100
00111011110110101011010101100110
00111010111001110111000100010001
00111100000110000010110010011110
10111100101001101010000110101101
10111100010100101100010101100010
00111101011110100010010110110000
00111100100100101110101110111100
10111011011010111110110010000101
00111011111111100101000111011010
00111100101010111000111001011001
00111100010011101000000000100101
10111101000000101100110010110111
10111101001110110011011100100110
00111101000111010001001011101111
10111101001011110111100100101101
00111010101100111101001111110001
00111100110010100111000000111010
00111101001010110111111100010000
10111101001111001100111110011000
10111100100000010110001100100001
00111100110100001110101010111000
00111100010111110001110100110000
00111100111000100100101010001111
10111101010100110101101101010101
10111011101110101001011011010101
00111100000100110111011011110101
10111101000100010001011100011100
10111101011010101111100111000000
00111100110111000111010110010111
10111100101000100110111111100101
10111100100011100100111110001101
00111101001110101110010000010001
10111101000101100111001010010000
10111101000000000001010001110011
10111100000100011011010111110010
10111100011111011110010010101001
00111011000000110010010111011101
10111101000000111000001010111011
10111100011010010011100010100100
10111011011101010000100011001100
10111100111110101100111111010000
10111101000111011101001110101010
10111011111110001011000011110000
00111100010001001111011001101000
00111010101010100000000010101001
10111101100011111100010010100100
10111101011000001011001010010100
10111101011110100000010000001101
00111100000110111001000010000001
10111011001010001110101111000011
00111100011110101010001010010000
00111101001100010100110001000001
10111101001010001011001111100111
10111100111111100111010110111101
00111011110101110010001101110110
00111101011110100100110101001110
10111011101101000011001110000011
10111101000001011001001110000101
00111100101011011000111011110100
10111101000000001010100010101000
10111100011111110011011011110110
00111101000111101010101011101111
10111101001011110110100110110001
00111101001000000110000100001111
00111100110101111010101011000001
00111100011101101001011100000011
10111100111100000010101000111101
00111101010111011010010101011000
00111100010011011011101010000001
10111101010111111001101001111000
00111100001010101011001100001001
00111101001011100011111111011001
00111101010101010000100100010010
10111100110000111111011101000110
00111011101000011110011100110100
10111100100010110110011010101001
10111100110001101100011100101010
00111100111011110001101111111100
10111101100000011111111011010110
00111100110110100010011101111001
10111100000101111011001001111011
00111100101001111100010100001001
10111101100100010000111100011111
10111100000101101010001001111010
10111010100001010001101101010000
10111100111111011001001011101010
00111100011100111110110000101100
10111100100011101010011000100110
00111011110000110110000101011111
10111101011010000001011000110111
00111010111110110111100111000011
00111100011111100111111101011010
00111100011010101100011100101110
00111100010101010110000101100011
10111100111010110100010101001110
10111100111010010110000100011000
10111101000100000111000001111110
10111100111111100100111100101101
00111101000000010001111011111100
00111100010000101101011100110100
00111101000000100101110101000001
00111100100111011110101001110000
10111101001111011100101000011010
10111101001111110011011110110001
10111100111100101101000000010110
10111100110001001110101011011010
10111100000010100111111110101001
00111011000101000000110111110011
10111100010110000110110111100001
10111011011010011011000000000100
10111100111110001010110100000011
00111100111000000010000100010100
10111101000110110011011011010011
10111100101010000100111000011010
10111101000011110110000111101111
10111100101101000001111011110101
10111100010001101100000011111011
10111100110011001010111100010010
00111101010011101110100111001111
00111101010000101110010010100010
10111011001000001001100001001110
10111001100110010100101010101010
00111100101110110010100101001110
00111101001000101110110000001011
00111100101000100111111111011110
10111101000100011111001000011011
10111010110100010110100000010111
10111100110011001101001100010101
10111100100010110001011010111001
00111100110000100110100111101001
10111101010001000111000111000010
10111101011101110000111101101110
10111101000010000001000110101101
00111100110001110000010011001001
10111100101111000101100010001110
10111100110101110001010101111110
00111101010101011001100101101000
10111100000110110010001101010000
00111100100100100011010111111001
10111101100000001100000000111000
10111100101111011001101010100001
10111101010101000101001011000000
10111101000111110100011011001100
10111101011010111011001110000001
10111011111101111010000001111101
00111100111000011110100111111101
10111100000101000100000000010011
10111100001110001000101100011101
10111101001011011100110110101001
00111100011010100100011001000100
10111101011010100001101110011101
10111100100110000010001000110011
10111011101001010000101000100010
10111100100110011100110110110000
10111101011010001111100000011100
10111100101001000010011110001110
10111011011100101011100110001000
00111101000110001000110010100100
10111100100100110110101100110011
10111101001100001000110110100011
10111100101000110110000011100000
00111100111111010011100001000001
10111100000100110000101100100101
10111101011011101000111010011001
00111101000000011100101000111101
00111100110110001110010010111011
10111100111010011010111100101011
00111100001001100101110111000101
00111101001111000100100010000100
10111100010010100110100101010111
10111101000001101110101110001101
00111101000111010011011001100001
10111100111101000001000000011011
10111101001010011101011000011111
00111100100101010000000011100100
00111100101100101000000111111111
10111011011000100110000001100001
10111100000110101001110011001001
00111101000111010100111100001100
10111101011100100001010011010001
10111101000101110000101011101101
00111101010110010001010110101001
10111101000001000100011101001111
00111101011010001000101011011010
10111101001110010000110001001001
10111101000111101010010010010010
10111101010101001011000101000010
00111100110010111010111011110010
10111100000100111010110100001100
10111100011001100011001000111001
00111100110011101101111101100011
10111100101111111110001010110100
00111100010000111101101110001100
00111100011011100011000100001001
10111100100101011001110111111001
10111011011100100110001000011010
00111100000001001001110101100101
10111100010100010100010001001010
10111100100011010010011101110011
10111101000011011011100101110000
10111101010000000011101110010101
00111100101101111110010111100001
00111101010110111101101100111011
00111010010001100000110101011000
00111100111011100000111110111111
10111100111101101110100001001100
00111100110110010010010100110111
00111011110001001001011101111001
00111101010010110110100000000011
00111101000100110001111101100010
00111100101101111110011000000011
10111101010000110110000101010000
00111101000100000011011010111011
10111100110110000111100101110011
10111011011001111010110111011111
10111101001001110101001101111011
00111100100111011110111100001001
00111100000111101000110010101000
00111100011001001101110010111011
10111011100001100000111000100000
00111011101110110010101101110011
10111101010001001001111101010111
10111100010101001100010010100000
00111100100011110001101011011111
10111100101000101000011011010000
10111101100011011001110111100110
10111100010010111001101100000111
10111101001010001100111010111101
10111101000001111100111011001111
10111100010110011001111100011110
10111101001110000111011000010011
00111100000001011101111110011000
00111101001000001001011011101110
10111100111011100010101000101100
10111100010010011011010011010110
00111100100011111111110001111010
10111101100000110001111010001010
10111100101101001001101011100101
10111011101101011101011011001001
10111101000101000111001010011011
00111100100110000110101110011010
10111101001101100100000011010100
10111100100010101110000100111101
00111100001100010011110001110101
10111101011010100111011000000010
10111101100000010101011001101010
00111101010110000100100010001001
10111001101000101100111010010001
00111101000000001000100010001110
10111101001000010000011000100101
10111011101000100111100010010001
00111010010000100011000010110001
00111100110101000000111101101101
10111011110001000101101000010001
10111100011000100111110010110110
10111100100011011111010001011110
00111100000111111011000110110011
10111100011011110011101110110110
10111100000000101011111000001000
10111100000101110101000010111000
00111100100111011110111001001010
00111100101001010000001001110000
00111101000001110001110100010010
10111100110010111011010010100011
00111100000110000100000111011110
00111101010011010110000101000011
00111101010011101011011111110000
10111100011110001101100001111001
00111101001101001100111110111011
10111100011000010111100011011000
00111100100011010011011101111010
10111011010001110001100111100010
00111100111110111100000010010011
10111101001001101010001101010111
10111100101011000101100100110110
10111100100000101100011100000100
10111101010010011101011111010000
10111101101001000010100010100011
00111101010000110111011100110000
10111101000000001101011000001110
10111100111011011111100000011010
00111101011111001110101101001110
10111101011110100100000110010011
10111100101010010110111100101100
10111100111010001101011000000101
00111100011111001100100010011001
10111011000010110001101100000101
00111101001101101001010100000011
00111100111100100100010000011100
00111100111001111100110110010110
00111100111000010001111011101101
10111100000100111101100110111011
10111100110111010110111001100011
10111100100001000000000100101101
10111100111100100110000111000100
10111100110110011011011110111010
00111101001011111001101011010011
00111100100100101101010111001101
10111100010110000110111111101010
10111100100010000110111001000000
00111100001000101111000000100011
00111010011100100111001001001110
10111100101100100110010110000100
00111100100100011011110011110000
10111101000111000100100110000110
10111101101001010101011010101010
00111011010111000101000100111000
00111100101010100000111010000000
10111101001100001001100111000010
10111100000001001000011110100010
00111100110100011011000110010110
00111100001110011101000011010001
00111100111110000100111000011110
10111011100001011101111110100000
00111101000111110100011100101001
10111101001000100000011100111001
10111101001011001010110000000111
00111100101100001001101100010101
10111010110101000101110000101011
10111100010001100001100111001111
10111101010010111001101110111011
10111101000001101111000101010010
10111100101001000100001000101100
10111011110001101111011001101100
10111100001000100111111001001100
10111101010111100001110100111111
10111100110100100111111000001001
10111101000010101111100111101101
00111101011010010010011111101110
00111011100011111000100111001101
10111010001101111101001101110000
10111100011011000111000101111001
10111011001100010110010110101101
10111100000010011111010111010010
10111011101110001110001111011110
10111100101101111011001101100110
10111100110001011110101010100001
10111100001110100010000010011110
10111100101111010000100111100100
10111100001101001010010011011001
00111100100100100010000010101010
10111011101011001010110000000101
10111100111101111000010111011101
10111101010011000111110010100000
10111100110101101000011111101011
10111100001110110100000110011001
10111101010010101011100010001101
00111100100000011100100111000000
00111100110011110111010100011010
10111101100001000110000010011010
00111100110100010111111111111010
00111101000111010111010001111100
00111100100000011111100010111001
00111101001110111111110011111101
10111101000010010011100111001100
10111101000000110011000001011101
00111100010011000100011011101100
10111101010100001110010000100010
00111100000101111100100000101001
10111100100000001111110100010010
00111100011011111000100110001011
00111100100010101110101101011101
00111101001111100101100011010011
10111100001011000111011110011010
10111101011010010100111110110010
10111100101111000111110111111000
10111010011101111111111001111110
00111101000111110111001011001010
10111011101100011110001001110110
10111100000001001010001100111000
00111100110111001011110100000111
00111100110101010110010101100101
10111000100101010111000001001110
00111101001100010000100000011111
00111101000100001110011100011001
10111011001000001111101000001110
10111100111011101101101100111100
10111101011001001000001111010001
10111100100010111010000110011000
10111100100111100011011111101001
10111010111011000110110100010011
10111011101011000000010100111100
10111100100110000001110100000100
00111100010010001110111111000000
00111100011001110110101001111010
10111101000111111111011010001011
10111100111001110011100111011000
10111100110110111110110100101101
10111101000000110000111001111000
10111101000010101100101110100000
00111101010011011010001000011101
00111100100111111001101000000011
00111100100001001101010001111010
00111010011000000110001010001010
10111100100011011100000110001000
00111100010010100011111010110100
00111100110100111100100011010011
00111010110111111111000110010111
10111011101010111111111110000000
00111011101100101101011000111100
00111101011011111101000001010100
10111100101100000110011100001011
00111011110101100011101110010001
00111011110101000001011111101000
10111100111100010100110101011011
10111101100001000111101011010100
10111101000110010100010101000010
00111100110100110110001011101010
10111101010001001101111100001101
10111100110100110111101111010100
10111100101101110010011011010111
10111001010110110001001011010111
10111100110110000111100010100001
00111100110111000011011101111001
10111100101010100100110001101101
00111100011100101101100111010111
10111100110111010101010100110001
00111100111001001011011011010110
00111100101011110111110110110110
10111100111001110111110001001001
10111101000000110110110001001100
10111100100010111101110100101001
10111100101111111111100001100100
10111011010010101000100100010110
00111100001001010001000110111100
00111100110111111011100000101110
00111011010110110001010111000010
10111101010010000110110111111011
10111101001010101110001000000011
10111011001001010010011110000110
10111101011000000001100100001011
00111011101101111111001011001101
00111101011110000001000000100000
10111011011101101010001110001000
00111101010110110100000110101001
00111100101110010010001101001001
00111100111101010010010111101100
00111100100000111010100110010110
00111100110000011111010111111100
10111100111100110110110001101101
00111011000101110001011010101011
00111101000010011110001100100110
10111100011010001101001101110001
00111100001101000010111100111011
00111100000101011011101110010110
10111101000101101011100100100001
10111101000001010010111010000111
10111101000000101011101100011001
10111100101100010111101000001101
00111101000100100010101111011100
10111010100011111111111011101111
00111100011010010111011100001011
00111101000100010101001000001001
00111100000111001110111110111011
00111100010100111101110010110101
10111101000000100110000011000101
10111011010101000000101010110001
10111100011101100010100010011101
00111011101011001101111000111100
10111100010010000010101110101001
10111100110010001011100100011111
10111101011010101001000001001111
00111010110001001110111111100101
00111010111111101110000101001000
00111011001111010111000110101111
00111100110110111000011110010100
10111100001011010110111010011010
10111100000110011101000101100101
10111001001010111000101101001111
10111100101011110111011101111010
10111011101101101100011010010000
10111100100100010100011111101011
10111100100000011011110010111010
00111100001000000101000100011001
10111101010100111000101100110011
00111100100100010111101010111111
10111101011110001000100011100101
00111101000011100000111001111111
10111100001100101100001001010110
10111100100111110000000111011100
10111100111111100010011100000010
10111100100111011000101000111100
00111011111101101100010001010001
10111100100111001101100111011011
10111100111001010001010110001100
00111100110001101100010001011000
10111100111111011000110101111111
00111101011000111001111111110101
10111011110000001000000010011100
10111011010001110100101101000010
00111100001101111010000001010011
10111100010100001110000111010111
00111101000000110010111000111001
00111011110101101000011000111111
10111100101111011100011011100000
00111100000011000011111011100100
00111100100100111110100100010001
00111100000101010110101000001011
00111101001011110010100000111001
00111100000010110001001111101001
10111100110000110100011001101011
10111101100101101001100111101100
10111100111010100000101100010111
10111101011101011011101010010101
10111101000101101110000000111011
00111101000000101001110010000000
00111100100110011111001010011100
10111011110111010011111100010101
10111100100111000101100101000101
10111100100011010011001110000100
10111100101010000011111001111101
00111101001100001110111001000110
00111100010100110100001100110001
10111100011010101110110110110111
10111100111100000001001110111000
10111101010100000111100011111011
10111101011110001010000001010001
00111100100001000010001001100100
10111101000000101001100000001011
00111100110111100111101100010000
10111100110101011011000010000111
10111100101001011111110100101001
10111100000001111010100100111101
10111011100100110111000100110101
10111101011111010010111011110011
10111101100100101110001110010001
00111100100100111001101100111010
10111011000011100101000111100010
00111100010110110111101011110000
10111100110110110000011001101100
00111011100011001110111000000011
10111101010111110001010010001100
10111101100000101000000001111000
00111100101010000001100111001101
10111101001111001101110110010011
10111100101000111010111101001101
00111100010011110011111100111001
00111011101000010010000000011000
00111100101100010011010100001001
10111101001110101111111001110000
10111010100110111010000011101100
10111100110101001000110001101110
00111100110011101010110100101011
00111100001110110111110000111110
00111100010111011001000101101001
00111100101101011000000000111011
00111100110010101101100110011011
10111011110110011010101101111010
10111011000111110100001011101011
10111101001110111110010001010100
10111011110110000011111001001100
00111011110000000011001001110101
10111101001001101110001000101111
10111100101110111011001101001000
10111101010000110111111111010001
00111100001001111000001100011100
00111100010011001001011001011011
10111011101101111000110000101110
00111101001010100100011111011100
00111011110100011111101001011000
00111010000111010100010011110101
10111100111010110100000110011101
10111101011001011100111000110101
00111100101011111000111010101011
00111101001101001010010001110010
10111100111000101001010101001011
00111101000100110010011000111010
00111100010001111001011010111111
10111100011101110101100100100000
00111101010110001101011000100001
10111100001011000011110010001110
10111101001111001011111011111011
10111010111101011011100001101000
00111101010110001011100101010010
00111011110110111010001100010100
00111100101011110000100011100011
00111101010100011011100101100011
10111101010010000011101000000110
10111100110101110100100100000011
10111011000110001111110010101100
00111100110001110100000111001001
10111100011001010000000110001001
00111100100010101000011110010001
00111100011001010110010001001010
10111100001001111111010000110100
10111100011011010011111000010100
10111011101110010010101000100100
10111100011010001010000100010111
00111100101110111001000111100101
10111100010001000101111100101111
10111100010100001011110001101110
00111101010011001101010111010011
10111100110100111110100000011000
10111101000101100111011100111011
10111100011100001000110010110110
10111101001010010110010100100110
10111011000011011010100010000000
10111100111100101000110000111010
10111101010010110110001010110111
00111100011001100101101110110000
00111011110001101011100101110000
00111101000110100100111001111111
00111100111010110100110101010000
10111100011101110010101010010101
00111100000011111000010101010101
00111101001000011110111100111010
10111100001101101010100110001000
00111011010000001011110001100010
00111101000101111111011000000010
10111100100010001001110010001011
10111100101111100110110000011001
00111100111001011000000010111011
00111100010010100111001011011110
00111100100010111000100101100110
10111100010001000110001010010101
10111101100001000101010111110001
10111100110110001101011000001110
00111100100100011011001110001111
10111100110011111100101010011001
10111100111010011000111010001011
10111100011011011011011100001100
10111100110101000100101000000100
10111100101111000000101110000100
10111101001000011010101100010110
10111101010001010111101010001000
10111011111111010011011101010010
10111011100011001110100101111010
00111101011101010000010000011101
10111101001101010011100010000001
10111100110010010000001001000111
00111011101101110110011010001101
00111101001010011000000000001000
10111101000010011100001100001100
10111100110011011110110110100111
10111011100010110111111100001000
10111101011101100001100100011110
10111101011010011011110010011011
00111100011100000011110011011110
10111101001100101100110001001010
10111101001100010110100000100101
00111011101011000001001110110101
10111101000101001011101010000010
00111100101101010101011111111001
10111101011110001010011001010001
00111100110101011010100101000110
00111011001011100000101110101000
00111100111000011101000011110101
10111100100011000111011010111110
10111100000001110110001011111100
10111100111000101011111100100001
00111100011110110100011000001110
00111100101010110110000111111101
00111100101101111010010111101010
00111010100011101101101101101110
00111101001100111111011000110111
00111100110100100000000000001000
10111101000111101111001001000101
10111011110101011100101011111101
10111101100000010000111010101110
10111101000110100000111100011000
10111101010100101100001101100001
10111100001110001111011011001101
00111100101101011101111110110011
10111100111111100010110111100011
00111011110000110000010111111100
00111100000011101010110011111010
10111100011000100111111110000001
10111100111010110111101011011101
10111100110001101001101010000001
10111101100101010100110001011110
00111101001000011000111011101011
00111011011111011111010100111011
10111100110110101000111011000000
00111100101110110100101000011000
00111101010101001110111011000100
00111100110110110001011010101011
10111011011010100000010101010100
10111101001100100000000100110010
00111100000111011100010100011101
10111100100110110011010000110001
10111101000100000001111011010110
10111100010111001001010011011011
10111100101111110000010101110000
00111100001010101010111100110101
10111011100100111111101111000001
10111101000111111110101000011101
00111100001001001100011110111111
10111100011110101111010001111000
10111100111101110101010111101101
10111100100011000100001001011010
00111100100011110001110001001011
00111100111110101101111000000111
00111100110001010110011001001110
10111100010100011100110001111101
00111001101111110001001110111011
00111100011010110110110101111111
00111101001110101001001001011100
10111101001100010010111001100100
10111100001000110101100010101000
10111101000101001101100111011010
00111100000100111011100110110100
00111100000110110101100001010111
10111100101000010001000111101111
00111101001101100110101110001010
00111100110001100101010000110111
10111101100010011000100010011001
10111101100001001101001100111011
10111101010110111000100110000111
10111100000111101011110011110110
10111101001001011000001110001010
00111100001001010100000011000001
10111101000100010001011011101110
10111100000011111001011000001001
00111100111110111101000100110010
10111100101010010000011111011011
00111011001000000000110111110100
10111100001111010101011000111010
10111100011111001001011001100101
10111101001111101110010001111110
00111100011001110101100001011000
10111101010010000010011000010001
10111100001110001111101100111111
00111101001110110010101100111100
00111100100111101001000010001000
00111100110000011000101101011010
10111100001101100100010110000000
10111100101110111111100001101010
00111101000101101001011100110101
00111100011010000000010001101100
10111100001101000110010010010001
10111100111110011000111010010111
10111101000111100011011111000001
00111011000110101110011100110100
10111101000110110110000000001101
10111101000100000011011101000100
00111010100000110100011001000111
00111100100011100010011101011010
10111101001010100001101110011001
00111100100011010111100011011011
10111011111101011010001100110101
00111100100000011010110001011100
10111101100000001011001011100100
00111100101110010100010000100000
10111100010010110110011110011111
10111011011010110111001001100110
10111101001110011001100011010000
00111101000101100110100111110110
10111100100011101001010111111000
10111011010110111010111001001111
10111100001011101111111010101001
00111101001010000100110011101011
10111100100110110001010011010111
00111101010010110010011010100100
10111100111101111000001101101000
10111100110101000011001110111110
00111100000001110111010001111011
10111000111110100001001010100001
10111100101000101011100100010000
00111100010010111001011111101100
10111011111000101100001001001101
10111010010000111100010111101110
00111101000001000000010010111111
10111100101010110010101100010101
10111101001111101100010001110011
00111011001100000100001010111011
10111011110001110111000101000100
00111100010010110011001001111110
00111100111000101110111000010011
00111011101100011100100101100011
00111100110010001111110010110001
